res1,res2,delta,Cscore,Real
6,112,106,-0.12179083191648125,True
8,114,106,-0.13983349241752177,True
5,111,106,-0.14563636142969133,True
3,109,106,-0.14706550889313222,True
10,118,108,-0.14886408218204977,True
10,116,106,-0.1510231078913808,True
134,158,24,-0.15452809890851377,True
7,114,107,-0.15455916257441044,False
4,110,106,-0.15531658956646918,True
5,110,105,-0.15609210806727408,True
110,156,46,-0.15617668212413788,True
3,108,105,-0.15791365498065948,True
4,109,105,-0.15932639341831206,True
135,157,22,-0.16073790510654448,False
135,156,21,-0.1622009477774799,True
41,60,19,-0.16289272958040238,True
136,156,20,-0.1659422992900014,True
111,156,45,-0.16617817081205546,False
3,110,107,-0.16801183342456819,True
6,111,105,-0.1689201013201475,True
39,58,19,-0.16920606069266797,True
10,117,107,-0.16936259345203636,True
111,155,44,-0.16937025223866103,True
5,112,107,-0.1707026358127594,True
7,113,106,-0.1724500045800209,True
41,93,52,-0.17278009315013884,True
13,121,108,-0.17320087829172612,True
136,155,19,-0.17348836556464434,True
40,60,20,-0.1766037003195286,True
4,108,104,-0.1767846463394165,False
6,113,107,-0.17905222195148468,True
9,116,107,-0.17979450739264488,False
139,153,14,-0.1804960606005788,True
36,56,20,-0.18058232759833337,True
137,155,18,-0.18086635577984153,True
7,112,105,-0.18123506108641624,True
110,157,47,-0.18125851767003537,False
134,157,23,-0.18181681837569924,True
113,153,40,-0.18714276171967387,True
42,94,52,-0.1875771207523346,True
112,154,42,-0.18768109380677342,True
138,153,15,-0.18827820758774877,True
40,59,19,-0.18941230735063552,True
8,115,107,-0.19176158429548146,True
41,61,20,-0.1942400393819809,True
116,150,34,-0.1946117017275095,True
110,158,48,-0.1946183410310745,False
136,157,21,-0.19500710220694542,True
109,157,48,-0.19529483030974865,True
11,118,107,-0.19574700692117214,False
112,155,43,-0.19771834388807416,True
143,149,6,-0.19809439523696898,True
61,74,13,-0.1983450952267647,True
112,156,44,-0.1999837247630954,True
109,158,49,-0.20238949420452118,True
42,95,53,-0.20243492662906645,True
109,156,47,-0.202475088095665,True
4,111,107,-0.20266102988719942,True
2,107,105,-0.20320967485666275,True
60,73,13,-0.20447469307422636,True
114,153,39,-0.20564961373418572,False
114,152,38,-0.2064081339022517,True
3,111,108,-0.20905077966451646,True
41,94,53,-0.20978756183624267,True
8,113,105,-0.210507578445673,True
144,149,5,-0.2105939674663544,False
142,150,8,-0.2108500260680914,True
6,110,104,-0.2117785547244549,True
61,73,12,-0.21219509441852571,True
60,74,14,-0.21245342890262603,True
4,107,103,-0.214713799598217,True
133,158,25,-0.21602659985750913,True
113,154,41,-0.21648955945666878,True
9,115,106,-0.2186105973803997,True
140,152,12,-0.2194040201333165,True
141,151,10,-0.2195311947891116,True
9,117,108,-0.21989549614876508,True
7,115,108,-0.22059960289776326,True
63,76,13,-0.22082163489341738,True
39,59,20,-0.22266127432346344,False
3,107,104,-0.2230682398891449,True
111,154,43,-0.22438014156520367,False
115,152,37,-0.22780499664120377,False
143,148,5,-0.22797590696334838,True
143,150,7,-0.2283029455322027,True
40,92,52,-0.22874603807926178,True
117,150,33,-0.2289648269402981,False
140,153,13,-0.23143771005392075,False
9,114,105,-0.23164064881384375,False
2,108,106,-0.23241387088537216,True
139,152,13,-0.23279751540586352,True
138,154,16,-0.23285040647141636,True
60,75,15,-0.23345034021377561,True
40,91,51,-0.23371248425364494,False
39,91,52,-0.23386109657764434,True
40,93,53,-0.23413409779548644,True
137,154,17,-0.23488549941048026,True
63,74,11,-0.23598939142704012,True
42,61,19,-0.23763051654815676,True
116,151,35,-0.24038055863954128,True
41,92,51,-0.24214003062725067,True
136,154,18,-0.24341591066718102,False
43,95,52,-0.24373813235759734,True
9,118,109,-0.24538418334960937,True
115,151,36,-0.24539485734581948,True
134,159,25,-0.24557038964390757,True
41,59,18,-0.2458862715816498,False
138,152,14,-0.24621073021769524,True
61,72,11,-0.24901397752285,True
42,62,20,-0.24968367736816405,True
133,159,26,-0.254015969183445,True
140,151,11,-0.2543407442253828,True
41,91,50,-0.2553319331920147,True
39,92,53,-0.25872983397483823,True
134,156,22,-0.2601622688782215,True
38,92,54,-0.26054360056638715,True
36,57,21,-0.261065512547493,True
141,150,9,-0.26145423712253574,True
142,151,9,-0.2621717594337464,False
63,68,5,-0.26302031804561615,False
13,120,107,-0.2635250013542175,True
1,108,107,-0.2643784987640381,True
43,62,19,-0.2677887607860565,True
38,58,20,-0.26828253144741054,True
117,149,32,-0.2683765213191509,True
109,155,46,-0.2696741803836823,True
110,155,45,-0.2698983321905136,True
42,60,18,-0.2717579271697998,True
141,152,11,-0.27260512940049175,True
114,154,40,-0.27327898808799683,True
40,58,18,-0.2747893573284149,True
58,73,15,-0.27795213855743406,True
10,119,109,-0.27858523711681366,True
60,72,12,-0.27937042420864105,True
111,153,42,-0.2796270900440216,False
61,75,14,-0.28096661918640137,True
62,74,12,-0.28178479528427125,False
39,57,18,-0.2821491431999207,True
135,154,19,-0.2846547880411148,True
25,147,122,-0.2895607855796814,True
38,90,52,-0.29039879873275753,True
116,149,33,-0.2911708464598656,True
42,93,51,-0.29396750725746157,True
8,112,104,-0.29659087890505786,True
142,149,7,-0.29736260807037357,False
40,94,54,-0.2974485004234314,True
138,155,17,-0.297690307456851,True
26,147,121,-0.2980265635871887,True
116,152,36,-0.2986262010917068,False
63,75,12,-0.3008603805351257,True
113,152,39,-0.3031842810845375,True
38,91,53,-0.30561400468587874,True
62,76,14,-0.30609781142234804,True
43,61,18,-0.3065051353788376,True
135,155,20,-0.30780391690969466,True
39,90,51,-0.310235310151577,False
112,153,41,-0.312090080678463,True
62,75,13,-0.31403400661468506,True
11,119,108,-0.31873534925460817,False
39,60,21,-0.32030662629127504,True
1,107,106,-0.3230312588310242,False
3,92,89,-0.32447552546978,True
10,115,105,-0.3271190383386612,False
9,119,110,-0.32728961258888245,True
44,64,20,-0.3293624089241028,False
139,154,15,-0.3339912730538845,True
108,158,50,-0.33569347031116487,True
63,69,6,-0.3366240407943725,False
132,158,26,-0.33806282305717467,True
44,63,19,-0.34119439434051513,True
26,151,125,-0.3437604970264435,True
5,113,108,-0.34466018842697144,False
44,62,18,-0.34594491479873657,False
59,73,14,-0.34840821283340456,True
115,150,35,-0.34975447521686553,True
37,56,19,-0.3499383003711701,True
135,158,23,-0.35077017824172974,False
118,149,31,-0.3508657086110115,False
43,63,20,-0.3519449249267578,True
3,91,88,-0.3527245590209961,True
13,124,111,-0.35336431073188784,True
108,159,51,-0.3567650282669067,False
133,157,24,-0.3570348079419136,True
45,64,19,-0.3571754242324829,False
37,57,20,-0.35730434422492985,True
132,159,27,-0.357928756878376,True
144,150,6,-0.3581556760406494,False
25,146,121,-0.3586046285057068,True
27,151,124,-0.35867935068130496,True
40,61,21,-0.3596444031715393,False
43,94,51,-0.3607802797317505,False
16,120,104,-0.3654361962413788,False
140,150,10,-0.3700053518152237,True
137,156,19,-0.37306753681182864,False
41,62,21,-0.3750784498977661,True
43,96,53,-0.3755172638893127,True
3,90,87,-0.3818116976261139,True
76,81,5,-0.38348644859313963,False
2,109,107,-0.383522210111618,True
141,153,12,-0.3847306381416321,True
12,118,106,-0.3850383469009399,False
114,151,37,-0.3859621247124672,True
26,148,122,-0.38627522584915164,False
38,89,51,-0.39028373083114626,False
68,74,6,-0.3902956367874145,False
2,91,89,-0.39037419310092925,True
38,57,19,-0.40763743487358095,True
75,80,5,-0.4101610514831543,True
27,153,126,-0.41357316822052004,False
8,13,5,-0.41561162454605105,True
2,90,88,-0.4160447868347168,False
59,72,13,-0.416501125164032,True
11,117,106,-0.41710179145812987,False
42,96,54,-0.4205911709594726,True
108,157,49,-0.4206323711395264,True
45,65,20,-0.420908762626648,False
64,76,12,-0.42305962078094483,True
12,120,108,-0.4251346686172486,False
133,156,23,-0.4261145187902451,True
8,116,108,-0.43015312768936154,False
113,151,38,-0.4311107693290711,True
4,92,88,-0.4343891432189942,True
75,81,6,-0.4373067860889435,True
30,155,125,-0.4374115982341767,False
35,56,21,-0.438216977853775,False
62,77,15,-0.4383677014541626,True
16,122,106,-0.4416726076889038,True
143,151,8,-0.4433168148803711,True
6,114,108,-0.44432414537429815,False
67,74,7,-0.4450150297927856,True
12,119,107,-0.4456254029083252,False
115,149,34,-0.4459743199729919,True
66,76,10,-0.44608411287307737,False
3,93,90,-0.4476068151664734,True
62,68,6,-0.4485711654663086,False
42,63,21,-0.4490678143692016,False
12,121,109,-0.4507055355262756,False
69,74,5,-0.4517500375747681,True
26,144,118,-0.45398845527648923,False
44,65,21,-0.4548563394927979,True
58,72,14,-0.457506330947876,False
26,146,120,-0.46191312515258787,True
39,89,50,-0.46661903980255126,False
14,121,107,-0.46977590826034543,False
107,159,52,-0.4711410702133179,False
38,59,21,-0.47174670726776124,False
36,55,19,-0.4753540663528442,True
35,57,22,-0.4759153908634186,True
23,28,5,-0.4765980906105042,False
118,150,32,-0.47774992645263675,False
5,92,87,-0.47811686990737917,True
25,148,123,-0.4790065408706665,False
117,148,31,-0.47910050458908077,False
2,92,90,-0.4794579836463928,False
37,58,21,-0.4812364002418518,False
48,68,20,-0.48317296091079714,False
63,77,14,-0.48367146230697633,False
24,147,123,-0.4852200575065613,True
25,144,119,-0.48620969078063964,False
5,109,104,-0.4871477635574341,False
7,12,5,-0.49421752666473384,False
1,90,89,-0.5000800009918213,True
35,55,20,-0.5007469674873353,False
40,57,17,-0.5025964945983887,True
78,103,25,-0.5074373141479492,True
68,73,5,-0.5082910148620605,False
44,61,17,-0.5189343318176269,True
10,114,104,-0.519115721206665,False
4,93,89,-0.5191660048770904,True
118,148,30,-0.5212661270141601,False
39,88,49,-0.5214462880516052,True
64,69,5,-0.5249229792594909,False
65,76,11,-0.5259960502624511,False
42,59,17,-0.5266819681167603,True
142,148,6,-0.526744128189087,False
41,58,17,-0.5321685160446167,False
16,121,105,-0.536701117401123,True
30,153,123,-0.5381262832641601,True
16,123,107,-0.5388683875656127,True
1,109,108,-0.539103355102539,True
45,63,18,-0.5395816115570068,False
43,60,17,-0.5447470346832276,False
109,159,50,-0.5465925735664368,False
41,95,54,-0.5496455877685547,True
53,59,6,-0.5519640733337402,True
36,58,22,-0.5525072930908203,False
24,148,124,-0.555772578086853,True
27,152,125,-0.5563989362335204,False
11,116,105,-0.558477154788971,False
137,153,16,-0.5597324914550781,True
62,73,11,-0.5617344398880004,False
26,145,119,-0.5617903828811646,False
38,88,50,-0.5622971294021607,True
110,128,18,-0.5634105211257935,True
97,102,5,-0.5660630389785767,False
107,158,51,-0.5662669009590149,True
115,153,38,-0.56630461227417,False
111,157,46,-0.5674524214935303,False
61,71,10,-0.5694154971122741,False
32,55,23,-0.5707183866119385,False
5,93,88,-0.5727433540439606,True
16,21,5,-0.5743189719772339,False
66,74,8,-0.5761865251350403,True
38,56,18,-0.5774399264526366,False
14,120,106,-0.577991735496521,False
68,75,7,-0.5855696263504029,False
24,146,122,-0.586408472328186,False
45,62,17,-0.5864913053131103,False
39,56,17,-0.5889753839111329,False
60,76,16,-0.5931688836669922,False
13,123,110,-0.5940873189926148,True
62,69,7,-0.5943667950630188,False
2,93,91,-0.5945916655158997,True
62,99,37,-0.5951433212280273,True
106,159,53,-0.5967114102554321,False
64,98,34,-0.5982736248016358,False
12,124,112,-0.5996876273536682,True
63,73,10,-0.5997181315994263,False
13,122,109,-0.6003578566741943,False
117,151,34,-0.6004580288124084,False
64,77,13,-0.6074662112426757,False
11,120,109,-0.6105607011795045,False
61,76,15,-0.6121246018600465,False
35,54,19,-0.6131973990631103,True
10,121,111,-0.6155617537117004,False
27,154,127,-0.6164922075271606,False
4,103,99,-0.6173301358032226,True
135,159,24,-0.6184829315567016,False
44,95,51,-0.6187213167381287,False
119,149,30,-0.626242558002472,False
6,12,6,-0.6290876594543457,False
2,106,104,-0.6294754946517944,True
113,155,42,-0.6300316050434113,False
1,91,90,-0.6362070105361939,True
43,64,21,-0.6389712628936768,False
119,148,29,-0.6468127100563049,False
4,112,108,-0.6500792814064026,False
15,123,108,-0.650090171661377,True
24,144,120,-0.6508152245903015,False
25,145,120,-0.6512856634902955,False
66,75,9,-0.6519798048782348,False
75,84,9,-0.6532822780227662,True
53,58,5,-0.6540733870697022,False
9,113,104,-0.6561227615356445,False
9,121,112,-0.6621684592437744,False
26,150,124,-0.6632788772964477,False
67,75,8,-0.6650389146804809,False
23,147,124,-0.6661148127746582,True
65,77,12,-0.6672611494827271,False
23,148,125,-0.6674768243408203,True
13,119,106,-0.6683362079620362,True
28,153,125,-0.6691885078430175,False
17,122,105,-0.6718308966445923,False
63,70,7,-0.671870583190918,False
58,71,13,-0.6721290312957764,False
10,120,110,-0.6741196290588378,False
43,93,50,-0.675259866657257,False
7,111,104,-0.6754906019401551,False
33,55,22,-0.6780986635971069,False
141,149,8,-0.6810042515945435,False
17,123,106,-0.6813411097335815,False
2,110,108,-0.6821337421417237,False
137,157,20,-0.6821857768249512,False
33,56,23,-0.6825983684539795,False
34,55,21,-0.6853920751953125,False
7,116,109,-0.6868666439437866,False
46,65,19,-0.6885868341064454,False
131,158,27,-0.6888937183094025,False
62,72,10,-0.6909660426330566,False
15,21,6,-0.6919719719696045,False
8,117,109,-0.6964307875061035,False
45,98,53,-0.698027170829773,False
139,151,12,-0.7016155692100525,False
44,96,52,-0.7038515432739259,False
36,54,18,-0.7056648584365844,False
27,150,123,-0.7061922640228271,False
26,149,123,-0.7122465019989013,False
52,59,7,-0.713906301460266,False
4,104,100,-0.7168546151733398,True
131,159,28,-0.7171724937057495,False
13,118,105,-0.7176152133560181,False
139,155,16,-0.7194676473999023,False
85,91,6,-0.7226983142852783,True
117,147,30,-0.7228473044967652,False
62,78,16,-0.7249249367141724,True
15,122,107,-0.7255090947341919,False
12,117,105,-0.7258220639419556,False
32,56,24,-0.7258771711730957,False
26,152,126,-0.7279463664245606,False
136,158,22,-0.7290321208572388,False
64,99,35,-0.729517703704834,False
66,77,11,-0.7298284031295776,False
11,121,110,-0.7301897137451172,False
40,90,50,-0.7335434692382813,False
64,74,10,-0.7335526810455322,False
110,159,49,-0.7346969774246216,False
142,152,10,-0.7382366022109985,False
5,108,103,-0.740143787612915,False
46,64,18,-0.7420463600921631,False
79,103,24,-0.7433166641998291,False
142,147,5,-0.7449311407852173,False
15,20,5,-0.7456747234344483,True
61,69,8,-0.7471934745788574,True
50,59,9,-0.7484951289749145,False
62,67,5,-0.7489419579315186,False
7,13,6,-0.7498158811187744,False
52,57,5,-0.7506781479644775,False
9,120,111,-0.7511462116241455,False
54,59,5,-0.7519379537200928,True
79,106,27,-0.7540122648620605,False
60,71,11,-0.7571353595352173,False
28,151,123,-0.7588663307189941,False
53,71,18,-0.7612475869750976,True
15,120,105,-0.7620710387420655,False
64,75,11,-0.7632946073150635,False
107,157,50,-0.7641407492828369,False
67,73,6,-0.7644007488250733,False
15,121,106,-0.7661067885589599,True
69,75,6,-0.7663041264343262,False
78,102,24,-0.766779808692932,True
67,76,9,-0.7674696165466308,False
14,124,110,-0.7750035613250732,True
48,69,21,-0.7771342164993287,False
32,54,22,-0.7779732024765015,False
5,94,89,-0.7781998932266235,True
6,115,109,-0.7795036405181885,False
18,123,105,-0.7805503605651856,False
1,106,105,-0.7852248741912842,False
45,61,16,-0.7853153464508057,False
47,68,21,-0.7858710097503663,False
64,78,14,-0.7879325122833252,False
47,72,25,-0.7889632434844971,True
59,71,12,-0.7899473349189758,True
34,56,22,-0.7900981769180297,False
51,59,8,-0.7928808716201783,False
85,90,5,-0.7944097945404053,False
67,72,5,-0.7944774990081787,False
14,123,109,-0.7951136455917358,True
35,40,5,-0.7951237238311768,True
30,154,124,-0.7962790453338624,False
105,159,54,-0.7968605790710449,False
65,75,10,-0.797883684310913,False
22,27,5,-0.7997044514465331,False
59,74,15,-0.8004607295989989,False
28,152,124,-0.8015089929962158,False
86,91,5,-0.8030168390655519,False
37,59,22,-0.8044266734695433,False
9,14,5,-0.8047915337753295,True
59,75,16,-0.8052888661193848,False
63,72,9,-0.8068602088546752,False
82,91,9,-0.8077946032714843,True
4,106,102,-0.8089840996551514,False
61,70,9,-0.8094862446212769,False
137,152,15,-0.8098543325424193,False
21,121,100,-0.8101123796844483,False
63,78,15,-0.8104187097930907,False
47,52,5,-0.8111966869354248,False
119,147,28,-0.8116094940567017,False
57,71,14,-0.811888571548462,False
24,145,121,-0.8123284804916382,False
14,122,108,-0.8160393255233764,False
65,74,9,-0.8165776860046388,False
26,143,117,-0.8187539230537414,False
39,93,54,-0.8200836437225341,False
25,149,124,-0.821687416229248,False
27,147,120,-0.8249885874938965,True
33,57,24,-0.826053473777771,False
144,151,7,-0.8264566065216064,False
6,109,103,-0.8270909010314942,False
22,119,97,-0.8279892948150636,True
61,77,16,-0.8313426497650147,False
32,57,25,-0.831656406059265,False
141,148,7,-0.8352975032806397,False
61,68,7,-0.8364261289978028,False
34,39,5,-0.8383355810928345,False
64,70,6,-0.8386035320281982,False
31,155,124,-0.8402922137451172,False
12,123,111,-0.8430254124450685,False
118,147,29,-0.8437614667510986,False
96,101,5,-0.8448440787506103,False
45,66,21,-0.8486024489593506,False
25,151,126,-0.8487960451507568,False
17,120,103,-0.854661247024536,False
62,98,36,-0.8552911824035645,False
116,148,32,-0.855700157699585,False
4,94,90,-0.8574506581878663,True
57,72,15,-0.8598219324493408,False
119,146,27,-0.8614036142349242,False
1,110,109,-0.862838684463501,False
18,122,104,-0.8658518534851074,False
52,58,6,-0.8661193558502198,False
112,157,45,-0.8673275946807861,False
45,95,50,-0.8677622023391723,False
26,153,127,-0.8685962886047364,False
27,155,128,-0.8689346855545044,False
53,72,19,-0.8699996824264525,True
70,75,5,-0.8701682460021972,False
23,149,126,-0.8733615808105469,True
111,158,47,-0.8738262353515625,False
27,144,117,-0.8738865813446045,False
34,92,58,-0.874987846069336,True
40,62,22,-0.8759695515441894,False
39,61,22,-0.8767664212036133,False
60,70,10,-0.8780936669158935,False
3,112,109,-0.8793981940460205,False
4,100,96,-0.8817664847946167,True
47,65,18,-0.8817699259185791,False
26,142,116,-0.8819970427703858,False
47,61,14,-0.8823892126464845,True
17,121,104,-0.8825582889175415,False
14,21,7,-0.8827289767456055,False
62,70,8,-0.8833676399230956,False
30,156,126,-0.8852589472961426,False
78,99,21,-0.8861445962524414,False
21,120,99,-0.8877319616699217,False
26,141,115,-0.8898883499908447,True
63,71,8,-0.8920277262878418,False
1,89,88,-0.893971609802246,True
41,57,16,-0.8947222987365724,False
93,99,6,-0.8973484426879883,True
81,103,22,-0.8988150297164917,False
112,125,13,-0.8989580416107177,False
60,69,9,-0.8990865988922119,False
23,146,123,-0.9011226328277587,True
1,92,91,-0.9017343372344971,False
29,153,124,-0.907835001296997,False
21,119,98,-0.9091408470153809,True
94,99,5,-0.9102988856506349,False
27,145,118,-0.9111718417358399,False
2,103,101,-0.9113413115310669,True
113,156,43,-0.9124978513336182,False
24,29,5,-0.9141817419815064,False
93,103,10,-0.9156829946899414,True
15,22,7,-0.9171835298919678,False
27,146,119,-0.9185683430480956,False
98,103,5,-0.9185760958099365,False
119,150,31,-0.9187870068359375,False
57,73,16,-0.9188382942199708,False
34,57,23,-0.9190225677490235,False
37,55,18,-0.9192682569122315,False
5,107,102,-0.9196261922454834,False
34,54,20,-0.9215448529815674,False
24,149,125,-0.9219120340728759,True
106,158,52,-0.9224098356628417,False
68,76,8,-0.9239539317321777,False
13,125,112,-0.9243356745529174,False
108,156,48,-0.9247336516571044,False
58,74,16,-0.9247400933837892,False
60,84,24,-0.9251522048187256,True
44,66,22,-0.9252199753570556,False
46,68,22,-0.9263452142333983,False
116,153,37,-0.9267573004150391,False
62,71,9,-0.9272696573257446,False
42,58,16,-0.9277312676239013,False
6,125,119,-0.928735403137207,True
41,63,22,-0.9290558835601808,False
20,122,102,-0.9292081582641603,False
4,91,87,-0.9300494306945801,False
20,121,101,-0.9301333317947387,False
44,60,16,-0.9301985705566406,False
63,98,35,-0.9302261650848388,False
42,64,22,-0.9325942516326904,False
111,128,17,-0.9330109357452393,False
42,92,50,-0.9380077463912964,False
39,87,48,-0.9390652626037598,False
45,96,51,-0.9415222231292726,True
38,60,22,-0.9431338157653808,False
12,116,104,-0.9466879960632324,False
7,110,103,-0.9509515819549561,False
46,66,20,-0.9520618283081055,False
20,28,8,-0.9530474761199951,False
145,150,5,-0.9534510511016846,False
115,154,39,-0.9561511075592041,False
41,90,49,-0.9569050081253051,False
114,123,9,-0.9573120277404785,False
111,125,14,-0.9589280908203126,False
43,97,54,-0.9597848944854735,False
37,92,55,-0.9602986490631104,False
46,61,15,-0.9605820048522948,False
48,65,17,-0.9605987015533447,False
27,148,121,-0.9614001660919189,False
3,103,100,-0.9622017007446289,False
2,104,102,-0.9622831260681153,False
12,127,115,-0.962316466369629,True
36,59,23,-0.9653455597686766,False
65,78,13,-0.9654146451568604,False
43,59,16,-0.9668819142913818,False
3,106,103,-0.9672783932495117,False
49,59,10,-0.9677108239746094,False
7,117,110,-0.9697025914764404,False
6,13,7,-0.9705187258148193,False
46,51,5,-0.9711546657562256,False
60,85,25,-0.9720864462280273,True
141,147,6,-0.9738418255615235,True
7,14,7,-0.9738555490493775,True
46,63,17,-0.973979234161377,False
3,89,86,-0.9746036311340331,False
27,149,122,-0.9761654241943359,False
19,122,103,-0.9785862177658082,False
37,89,52,-0.9789333596801757,False
29,155,126,-0.9794121889877319,False
51,57,6,-0.9802067456054688,False
16,124,108,-0.9806477247619629,False
35,92,57,-0.9812133388519287,True
19,123,104,-0.9816367365646362,False
6,14,8,-0.9826246264266969,True
1,93,92,-0.9832429169464112,False
35,58,23,-0.9832820475006103,False
2,89,87,-0.9833903849029542,False
47,69,22,-0.9835775844573975,False
25,143,118,-0.9856097167205811,False
2,111,109,-0.985936874923706,False
62,81,19,-0.9859552432632446,True
139,150,11,-0.9860253789138793,False
46,62,16,-0.9860688624572754,False
33,54,21,-0.9896871231079102,False
122,127,5,-0.9903461427307129,False
40,89,49,-0.990595859451294,False
95,100,5,-0.9923242855834961,True
101,125,24,-0.992694511642456,False
113,125,12,-0.9935173719024657,False
114,124,10,-0.9935572660064697,False
22,28,6,-0.9938132982635498,False
114,155,41,-0.9945042686462402,False
20,120,100,-0.9948141890335084,False
35,53,18,-0.9949301486206055,False
15,124,109,-0.9950198818206786,False
47,64,17,-0.9957470964813233,False
6,94,88,-0.9964566512298584,True
40,88,48,-0.9983273035430908,False
11,115,104,-0.9983893826293946,False
114,125,11,-0.9988349620056152,False
44,98,54,-0.9996726987457276,False
4,90,86,-1.0013763620758058,False
38,93,55,-1.0014606601715088,False
60,81,21,-1.0047481465911865,True
66,73,7,-1.0064195106506348,False
48,64,16,-1.009134835357666,False
117,152,35,-1.0108744304656982,False
78,106,28,-1.0112509501647948,False
49,68,19,-1.0128212393951417,False
40,56,16,-1.0138390921783447,False
140,154,14,-1.0140715688323974,False
12,122,110,-1.0141473794555664,False
63,99,36,-1.0146307656097413,False
47,59,12,-1.016397999267578,True
49,54,5,-1.0182554471588134,False
44,97,53,-1.01930903465271,False
132,157,25,-1.0211518661499024,False
16,22,6,-1.0212619473266602,False
5,95,90,-1.0213215018844604,False
118,151,33,-1.0228879153823853,False
8,14,6,-1.0230467687225342,True
62,96,34,-1.0257263079071044,False
39,85,46,-1.0259322797393797,True
20,123,103,-1.0271935277938842,False
138,151,13,-1.0279580820465086,False
136,159,23,-1.0280292198181153,False
47,53,6,-1.0281076543426513,False
22,120,98,-1.02913640914917,False
112,127,15,-1.0299510469055178,False
67,77,10,-1.0299571462249755,False
110,127,17,-1.032473588027954,False
64,79,15,-1.0337421296691895,False
8,111,103,-1.0341408060073853,False
51,56,5,-1.034187709274292,False
62,80,18,-1.0344464485931397,False
21,122,101,-1.0365163672637938,False
37,88,51,-1.0365491802215576,False
1,104,103,-1.038130918197632,False
112,128,16,-1.0382282843017578,False
37,90,53,-1.0382588380813598,False
43,65,22,-1.0384691812896727,False
40,95,55,-1.03895320854187,False
45,68,23,-1.0393223178863527,False
38,43,5,-1.0407784156799316,False
120,146,26,-1.0419167439270018,False
65,70,5,-1.0419452626037597,False
30,152,122,-1.0420389762115478,False
79,84,5,-1.0424051706695558,False
27,141,114,-1.0430070417022705,False
31,94,63,-1.0451110446929932,True
8,118,110,-1.0451640898132324,False
13,21,8,-1.0456906160736084,False
62,102,40,-1.0478615380859375,True
28,154,126,-1.0479887475585938,False
64,71,7,-1.0487506454467774,False
48,61,13,-1.0495300978851319,False
50,60,10,-1.0495554090118409,False
1,103,102,-1.0500334519958496,False
62,79,17,-1.0540623371887208,False
100,125,25,-1.054374715042114,True
13,117,104,-1.0549417178344727,False
19,121,102,-1.0556794948577881,False
25,150,125,-1.05681367767334,False
10,122,112,-1.0576163313293456,False
59,70,11,-1.057663950958252,False
5,100,95,-1.0582339168548585,False
118,146,28,-1.058934331512451,False
45,97,52,-1.0595054019927979,False
58,75,17,-1.0596498892974853,False
60,77,17,-1.0600672078704834,False
24,151,127,-1.061403815460205,True
117,146,29,-1.0625745345306397,False
17,22,5,-1.0627660110473633,False
82,87,5,-1.064251239013672,False
5,114,109,-1.0652864218902587,False
36,53,17,-1.0676716702270508,False
47,62,15,-1.0677405268859863,False
112,126,14,-1.0683371936798096,False
140,149,9,-1.068792444076538,False
58,70,12,-1.0691684075164796,False
41,81,40,-1.070040429458618,True
47,60,13,-1.070069782180786,False
51,58,7,-1.0703243919372558,False
138,156,18,-1.0710660033416748,False
41,96,55,-1.0713809700012207,False
38,87,49,-1.072580163116455,False
45,99,54,-1.073343916168213,False
14,20,6,-1.07419487991333,False
49,61,12,-1.074624005050659,False
114,126,12,-1.0749745932006836,False
54,71,17,-1.0753105094909667,False
63,79,16,-1.0756111474609376,False
115,123,8,-1.0758574674224852,False
120,147,27,-1.0768400788497925,False
100,105,5,-1.0778528914642334,False
128,133,5,-1.0779495951080322,True
125,130,5,-1.0782534922027587,False
66,78,12,-1.0803587567901611,False
93,98,5,-1.0817675722503661,False
21,26,5,-1.0822873316192627,False
113,126,13,-1.0857174671936036,False
50,72,22,-1.0872222249603272,False
50,61,11,-1.0882070574951173,False
97,123,26,-1.0897505980682374,True
6,93,87,-1.0909767179489136,False
130,159,29,-1.0910411276245118,False
18,121,103,-1.0944254906463624,False
28,150,122,-1.0958172727966309,False
110,125,15,-1.0973030752563475,False
110,129,19,-1.0991377621459961,False
78,83,5,-1.0991902606201172,False
64,73,9,-1.1033361652374267,False
14,22,8,-1.1044692296600342,False
82,106,24,-1.1056743562316895,False
6,95,89,-1.1071765098571777,True
20,25,5,-1.1093839863586425,False
56,71,15,-1.1094178333282472,False
32,53,21,-1.110085902709961,False
74,81,7,-1.1105209518432617,False
61,67,6,-1.1106709438323974,True
19,24,5,-1.1111620038604735,False
22,121,99,-1.1116082189559937,False
1,111,110,-1.111899112701416,False
74,80,6,-1.1143117993164062,False
57,70,13,-1.1152957010650635,False
99,104,5,-1.1155001774597166,False
48,72,24,-1.1168699436187743,False
104,128,24,-1.1172838729858399,True
32,37,5,-1.1175231169891358,False
62,95,33,-1.118672817993164,False
3,94,91,-1.1206871390533446,False
1,6,5,-1.121600401535034,False
96,102,6,-1.1216521125793457,False
59,76,17,-1.1232265892028808,False
1,105,104,-1.1234571800231934,False
14,119,105,-1.124664670829773,False
101,126,25,-1.125411015739441,True
39,94,55,-1.1267561087799072,False
12,125,113,-1.1274643205261232,True
53,70,17,-1.1275687252044677,False
27,142,115,-1.1290718252563476,False
27,143,116,-1.1301968888092042,False
17,124,107,-1.1302562709808348,False
23,151,128,-1.130534201965332,False
31,156,125,-1.1309321788024902,False
24,143,119,-1.132378445892334,False
111,126,15,-1.1328035217285157,False
61,78,17,-1.1328198682403565,False
104,159,55,-1.1331182430267333,False
52,72,20,-1.1337486081695558,False
64,72,8,-1.1361633547973633,False
49,60,11,-1.1362250515747072,False
63,96,33,-1.1373178295898438,False
44,94,50,-1.1376620752716065,False
48,59,11,-1.1382962854003906,False
47,63,16,-1.1391222727966308,False
62,103,41,-1.1404537768554688,False
75,82,7,-1.1428013087463378,False
21,27,6,-1.1430543537139892,False
24,150,126,-1.1430921076202394,False
111,127,16,-1.1439036515045164,False
120,145,25,-1.1455640637207032,False
95,101,6,-1.1457056971740722,False
83,88,5,-1.1460141411590576,False
6,11,5,-1.146138703918457,False
25,30,5,-1.1467834719085694,False
6,92,86,-1.1472373802948,False
10,124,114,-1.1476885314178467,False
123,128,5,-1.1479908618164063,False
119,145,26,-1.1487439171600342,False
21,28,7,-1.148897490158081,False
28,155,127,-1.1495023085784912,False
113,127,14,-1.1495029993438721,False
23,119,96,-1.1502290001296998,False
9,124,115,-1.1520208518218993,False
23,29,6,-1.1527893631744386,False
69,76,7,-1.1536195030975342,False
47,66,19,-1.153995661239624,False
37,91,54,-1.1542330094146729,False
5,91,86,-1.154440927581787,False
45,60,15,-1.1558588824462892,False
3,104,101,-1.1559540242004396,False
31,153,122,-1.1562469665527344,False
142,153,11,-1.1564084725952148,False
9,112,103,-1.157669347305298,False
73,84,11,-1.1577501125335694,True
9,122,113,-1.1581441970062256,False
34,159,125,-1.158365573425293,False
82,92,10,-1.1591418933868407,False
84,89,5,-1.159490320892334,False
51,72,21,-1.1606838465118408,False
79,102,23,-1.161217393951416,False
42,97,55,-1.1617621881866456,False
109,128,19,-1.161958879470825,False
7,95,88,-1.1629249940872193,False
23,150,127,-1.163451193084717,False
23,144,121,-1.1643076523590088,False
2,105,103,-1.164684880218506,False
48,53,5,-1.1663383403015135,False
75,83,8,-1.1678712014770507,False
41,85,44,-1.167992582473755,True
54,72,18,-1.168200796661377,False
30,157,127,-1.1690091956329345,False
115,120,5,-1.1698208172607423,False
22,147,125,-1.170385155029297,False
52,71,19,-1.1704722714233398,False
114,127,13,-1.171553161087036,False
8,119,111,-1.1716228900146484,False
115,124,9,-1.171928116912842,False
115,121,6,-1.1742878749847412,False
8,110,102,-1.1753507446289062,False
45,67,22,-1.1755088385772705,False
19,120,101,-1.1757938359832765,False
42,91,49,-1.1759635090637208,False
22,148,126,-1.177178661804199,True
110,126,16,-1.1774103559112548,False
18,23,5,-1.1782863192749022,False
81,91,10,-1.1797005431365968,False
116,147,31,-1.1809907573699951,False
120,148,28,-1.1811378480529784,False
104,126,22,-1.1820349656677247,True
46,67,21,-1.1831548252105712,False
77,82,5,-1.1842071495056152,False
43,98,55,-1.185635935897827,True
7,94,87,-1.1857242930603027,False
74,84,10,-1.186123663635254,False
61,81,20,-1.186193976135254,False
56,72,16,-1.1864456462097168,False
37,42,5,-1.186641855392456,False
22,118,96,-1.187126490058899,False
53,60,7,-1.1889544429016112,False
36,41,5,-1.1896907367706298,False
6,96,90,-1.1897595378112793,True
44,49,5,-1.1912152435302734,False
29,154,125,-1.1915063285827636,False
14,118,104,-1.1918006077575682,False
113,128,15,-1.192133423538208,False
31,55,24,-1.1924508981323243,False
31,157,126,-1.1926266441345215,False
65,79,14,-1.192833128051758,False
11,124,113,-1.1937289322662354,True
31,36,5,-1.195024373779297,False
49,69,20,-1.1958363659667968,False
50,55,5,-1.1958758682250976,False
1,88,87,-1.1964624425506591,False
35,41,6,-1.196788493347168,False
18,120,102,-1.198502975769043,False
1,159,158,-1.1989770108032227,False
7,15,8,-1.1990675994110107,False
115,148,33,-1.2000461466979981,False
31,57,26,-1.2000846903228761,False
23,145,122,-1.2023101615905762,False
76,84,8,-1.2027306088256835,False
10,113,103,-1.2032717568969726,False
33,38,5,-1.2036805847930907,False
105,158,53,-1.2059743497467041,False
64,95,31,-1.2060533958435058,False
62,97,35,-1.206384826889038,False
30,111,81,-1.207021321411133,False
13,18,5,-1.2073601709747315,False
11,114,103,-1.208179231262207,False
84,91,7,-1.208303277282715,False
50,71,21,-1.2101294193267822,False
34,40,6,-1.2103901741790772,False
6,15,9,-1.2125117040252686,False
41,88,47,-1.2132177626800538,False
38,85,47,-1.2133326621246339,False
42,57,15,-1.2135319142150878,False
113,124,11,-1.2141044273376465,False
29,156,127,-1.2142425492095947,False
46,69,23,-1.214777114944458,False
83,91,8,-1.2151807088470459,False
82,103,21,-1.2155694539642334,False
106,157,51,-1.2156277505493165,False
46,60,14,-1.2160490452575683,False
85,92,7,-1.2161585061645508,False
119,124,5,-1.2164314543151855,False
48,67,19,-1.2166942516326904,False
31,54,23,-1.2173633029937743,False
37,54,17,-1.2188958758544923,False
48,62,14,-1.219753939819336,False
5,96,91,-1.2200481399536132,False
80,103,23,-1.2202069702911378,False
12,126,114,-1.2204241984558106,False
94,100,6,-1.220661766357422,False
93,100,7,-1.220922354660034,True
14,19,5,-1.2212988817596435,False
110,130,20,-1.2224215411376953,False
56,70,14,-1.2233942166137695,False
113,123,10,-1.2234192993927002,False
115,125,10,-1.2277789505004884,False
9,15,6,-1.2285748749542236,False
47,67,20,-1.2287672506713867,False
65,73,8,-1.2294590480804444,False
48,63,15,-1.2298602420043945,False
110,154,44,-1.2299686616516112,True
65,71,6,-1.2301692904663086,False
46,59,13,-1.2320341152954102,False
118,123,5,-1.2324103549194336,False
54,70,16,-1.232980327835083,False
111,159,48,-1.2330074137115479,False
75,85,10,-1.2330846383666993,False
25,152,127,-1.23325025100708,False
84,90,6,-1.2334598559570313,False
15,23,8,-1.2335541594696044,False
63,95,32,-1.2344472486114502,False
64,96,32,-1.23545399017334,False
42,47,5,-1.2358202954101563,True
34,111,77,-1.2361321292877196,True
6,108,102,-1.2373815707397462,False
53,73,20,-1.237886734085083,False
66,72,6,-1.2379422269439697,False
86,92,6,-1.2383109220123292,False
35,42,7,-1.2388992513275148,False
131,157,26,-1.2406042173767091,False
59,69,10,-1.2409144354248047,False
57,75,18,-1.241348738708496,False
29,152,123,-1.2425215786743165,False
58,85,27,-1.2433115296936035,True
31,154,123,-1.2435414772033693,False
78,100,22,-1.2451930371093751,False
130,135,5,-1.2458684562683104,True
39,86,47,-1.2461213372039794,True
9,123,114,-1.2463375976562499,False
8,121,113,-1.2463825944519042,False
100,106,6,-1.246665366973877,False
60,68,8,-1.2476904582977295,False
60,83,23,-1.247786747894287,False
116,121,5,-1.2484346347045898,False
134,155,21,-1.249064937286377,False
41,89,48,-1.249479079208374,False
4,113,109,-1.2501946920013427,False
122,128,6,-1.250458897857666,False
34,53,19,-1.2505811561584472,False
76,82,6,-1.251922484817505,False
54,73,19,-1.2544396643829345,False
61,80,19,-1.254579651260376,False
22,149,127,-1.2546424252319337,True
36,92,56,-1.2550527053833007,False
48,60,12,-1.256340104446411,False
55,71,16,-1.2563984770965575,False
20,119,99,-1.2586130124664305,True
44,99,55,-1.2586668904876708,False
131,136,5,-1.2587258280944824,False
44,59,15,-1.258878706817627,False
115,122,7,-1.259655093688965,False
4,95,91,-1.2606520227813722,True
101,106,5,-1.2629383672332763,False
52,60,8,-1.263451413269043,False
28,144,116,-1.2639879029083252,False
114,128,14,-1.264193307800293,False
39,44,5,-1.2642820669555666,False
56,73,17,-1.2643717237854004,False
51,60,9,-1.265249574432373,False
14,125,111,-1.265484380722046,True
46,98,52,-1.2656996578979491,False
64,97,33,-1.2659047311401368,False
47,71,24,-1.2666763874816893,False
60,78,18,-1.2670133931732177,False
20,27,7,-1.2671015272521973,False
12,21,9,-1.267751064224243,False
44,68,24,-1.268844300918579,False
31,158,127,-1.2693609432220458,False
60,80,20,-1.2696504234313966,False
10,123,113,-1.2699826655578614,False
51,61,10,-1.2705224856567383,False
130,158,28,-1.2715104171752931,False
29,151,122,-1.2720805153656005,False
6,100,94,-1.2730740363311768,True
26,140,114,-1.2754726726531982,False
50,58,8,-1.276233501434326,False
1,158,157,-1.2763691482543946,False
67,78,11,-1.2764562997436524,False
9,125,116,-1.2774478870391845,False
12,115,103,-1.277513939743042,False
34,90,56,-1.2803040094757079,False
104,109,5,-1.280704406890869,False
4,105,101,-1.2812641931915283,False
48,70,22,-1.28151054397583,False
33,159,126,-1.281948452758789,False
28,141,113,-1.2826535803222656,False
48,71,23,-1.2829585243225097,False
63,80,17,-1.2833407623291015,False
1,94,93,-1.283365690689087,False
60,82,22,-1.2841256861114503,False
30,137,107,-1.2844626427459718,False
66,71,5,-1.284551798095703,False
10,15,5,-1.2848145330047607,False
127,132,5,-1.2848854568481447,False
13,22,9,-1.2854298905944825,False
112,124,12,-1.2877036698913575,False
65,72,7,-1.2879453277587891,False
55,73,18,-1.2889776616668702,False
35,90,55,-1.2893911911773681,False
137,158,21,-1.28981000869751,False
94,101,7,-1.2899958433532714,False
114,122,8,-1.2901826446533202,False
49,72,23,-1.2902280157470702,False
24,117,93,-1.2924106599807739,False
63,97,34,-1.292925129852295,False
70,76,6,-1.2930023891448976,False
97,103,6,-1.2931343140411378,False
49,71,22,-1.2932800839233398,False
108,155,47,-1.2945003691101076,False
28,147,119,-1.2950851593017578,False
136,153,17,-1.2951246382904054,False
114,150,36,-1.2951571588134765,False
53,69,16,-1.2955705773162842,True
3,100,97,-1.2958321436309814,False
104,125,21,-1.296071841506958,False
66,79,13,-1.2975721374511717,False
95,102,7,-1.299706566619873,False
61,66,5,-1.2998259902191163,False
2,159,157,-1.3005569610595704,False
58,76,18,-1.30173764251709,False
82,93,11,-1.3017792181396484,False
112,158,46,-1.3017842356872558,False
57,74,17,-1.3020267486572266,False
10,125,115,-1.3021000729370118,False
120,149,29,-1.302615160522461,False
51,71,20,-1.303971224899292,False
124,129,5,-1.3059409730529785,False
2,94,92,-1.307705107192993,False
6,126,120,-1.3078390521240233,False
107,128,21,-1.3107370001983643,False
108,128,20,-1.3108745123291015,False
82,88,6,-1.311225777130127,False
40,85,45,-1.3112301850891115,False
101,124,23,-1.311503609008789,False
30,151,121,-1.3125336740112306,False
36,42,6,-1.3127128605651854,False
116,123,7,-1.3131634054565429,False
121,126,5,-1.3142547453308104,False
38,94,56,-1.3156483755493165,False
55,72,17,-1.315720660095215,False
118,145,27,-1.3165629592132568,False
126,131,5,-1.3170900867462159,False
27,32,5,-1.3171108157348634,False
27,140,113,-1.3171682974243164,False
120,125,5,-1.3172411846923828,False
61,79,18,-1.3177818469238283,False
38,55,17,-1.318331901550293,False
46,52,6,-1.3185657989501953,False
110,131,21,-1.318607596359253,False
7,96,89,-1.3190232456207274,False
50,57,7,-1.3197900941467284,False
30,158,128,-1.320025365219116,False
71,76,5,-1.3204094494628906,False
25,142,117,-1.3215806396484375,False
34,93,59,-1.3225936851501465,False
116,122,6,-1.323439442138672,False
94,103,9,-1.323901986846924,False
117,122,5,-1.3247020265197755,False
21,123,102,-1.3252681251525877,False
31,56,25,-1.3275334710693358,False
115,126,11,-1.3282372938537599,False
41,46,5,-1.3282458030700686,False
12,17,5,-1.3292956761932373,False
112,152,40,-1.3294525743103027,True
77,99,22,-1.3303344059753417,False
116,146,30,-1.3318980162048342,False
57,69,12,-1.332530157775879,False
29,141,112,-1.333419126968384,False
23,118,95,-1.3338501772308349,False
34,91,57,-1.3351030445861816,False
114,121,7,-1.3360015081787109,False
33,53,20,-1.3365327893066408,False
38,86,48,-1.3377996591186523,False
37,87,50,-1.3382642340087891,False
30,159,129,-1.3386820255279541,False
32,52,20,-1.3402585000610352,False
50,69,19,-1.3420276789093017,False
1,7,6,-1.3429270932006836,False
47,58,11,-1.34402969039917,False
31,159,128,-1.3440500426483155,False
8,125,117,-1.3445285996246337,True
48,66,18,-1.3445965367126465,False
114,120,6,-1.3459663061523437,False
7,93,86,-1.3462804033660887,False
103,108,5,-1.348033406906128,False
36,88,52,-1.348285249862671,False
35,43,8,-1.3493029231262208,False
29,55,26,-1.3493919146728515,False
11,122,111,-1.34989142578125,False
31,111,80,-1.350563078994751,False
87,92,5,-1.3521890406799317,False
82,90,8,-1.3533209677124023,False
93,102,9,-1.354316086654663,False
24,116,92,-1.3548486740112304,False
39,84,45,-1.3548691024780273,True
45,69,24,-1.3556852389526368,False
18,124,106,-1.3567937545776367,False
34,42,8,-1.3579245971679688,False
47,70,23,-1.358243558731079,False
32,157,125,-1.3582469871520995,False
117,123,6,-1.3582684118652344,False
62,100,38,-1.3586203198242188,False
111,130,19,-1.358649594116211,False
7,118,111,-1.3595943270874025,False
6,97,91,-1.360424459838867,False
34,94,60,-1.3608780694580078,False
58,69,11,-1.3609127153015137,False
145,151,6,-1.3612345767211915,False
117,145,28,-1.3622303456878662,False
44,67,23,-1.3626845191955566,False
32,155,123,-1.3630008392333983,False
20,26,6,-1.3632603576660156,False
33,158,125,-1.363283514251709,False
12,114,102,-1.363610866241455,False
46,72,26,-1.3636434987640382,False
143,152,9,-1.3641048078918456,False
22,150,128,-1.3641982499694825,False
31,95,64,-1.3665357081604004,False
58,84,26,-1.3669320014953612,True
43,57,14,-1.3671556983184814,False
81,86,5,-1.3675835197448731,False
55,70,15,-1.3680874426269531,False
16,23,7,-1.3683152787780761,False
68,77,9,-1.3693211917114259,False
95,103,8,-1.37012442489624,False
46,95,49,-1.3705824668121338,True
93,101,8,-1.3706370031738282,False
16,119,103,-1.370779426498413,False
61,99,38,-1.3711496035766602,False
7,125,118,-1.3712923175811766,False
22,117,95,-1.3714726287841796,True
37,43,6,-1.3715041600036622,False
49,58,9,-1.3724721891784668,False
1,157,156,-1.372625266418457,False
80,85,5,-1.3728824438476563,False
52,61,9,-1.3743805894470216,False
129,134,5,-1.3744980435180665,False
99,105,6,-1.3745836164855958,False
35,91,56,-1.3747465313720704,False
65,98,33,-1.376196161956787,False
3,159,156,-1.3766006408691407,False
5,103,98,-1.376833040008545,False
5,90,85,-1.377434273071289,False
5,97,92,-1.377536336517334,False
36,89,53,-1.3779417594909666,False
26,31,5,-1.3780673777770995,False
59,94,35,-1.3781146644592286,False
13,127,114,-1.3781871499633789,False
27,156,129,-1.3786198127746583,False
30,35,5,-1.3786709312438965,False
23,117,94,-1.3795273822021485,False
78,84,6,-1.3795429815673828,False
46,58,12,-1.380299596862793,False
28,145,117,-1.3810101010131837,False
49,62,13,-1.381502022705078,False
8,15,7,-1.3819961013793944,False
4,89,85,-1.3824322518920897,False
54,60,6,-1.3829603277587892,False
46,57,11,-1.383111578979492,False
50,68,18,-1.383280694732666,False
52,69,17,-1.3842499239349366,False
39,55,16,-1.3844443270874023,False
96,103,7,-1.385577219390869,False
6,124,118,-1.3857569944763184,False
24,119,95,-1.3859461400604247,False
40,87,47,-1.3861092808532713,False
79,104,25,-1.3864364892578125,False
100,124,24,-1.3869358325958252,False
93,104,11,-1.3869778243255615,False
107,156,49,-1.3876670460510254,False
41,84,43,-1.388061350326538,True
13,20,7,-1.3882409938049318,False
13,116,103,-1.3882630980682373,False
42,50,8,-1.3883447036743164,True
79,99,20,-1.388520516357422,False
78,104,26,-1.3892899502563476,False
51,69,18,-1.389463307800293,False
132,156,24,-1.391623133239746,False
21,118,97,-1.3918365255737304,False
27,113,86,-1.391935824432373,True
5,125,120,-1.3928443154907226,False
2,88,86,-1.3931439799499512,False
100,126,26,-1.3933663608551026,True
43,99,56,-1.393481276397705,True
20,124,104,-1.394536455001831,False
22,146,124,-1.3947643564605712,False
65,99,34,-1.3948164784240722,False
77,83,6,-1.3948327947998047,False
43,58,15,-1.3954318671417236,False
82,94,12,-1.3969376798248292,False
59,84,25,-1.3981190204620362,False
46,96,50,-1.3986389311218261,True
8,124,116,-1.39871474029541,False
28,33,5,-1.399775041809082,False
53,61,8,-1.4002108070373533,False
118,124,6,-1.4013829141235352,False
37,53,16,-1.4018505741882323,False
34,158,124,-1.4029302658081053,False
32,58,26,-1.4032126895141601,False
140,147,7,-1.4034210566711427,False
45,59,14,-1.4043122511291504,False
104,158,54,-1.404509292755127,False
54,69,15,-1.4049927876281738,False
56,69,13,-1.4056434965515137,False
141,146,5,-1.4056982971191405,False
64,80,16,-1.4061568771362305,False
140,148,8,-1.407243756866455,False
5,14,9,-1.407735564956665,False
5,106,101,-1.4077546237182617,False
121,127,6,-1.4100913717651367,False
37,60,23,-1.4114452952575685,False
25,153,128,-1.4121637974548338,False
137,151,14,-1.4123533557128907,False
32,159,127,-1.4136860026550293,False
129,159,30,-1.4161161959838868,False
24,142,118,-1.4162777502441406,False
35,52,17,-1.416759255065918,False
22,151,129,-1.4170209555053712,False
121,146,25,-1.4174128912353516,False
24,118,94,-1.417503628540039,False
123,129,6,-1.4184290605163574,False
23,120,97,-1.4185493030548095,False
32,156,124,-1.4193345039367675,False
43,48,5,-1.4193842210388183,False
103,159,56,-1.4197796974182129,False
28,148,120,-1.4201310873413084,False
51,68,17,-1.4205735595703124,False
93,107,14,-1.420925192489624,True
73,81,8,-1.421086707458496,False
29,34,5,-1.4213058335876465,False
14,23,9,-1.4213561289978027,False
81,95,14,-1.4217247105407715,False
28,156,128,-1.4227797338104247,False
28,55,27,-1.422948760986328,False
112,129,17,-1.4233313311767577,False
28,140,112,-1.4234360748291015,False
62,101,39,-1.423598714904785,False
6,107,101,-1.4237901321411133,False
17,23,6,-1.4242668035888673,False
28,146,118,-1.4243878308105469,False
6,123,117,-1.4245008728027344,False
31,53,22,-1.4254437944030762,False
104,127,23,-1.4261531827545166,False
61,96,35,-1.4266311547851562,False
135,153,18,-1.4266751263427735,False
49,65,16,-1.4269242358398437,False
31,92,61,-1.4271731580352784,False
64,102,38,-1.4278894667816162,False
33,92,59,-1.4280674546813965,False
59,85,26,-1.4281649552917481,False
112,159,47,-1.4286664387512207,False
154,159,5,-1.4288711692810057,False
20,29,9,-1.429034853515625,False
90,109,19,-1.4294753258514405,True
19,28,9,-1.4294832626342775,False
61,95,34,-1.4298649972534179,False
62,94,32,-1.4324905809020998,False
33,157,124,-1.4329045123291015,False
16,125,109,-1.4331080596923829,False
81,92,11,-1.4335439054870605,False
49,64,15,-1.4341683288574218,False
102,107,5,-1.434276754989624,False
33,39,6,-1.4361019071960448,False
25,141,116,-1.4361434494781495,False
32,158,126,-1.4362022593688963,False
105,128,23,-1.4364719334411622,False
4,96,92,-1.4366883779144286,False
153,158,5,-1.4377945847320557,False
81,106,25,-1.4379083100891115,False
12,22,10,-1.4383167009735107,False
41,82,41,-1.4384732093811035,False
111,129,18,-1.4384810285949707,False
122,129,7,-1.4387079444885253,False
49,70,21,-1.4387286264801025,False
35,89,54,-1.4395412966918946,False
107,129,22,-1.4399327400970459,False
2,100,98,-1.4408467581176758,False
75,99,24,-1.4420238612365721,False
105,110,5,-1.4420255894470215,False
8,122,114,-1.4420326306152345,False
49,57,8,-1.4426369187927246,False
42,65,23,-1.4426587931823731,False
130,157,27,-1.4427968760681151,False
41,87,46,-1.443043960571289,False
79,105,26,-1.4438981797790527,False
27,159,132,-1.444652096862793,False
82,95,13,-1.4453240365600586,False
48,54,6,-1.4460622554016114,False
41,56,15,-1.4461035528564454,False
1,87,86,-1.4462385327148437,False
15,125,110,-1.4463346343994141,False
82,107,25,-1.4468569900512693,False
29,157,128,-1.4471554000854492,False
83,92,9,-1.4479443143463135,False
18,49,31,-1.4483406332397462,False
34,43,9,-1.4493076907348634,False
137,159,22,-1.450024213409424,False
15,24,9,-1.4500627467346192,False
47,54,7,-1.4502870942687989,False
8,120,112,-1.4504597296905517,False
77,102,25,-1.4509373607635498,False
47,57,10,-1.4510701690673828,False
1,96,95,-1.4513710722351074,False
52,70,18,-1.4514747946166993,False
61,83,22,-1.4519127116394042,False
7,16,9,-1.4519962725830078,False
34,89,55,-1.4521846867370605,False
35,94,59,-1.45251120010376,True
81,93,12,-1.4526487854003907,False
95,104,9,-1.452717109527588,False
50,70,20,-1.4545332839965819,False
74,79,5,-1.4548089489746094,False
38,44,6,-1.4551292245483398,False
78,98,20,-1.455186867828369,False
41,64,23,-1.455529649810791,False
35,50,15,-1.4564868826293946,False
122,130,8,-1.4571757633972169,False
29,144,115,-1.457358991394043,False
29,140,111,-1.4576003359222411,False
116,124,8,-1.4581183796691894,False
124,130,6,-1.459301994781494,False
39,54,15,-1.4593516566467284,False
5,104,99,-1.459697355041504,False
28,143,115,-1.459866081390381,False
35,59,24,-1.4599316920471193,False
26,154,128,-1.460031893310547,False
40,63,23,-1.4602869427490233,False
60,79,19,-1.4604756314086913,False
77,84,7,-1.4609867515563963,False
32,38,6,-1.462201869659424,False
30,139,109,-1.4625831701660157,False
112,123,11,-1.4628298690795898,False
13,19,6,-1.4628520138549805,False
11,123,112,-1.463405570526123,False
35,88,53,-1.464761548461914,False
61,84,23,-1.4649118451690675,False
35,159,124,-1.465489023284912,False
19,124,105,-1.4658858420562744,False
121,145,24,-1.4659002880859375,False
2,7,5,-1.4659232487487794,False
1,100,99,-1.4662612691497803,False
33,58,25,-1.4667880513000489,False
83,89,6,-1.4676242208862305,False
114,119,5,-1.4676523234558105,False
81,102,21,-1.4677974993133547,False
28,142,114,-1.4684082419586182,False
36,90,54,-1.4684975424194335,False
49,55,6,-1.469465545501709,False
46,97,51,-1.470001939163208,False
119,125,6,-1.4704909658813476,False
30,141,111,-1.4712560556793215,False
38,61,23,-1.4713687258911132,False
12,18,6,-1.471543717803955,False
78,105,27,-1.4717827940368653,False
1,95,94,-1.4718936184692382,False
57,76,19,-1.473039182739258,False
4,102,98,-1.4741773928833009,False
59,68,9,-1.4743748690032958,False
92,97,5,-1.4744325177001953,False
104,110,6,-1.475919184112549,False
105,157,52,-1.4759295414733886,False
30,138,108,-1.4763306257629396,False
63,81,18,-1.4764648560333253,False
110,153,43,-1.4777227630615235,False
4,101,97,-1.4777688513183596,False
11,125,114,-1.4792527687835695,False
52,73,21,-1.4795025968933104,False
40,45,5,-1.4804422525024414,False
78,96,18,-1.4808062403869628,False
80,106,26,-1.480966103591919,False
48,58,10,-1.481006138458252,False
36,52,16,-1.481110434112549,False
36,43,7,-1.4815287828063965,False
141,154,13,-1.4815676316833497,False
14,24,10,-1.481646887817383,False
11,16,5,-1.48208712059021,False
134,154,20,-1.4830010993957519,False
97,125,28,-1.483375163421631,True
94,104,10,-1.4836633787536622,False
50,56,6,-1.4857477580261231,False
139,149,10,-1.4857587992858887,False
55,60,5,-1.4858376071929933,False
120,126,6,-1.4870943504333496,False
59,81,22,-1.4875430505371094,False
14,127,113,-1.4875535581970216,False
30,112,82,-1.4879008445739745,False
2,130,128,-1.4879671946716309,False
61,98,37,-1.4889914897155763,False
36,51,15,-1.4890763526916504,False
40,84,44,-1.4898935386657715,False
45,94,49,-1.4901511790466309,False
8,123,115,-1.4903904699707031,False
19,25,6,-1.4906867166137696,False
23,143,120,-1.490740385131836,False
134,139,5,-1.4911152131652832,False
105,126,21,-1.4912173181152344,False
67,79,12,-1.4914529975891113,False
43,92,49,-1.491508123626709,False
5,15,10,-1.4915460134887695,False
153,159,6,-1.491984842529297,False
24,115,91,-1.4924190698242188,True
61,82,21,-1.493462149734497,False
28,149,121,-1.493580684967041,False
69,77,8,-1.4939338648986815,False
4,159,155,-1.495363872833252,False
59,77,18,-1.4956085650634765,False
28,54,26,-1.4957502891540528,False
62,82,20,-1.4958127336883547,False
29,159,130,-1.4960270156860351,False
4,99,95,-1.4968482865905761,False
6,122,116,-1.4969072567749024,False
115,127,12,-1.4975795564270018,False
110,132,22,-1.4978413439941405,False
82,89,7,-1.4987859742736815,False
31,93,62,-1.5004832953643799,False
7,97,90,-1.500882479095459,False
111,124,13,-1.5008989686584473,False
73,85,12,-1.5013480352783204,False
108,125,17,-1.5020791325378418,False
34,52,18,-1.5022335343933106,False
36,159,123,-1.502288433532715,False
3,88,85,-1.5037496444702148,False
73,80,7,-1.5042596495056153,False
29,142,113,-1.504410676422119,False
22,144,122,-1.505623518218994,False
84,92,8,-1.505717345123291,False
2,102,100,-1.505774849243164,False
29,57,28,-1.5059507824707032,False
44,58,14,-1.505988988647461,False
30,113,83,-1.506644947052002,True
35,93,58,-1.506896464996338,False
2,158,156,-1.5069441206359864,False
8,21,13,-1.5076014074707031,False
40,53,13,-1.5079978765869142,False
83,90,7,-1.5081303622436524,False
92,107,15,-1.5085094122314453,False
117,124,7,-1.5090666014099121,False
4,125,121,-1.5094808181762696,False
107,125,18,-1.5104680604553224,False
35,51,16,-1.5106506588745117,False
35,46,11,-1.511107859802246,False
33,52,19,-1.5113051139831544,False
100,123,23,-1.511528928375244,False
113,122,9,-1.5118250798034667,False
51,70,19,-1.5120624662780762,False
42,98,56,-1.5129578483581543,False
5,115,110,-1.5129607061767578,False
53,68,15,-1.512980193939209,False
44,57,13,-1.5135969998168946,False
111,152,41,-1.5136036938476563,False
8,95,87,-1.5141647386169432,False
130,136,6,-1.5142475148010255,False
117,144,27,-1.5142551635742187,False
43,54,11,-1.5149224165344237,False
78,95,17,-1.5149363192749024,False
126,132,6,-1.5152236375427246,False
45,50,5,-1.5154375187683105,False
5,89,84,-1.5158364990234374,False
104,129,25,-1.5165092021179198,False
27,139,112,-1.5165295433044435,False
109,129,20,-1.5165830062866212,False
15,25,10,-1.5165958930969239,False
7,123,116,-1.5167692747497559,False
40,54,14,-1.5178243266296387,True
120,144,24,-1.517932187347412,False
83,93,10,-1.5183720972442627,False
132,137,5,-1.5187489833068848,False
79,107,28,-1.5188047914123535,False
59,95,36,-1.5199129888916016,False
8,96,88,-1.5200439115142823,False
26,115,89,-1.5202449628448487,False
49,63,14,-1.5204114289855957,False
108,129,21,-1.5206012384796144,False
52,68,16,-1.5218559425354004,False
101,127,26,-1.52191562210083,False
1,102,101,-1.5236068260192872,False
45,57,12,-1.5236264295959472,False
24,152,128,-1.5243005139160157,False
131,137,6,-1.5244421633911132,False
13,126,113,-1.5249500434875487,False
14,117,103,-1.5255183595275879,False
26,113,87,-1.5275395992279053,False
22,122,100,-1.5277415649414063,False
37,85,48,-1.5282150518798827,False
11,113,102,-1.5288598333740233,False
93,106,13,-1.5291837962341308,False
50,62,12,-1.5296144970703125,False
5,16,11,-1.530154359588623,False
107,126,19,-1.5311870150756834,False
121,147,26,-1.5317328171539306,False
81,94,13,-1.5318014434814453,False
97,124,27,-1.5318980988311768,True
77,103,26,-1.533334048309326,False
108,126,18,-1.5334298706054688,False
14,126,112,-1.5344807551574706,False
109,127,18,-1.5344839765930174,False
94,102,8,-1.5348509060668944,False
30,55,25,-1.5355298913574218,False
39,52,13,-1.5358289407348633,False
64,100,36,-1.5359229608917235,False
58,86,28,-1.536239774017334,False
44,69,25,-1.5363637018585206,False
78,101,23,-1.5372933114624023,False
43,56,13,-1.537449542388916,False
10,16,6,-1.537742004699707,False
39,53,14,-1.537875733795166,False
60,95,35,-1.5384278965759277,False
18,24,6,-1.540940191040039,False
93,105,12,-1.5410492745208741,False
7,17,10,-1.541232343673706,False
41,86,45,-1.541893461456299,False
1,112,111,-1.5425788723754883,False
76,83,7,-1.5427648374938965,False
30,140,110,-1.543396072540283,False
34,110,76,-1.544083872680664,False
3,95,92,-1.5454637930297852,False
11,17,6,-1.5465705834960937,False
38,84,46,-1.5469535168457031,False
133,138,5,-1.5480703739929198,False
66,80,14,-1.5481427017211913,False
36,87,51,-1.5488213710021974,False
29,54,25,-1.5489377210998536,False
98,123,25,-1.5492562008666992,False
7,122,115,-1.5501429458618163,False
42,56,14,-1.5504799687194823,False
112,130,18,-1.5507197644042967,False
104,112,8,-1.5509294453430176,False
42,81,39,-1.5518668307495118,False
2,131,129,-1.5519035423278809,False
15,119,104,-1.553079239654541,True
106,128,22,-1.5532628427124024,False
138,150,12,-1.553784047393799,False
44,72,28,-1.5541923278045655,False
90,107,17,-1.5543225675964354,False
43,66,23,-1.5543474374389648,False
26,139,113,-1.5552104093933106,False
65,80,15,-1.5557069273376465,False
36,50,14,-1.557170577545166,False
2,157,155,-1.557976619415283,False
119,144,25,-1.5580566683197021,False
108,127,19,-1.5592470751953127,False
22,145,123,-1.5601926121520997,False
80,95,15,-1.5606520791625977,False
48,57,9,-1.5607700151062012,False
7,22,15,-1.5615824575805664,False
38,54,16,-1.5618336337280272,False
5,12,7,-1.5618695079040528,False
12,128,116,-1.5618889280700683,False
1,86,85,-1.5623478874206544,False
58,68,10,-1.562967614440918,False
106,156,50,-1.56319394241333,False
102,159,57,-1.5633115704345704,False
103,109,6,-1.563574231109619,False
2,129,127,-1.5636967034912108,False
72,81,9,-1.5640008457946777,False
80,102,22,-1.5642582681274413,False
92,108,16,-1.5647516829681396,False
125,131,6,-1.5648803854370117,False
63,102,39,-1.5657954945373536,False
60,96,36,-1.5660096795654297,False
76,99,23,-1.5661542379760742,False
110,124,14,-1.5665675454711914,False
42,52,10,-1.5666748178100587,False
6,116,110,-1.5666899848937987,False
79,100,21,-1.5672436506652834,False
36,91,55,-1.5681730320739746,False
1,97,96,-1.5682636848449707,False
32,94,62,-1.5689916349792479,False
7,21,14,-1.569085424041748,False
79,95,16,-1.5692043199157715,False
74,83,9,-1.5692291799926756,False
115,147,32,-1.5692448252868654,False
7,121,114,-1.5697548078918457,False
81,99,18,-1.570037823791504,False
38,50,12,-1.5703978422546387,False
95,105,10,-1.5705136754608156,False
34,41,7,-1.5707607055664063,False
133,155,22,-1.5711656578063964,False
40,52,12,-1.5713008850097656,False
109,154,45,-1.5724376554870605,False
5,99,94,-1.5726053172302246,False
42,48,6,-1.5751627737426759,False
22,116,94,-1.5757671731567382,False
42,49,7,-1.5757815643310547,False
45,58,13,-1.576052096710205,False
37,50,13,-1.5779648649597167,False
29,158,129,-1.5780226286315917,False
34,58,24,-1.5780772076416016,False
25,117,92,-1.5784047299194337,False
56,61,5,-1.5786915678405762,False
131,156,25,-1.5787394496154785,False
6,121,115,-1.5787691552734375,False
81,104,23,-1.5788565942382813,False
109,130,21,-1.5790194320678712,False
15,118,103,-1.5790286953735353,False
23,116,93,-1.579992367324829,False
46,99,53,-1.580476282043457,True
29,139,110,-1.5807817924499512,False
112,151,39,-1.5813691911315917,False
37,159,122,-1.5818685606384277,False
42,51,9,-1.581871926574707,False
31,37,6,-1.5820225103759766,False
81,96,15,-1.582030614013672,False
45,72,27,-1.5822929067993166,False
60,67,7,-1.5823907049560546,False
32,92,60,-1.5827952847290039,False
36,60,24,-1.5844802465820311,False
113,129,16,-1.586396131286621,False
79,96,17,-1.5869635902404784,False
4,97,93,-1.5875364611816407,False
29,145,116,-1.587963325958252,False
33,155,122,-1.588047056274414,False
49,67,18,-1.5894008998107911,False
7,18,11,-1.5894522135925293,False
119,126,7,-1.5897850923156738,False
91,107,16,-1.590013297729492,False
27,138,111,-1.590356438293457,False
39,50,11,-1.5912746443176269,False
28,159,131,-1.5926622369384766,False
55,69,14,-1.5928732637023926,False
40,46,6,-1.5928930422973633,False
25,115,90,-1.5929805364227296,False
119,151,32,-1.594320753326416,False
28,57,29,-1.5957133570861817,False
29,56,27,-1.5963529710388182,False
34,46,12,-1.5964249221801758,False
129,158,29,-1.5964333389282228,False
109,126,17,-1.596856259765625,False
117,143,26,-1.5973112879180908,False
34,88,54,-1.59751341796875,False
116,145,29,-1.5979186489868165,False
14,25,11,-1.598415731201172,False
3,130,127,-1.5984448846435548,False
103,126,23,-1.598487593536377,False
39,51,12,-1.5986284915161133,False
32,51,19,-1.5987702734375,False
34,157,123,-1.59928609664917,False
1,10,9,-1.599341562347412,False
72,84,12,-1.5994365711975098,False
21,117,96,-1.5995185873413085,True
146,151,5,-1.60035680519104,False
2,132,130,-1.6010459396362304,False
112,122,10,-1.601119034881592,False
114,129,15,-1.6012671519470214,False
44,93,49,-1.6012961280059816,False
43,53,10,-1.6018726382446289,False
40,55,15,-1.6020881690979003,False
102,125,23,-1.6022566320800782,False
60,94,34,-1.6025273649597167,False
102,126,24,-1.6028697241210939,False
44,54,10,-1.6029049328613283,False
138,159,21,-1.6033324206542967,False
113,121,8,-1.6034037870788573,False
47,73,26,-1.6035973320007326,False
1,130,129,-1.604072361755371,False
31,42,11,-1.604453720855713,False
32,42,10,-1.6049151014709473,False
24,141,117,-1.605401007232666,False
11,21,10,-1.6054986123657227,False
7,100,93,-1.6060631995391845,False
46,54,8,-1.6064164916992187,False
120,127,7,-1.6065020091247557,False
7,124,117,-1.6072757975769043,False
65,95,30,-1.607775030975342,False
6,16,10,-1.6079212368774414,False
8,94,86,-1.6080518338012695,False
15,126,111,-1.6081688485717773,False
42,54,12,-1.6085827900695802,False
82,105,23,-1.608658994445801,False
123,130,7,-1.6087428120422362,False
31,91,60,-1.6090935989379882,False
43,55,12,-1.6091701712036133,False
113,159,46,-1.609753274230957,False
23,152,129,-1.6102256301879883,False
39,45,6,-1.6103866247558591,False
17,125,108,-1.610494224395752,False
35,49,14,-1.6108011444091797,False
116,125,9,-1.610854095916748,False
3,131,128,-1.6108624731445313,False
46,56,10,-1.6108887651062012,False
7,119,112,-1.6111708236694338,False
2,128,126,-1.6116513694763186,False
114,156,42,-1.6119695259857179,False
113,150,37,-1.6121042669677734,False
114,130,16,-1.6128921942138672,False
101,123,22,-1.613091420288086,False
83,106,23,-1.6132513705444336,False
21,150,129,-1.6135977886962891,False
56,74,18,-1.6137690353393555,False
68,78,10,-1.6140163246154784,False
7,92,85,-1.6140297262573242,False
93,108,15,-1.6146107868957518,False
31,113,82,-1.614767266845703,False
61,97,36,-1.6150654336547852,False
20,118,98,-1.6151280568695068,False
119,127,8,-1.6154070764160156,False
29,150,121,-1.6157995924377442,False
20,117,97,-1.6158570962524414,True
121,148,27,-1.6159982823181154,False
29,143,114,-1.6161874165344237,False
3,127,124,-1.6162530294799804,False
5,17,12,-1.6165886264038085,False
114,149,35,-1.6173907160949708,False
31,52,21,-1.617461851348877,False
22,29,7,-1.6178184829711912,False
109,125,16,-1.617989874572754,False
3,105,102,-1.6192822623443603,False
27,115,88,-1.6195062648010254,True
21,147,126,-1.6195521760559082,False
61,85,24,-1.6200189651489256,False
51,62,11,-1.6200837229919434,False
6,22,16,-1.620158939819336,False
88,93,5,-1.6208720198059083,False
30,57,27,-1.6211551350402833,False
35,87,52,-1.6211853869628907,False
121,128,7,-1.6220105534362794,False
105,125,20,-1.622103666534424,False
8,18,10,-1.6229816291809083,False
119,143,24,-1.6230109505462647,False
58,88,30,-1.6230458418273925,False
16,118,102,-1.6230460276794432,False
70,77,7,-1.6230528790283203,False
28,139,111,-1.6236979373168947,False
9,21,12,-1.6248492106628418,False
5,126,121,-1.625152180328369,False
17,24,7,-1.6252955841064451,False
27,114,87,-1.6257012577056884,False
6,127,121,-1.626003819732666,False
96,104,8,-1.6272300634002685,False
29,147,118,-1.6272456990051267,False
25,116,91,-1.6276257523345947,False
1,131,130,-1.6287418634033202,False
96,105,9,-1.6297922067260742,False
39,46,7,-1.6300646838378907,False
4,130,126,-1.6302097213745117,False
152,159,7,-1.6303427850341798,False
46,53,7,-1.6310063679504396,False
30,150,120,-1.6310809397888186,False
114,159,45,-1.6313555738830565,False
94,105,11,-1.6316400338745118,False
7,109,102,-1.6325642683410646,False
104,157,53,-1.6327555769348145,False
96,106,10,-1.633444317779541,False
1,156,155,-1.6334943481445312,False
45,51,6,-1.6336761042785646,False
118,125,7,-1.6338038829040529,False
60,66,6,-1.6340242959594726,False
37,86,49,-1.6340269822692872,False
75,102,27,-1.634234352493286,False
6,21,15,-1.6342897421264648,False
76,85,9,-1.6344611329650878,False
17,119,102,-1.6345603392791748,False
5,10,5,-1.634782643356323,False
54,68,14,-1.634889429321289,False
35,44,9,-1.6349948402404784,False
8,22,14,-1.6351309843444823,False
62,83,21,-1.6354274747467041,False
4,131,127,-1.6365842318725587,False
40,86,46,-1.6369903775024415,False
1,9,8,-1.637142020111084,False
99,106,7,-1.6373424612426757,False
97,122,25,-1.6375456469726561,False
77,106,29,-1.6378002731323242,False
90,108,18,-1.6382122019958494,False
31,152,121,-1.6385126499938967,False
64,94,30,-1.6387617242431642,False
37,93,56,-1.639518777923584,False
26,114,88,-1.6395429595184325,False
72,77,5,-1.6400861419677735,False
104,111,7,-1.6404942637634279,False
3,128,125,-1.6423374935913084,False
111,131,20,-1.642337915802002,False
82,96,14,-1.6435280564880372,False
37,51,14,-1.6441169912719726,False
106,126,20,-1.6442839419555664,False
21,148,127,-1.6443683189392089,False
38,53,15,-1.6443856030273438,False
90,111,21,-1.6451624410247803,False
80,99,19,-1.6451963667297362,False
3,113,110,-1.6459569902801512,False
29,137,108,-1.6467454656982423,False
4,9,5,-1.6467999011230467,False
128,159,31,-1.647815110321045,False
49,56,7,-1.6480874679565432,False
118,144,26,-1.6481502012634277,False
12,20,8,-1.6490494050598143,False
64,101,37,-1.649585676574707,False
92,98,6,-1.6497598933410642,False
26,116,90,-1.6501590549468994,False
19,49,30,-1.6503946118164063,True
57,85,28,-1.6506564385986326,False
21,149,128,-1.650913641357422,False
1,129,128,-1.6511784347534182,False
40,81,41,-1.6517007293701174,False
37,52,15,-1.6518637698364258,False
73,78,5,-1.6525219030761717,False
56,68,12,-1.6526009124755858,False
3,129,126,-1.6527991426086426,False
40,96,56,-1.6532189826965333,False
31,58,27,-1.6532352032470705,False
44,56,12,-1.6533945045471192,False
1,101,100,-1.653615806274414,False
3,125,122,-1.6536847622680664,False
31,112,81,-1.6537241552734376,False
13,23,10,-1.6540976161193846,False
33,111,78,-1.6542039381408693,False
27,157,130,-1.654250517425537,False
6,99,93,-1.6543742642211914,False
41,83,42,-1.6550246583557129,False
33,93,60,-1.655120802154541,False
77,100,23,-1.6554738371276856,False
103,158,55,-1.6556383602905274,False
28,113,85,-1.656031004562378,False
2,112,110,-1.6560378330993655,False
3,96,93,-1.658478163986206,False
36,46,10,-1.6585039875793455,False
4,128,124,-1.6586915939331053,False
57,68,11,-1.6601020816040037,False
59,83,24,-1.66030237411499,False
27,137,110,-1.6611482510375974,False
4,127,123,-1.6622191397094728,False
26,159,133,-1.6622339030456543,False
32,154,122,-1.6623843489074708,False
43,52,9,-1.662568058166504,False
92,99,7,-1.6626462646484375,False
113,130,17,-1.6628757261657714,False
85,93,8,-1.6629802165985108,False
33,42,9,-1.6631724087524415,False
28,138,110,-1.6638383905029297,False
39,83,44,-1.664210366668701,False
98,104,6,-1.664494691772461,False
31,137,106,-1.6646970423889162,False
120,150,30,-1.6647125981140136,False
51,73,22,-1.6648680744934083,False
33,156,123,-1.6649348626708984,False
16,24,8,-1.6662060179138183,False
40,83,43,-1.667027212982178,False
3,157,154,-1.667649467010498,False
91,109,18,-1.6690553216552737,False
81,90,9,-1.6691886416625976,False
41,47,6,-1.6692152267456055,False
125,133,8,-1.6696939598083496,False
39,82,43,-1.6705647169494628,False
81,87,6,-1.6705959915161135,False
45,100,55,-1.6717011720275878,False
39,62,23,-1.6717699690246584,False
38,159,121,-1.6723050389099121,False
65,97,32,-1.6725692022705079,False
1,128,127,-1.672708904571533,False
2,127,125,-1.6728177426147461,False
47,56,9,-1.673116305999756,False
9,96,87,-1.6732623957824706,False
118,126,8,-1.6743008514404298,False
47,55,8,-1.6752366729736328,False
59,78,19,-1.6752593435668945,False
4,16,12,-1.6758772120666503,False
65,96,31,-1.676255005493164,False
34,155,121,-1.6770903741455079,False
74,82,8,-1.6773377038574218,False
78,97,19,-1.6773378523254394,False
144,152,8,-1.6776157681274413,False
35,45,10,-1.6777555502319337,False
1,132,131,-1.677848013305664,False
72,80,8,-1.6782204864501953,False
58,87,29,-1.6784105726623537,False
29,52,23,-1.6786271336364744,False
43,50,7,-1.6790374761962892,False
127,133,6,-1.6792691841125489,False
34,50,16,-1.6795290803527831,False
116,126,10,-1.6797329557800293,False
58,81,23,-1.6802302833557128,False
91,96,5,-1.6802596672058105,False
77,96,19,-1.6802957943725587,False
74,99,25,-1.6803366540527342,False
125,132,7,-1.680846742248535,False
96,123,27,-1.6815941055297852,True
3,158,155,-1.6820505058288575,False
6,17,11,-1.682235108795166,False
35,85,50,-1.683493980407715,False
130,156,26,-1.6845122346496582,False
107,112,5,-1.6853157373046876,False
5,21,16,-1.685395548095703,False
63,94,31,-1.6854069424438478,False
56,75,19,-1.6854377543640138,False
120,143,23,-1.6855091053771971,False
5,20,15,-1.685651145324707,False
92,103,11,-1.6858807247924805,False
30,52,22,-1.6859648458862306,False
103,125,22,-1.6861958448791505,False
139,159,20,-1.6864073265075685,False
115,146,31,-1.6866202505493164,False
73,83,10,-1.6877213566589355,False
107,127,20,-1.6884924673461914,False
90,106,16,-1.6886556643676758,False
1,17,16,-1.6890615934753417,False
4,21,17,-1.689094842376709,False
117,125,8,-1.6895899594116213,False
74,85,11,-1.6898502832031252,False
4,18,14,-1.6902783229064942,False
37,84,47,-1.6913555455017089,False
82,104,22,-1.6922179071044923,False
101,159,58,-1.693775326385498,False
105,127,22,-1.694387279510498,False
32,39,7,-1.6950585253906252,False
50,73,23,-1.6951600877380373,False
44,53,9,-1.6954051225280762,False
1,20,19,-1.6956056973266602,False
84,93,9,-1.6956521826934814,False
19,27,8,-1.6958102906799315,False
61,94,33,-1.696193655090332,False
25,140,115,-1.6962221252441405,False
5,128,123,-1.6968013227844239,False
20,30,10,-1.697415587158203,False
4,20,16,-1.697525139770508,False
46,71,25,-1.6978718991088868,False
23,142,119,-1.6980904663085936,False
5,159,154,-1.6982329946899415,False
103,110,7,-1.698261029663086,False
44,50,6,-1.6983928697204589,False
97,126,29,-1.698551014556885,True
58,94,36,-1.6986352188110352,False
140,145,5,-1.6986827290344237,False
44,102,58,-1.6990360234069826,False
29,138,109,-1.699243600769043,False
30,54,24,-1.6992849095153808,False
11,127,116,-1.6992891104125978,False
1,8,7,-1.6997268272399904,False
1,19,18,-1.6998278114318848,False
1,18,17,-1.7000028292846678,False
4,129,125,-1.7007607688903807,False
3,8,5,-1.7016901231384278,False
26,155,129,-1.7021773667907716,False
38,46,8,-1.7025635224914553,False
45,56,11,-1.7031467213439941,False
86,93,7,-1.7036840289306638,False
77,95,18,-1.7043890226745606,False
24,30,6,-1.7049154177856445,False
36,85,49,-1.7050071588134768,False
28,56,28,-1.7051097439575194,False
37,94,57,-1.705609221496582,False
34,156,122,-1.7056160440063475,False
19,119,100,-1.7057910219573977,False
109,131,22,-1.7058092700195313,False
31,96,65,-1.706128951263428,False
118,143,25,-1.7072609083557129,False
118,152,34,-1.7074356031799316,False
41,54,13,-1.7077318876647951,False
1,16,15,-1.7077333708190916,False
39,159,120,-1.7080336286926268,False
38,51,13,-1.7081996847534178,False
92,109,17,-1.7082610931396485,False
77,98,21,-1.7087567501831054,False
39,81,42,-1.7093579040527345,False
5,13,8,-1.7094772433471679,False
151,159,8,-1.7097235632324217,False
26,138,112,-1.7100514945983885,False
4,17,13,-1.7102320832824707,False
50,64,14,-1.7103349465942383,False
152,158,6,-1.7103885119628905,False
80,104,24,-1.7109644987487793,False
110,133,23,-1.711072155609131,True
3,97,94,-1.7113612313842772,False
8,93,85,-1.7117442497253417,False
35,86,51,-1.711956515350342,False
48,55,7,-1.7119843013000486,False
1,127,126,-1.712031805419922,False
46,55,9,-1.7122610070800781,False
1,126,125,-1.7125362687683103,False
111,123,12,-1.712915886383057,False
108,130,22,-1.7132336303710936,False
32,43,11,-1.7135240097045898,False
80,96,16,-1.7136066229248048,False
150,159,9,-1.7136117045593262,False
71,77,6,-1.713702250213623,False
16,126,110,-1.713761171875,False
37,44,7,-1.7146116177368165,False
21,151,130,-1.714877133026123,False
138,157,19,-1.7149148680114745,False
6,117,111,-1.7152913458251953,False
53,74,21,-1.7154331422424316,False
140,146,6,-1.7159270877075194,False
87,93,6,-1.7159304946899414,False
126,133,7,-1.7162471054077149,False
9,97,88,-1.7172214248657227,False
92,111,19,-1.7176095617675782,True
15,127,112,-1.7177123950195312,False
35,47,12,-1.7178141148376465,False
64,81,17,-1.717912063446045,False
42,53,11,-1.7180178175354004,False
62,93,31,-1.718425821990967,False
100,107,7,-1.7184487165832518,False
1,99,98,-1.7185863700866697,False
41,48,7,-1.718851078338623,False
31,110,79,-1.7190582968139647,False
44,52,8,-1.7193887303161621,False
5,98,93,-1.7196891868591309,False
6,118,112,-1.7198515054321288,False
30,56,26,-1.7199158029174804,False
8,97,89,-1.7199730944824219,False
106,125,19,-1.7202844482421873,False
101,107,6,-1.7211001792907716,False
36,49,13,-1.7211855842590331,False
43,91,48,-1.721311866607666,False
30,53,23,-1.721452466583252,False
5,101,96,-1.722085165863037,False
106,111,5,-1.7220863754272462,False
7,19,12,-1.7229427534484862,False
81,100,19,-1.7230062544250486,False
21,29,8,-1.7235254211425783,False
61,102,41,-1.7236376976013184,False
4,14,10,-1.7236599374389647,False
28,53,25,-1.7237696113586427,False
122,146,24,-1.7238500181579588,False
31,90,59,-1.7239182142639158,False
23,115,92,-1.7246586033630371,False
4,126,122,-1.724913023223877,False
6,128,122,-1.7250676712036133,False
34,51,17,-1.7250913558959962,False
11,20,9,-1.725245747833252,False
19,29,10,-1.7260427673339844,False
43,49,6,-1.726064049835205,False
38,52,14,-1.7260649140930178,False
121,144,23,-1.7261338986206056,False
12,19,7,-1.7263438627624512,False
7,120,113,-1.7263566177368166,False
6,91,85,-1.7264884043884277,False
2,96,94,-1.726512372741699,False
102,124,22,-1.727008798980713,False
10,17,7,-1.727015846710205,False
41,52,11,-1.7272187809753419,False
3,126,123,-1.7273359266662598,False
27,112,85,-1.7273935236358642,False
11,18,7,-1.7276412843322753,False
23,121,98,-1.7282093487548829,False
121,129,8,-1.7284740936279295,False
4,19,15,-1.728976968536377,False
75,103,28,-1.7289858460998535,False
2,99,97,-1.72912236328125,False
1,125,124,-1.7298013545227051,False
13,115,102,-1.730353019256592,False
60,65,5,-1.7307081678771972,False
42,159,117,-1.7312280146789552,False
129,135,6,-1.7314314851379393,False
19,153,134,-1.732117045288086,False
92,106,14,-1.7324216908264158,False
42,85,43,-1.732453009490967,False
116,143,27,-1.7326063768005373,True
91,108,17,-1.7329239149475097,False
29,146,117,-1.7333157720947265,False
16,117,101,-1.73335558303833,False
30,142,112,-1.7333972344970703,False
98,125,27,-1.7337046997070313,False
2,95,93,-1.7345742028045656,False
31,43,12,-1.7346938354492187,False
10,21,11,-1.73523896484375,False
41,159,118,-1.7367648141479493,False
49,73,24,-1.7368666949462892,False
32,93,61,-1.7376355854797363,False
33,91,58,-1.738396235961914,False
33,94,61,-1.738571710662842,False
90,103,13,-1.738592027130127,False
27,158,131,-1.7386398265075684,False
77,101,24,-1.7388137574768066,False
49,66,17,-1.7391733293151854,False
19,26,7,-1.7393140383911132,False
3,102,99,-1.7395744830322264,False
18,28,10,-1.740118705291748,False
46,70,24,-1.7403671221923829,False
33,43,10,-1.7404665579223633,False
90,110,20,-1.7405802072906493,False
12,113,101,-1.7409797752380372,False
44,55,11,-1.7416305303955077,False
20,151,131,-1.7419303079223631,False
40,50,10,-1.7420136019897463,False
119,128,9,-1.7420154248046873,False
3,132,129,-1.7420300672912596,False
91,106,15,-1.742169762573242,False
59,80,21,-1.742442275695801,False
29,53,24,-1.7425429911804198,False
32,46,14,-1.7429095820617675,False
8,17,9,-1.7430298764038086,False
28,137,109,-1.7433883143615723,False
48,56,8,-1.7434541552734373,False
24,120,96,-1.74377232421875,False
94,106,12,-1.7438012770080564,False
45,102,57,-1.7438110398864748,False
54,74,20,-1.7438605711364747,False
92,104,12,-1.7441926481628418,False
59,82,23,-1.7443427252197268,False
29,148,119,-1.7443668823242189,False
63,101,38,-1.7444327992248536,False
22,143,121,-1.7445515115356447,False
29,113,84,-1.744941625595093,False
101,128,27,-1.7450177169799805,False
18,119,101,-1.7455966978454591,False
3,99,96,-1.7456673683166504,False
33,40,7,-1.7458068565368652,False
82,108,26,-1.7461744674682618,False
99,125,26,-1.7463173385620117,False
129,157,28,-1.746349172668457,False
2,97,95,-1.7464885775756838,False
37,47,10,-1.74698847946167,False
6,98,92,-1.747704832458496,False
5,105,100,-1.7479388026428222,False
83,107,24,-1.7483710729980468,False
7,20,13,-1.7497693263244627,True
80,94,14,-1.7498550378417967,False
9,16,7,-1.749884386291504,False
2,87,85,-1.7499260716247558,False
99,123,24,-1.75031381439209,False
2,19,17,-1.7505435733032226,False
120,128,8,-1.7508536933898928,False
35,95,60,-1.7512625604248047,False
79,85,6,-1.751268145904541,False
38,45,7,-1.751990995025635,False
113,120,7,-1.7524190074157715,False
122,145,23,-1.7526659155273439,False
71,81,10,-1.7532185572814942,False
32,91,59,-1.7533045382690429,False
106,129,23,-1.7539966174316404,False
115,145,30,-1.7544676469421385,False
18,25,7,-1.754580891876221,False
51,67,16,-1.7548636468505858,False
1,114,113,-1.7549663200378418,False
59,96,37,-1.7549940005493163,False
42,55,13,-1.755280453643799,False
19,125,106,-1.75535400390625,False
69,78,9,-1.7556291703796387,False
42,90,48,-1.7556645510101319,False
37,46,9,-1.7559393423461913,False
79,93,14,-1.7559641310119631,False
5,130,125,-1.7560025759887694,False
39,95,56,-1.7560982511901855,False
63,103,40,-1.7574664685058594,False
58,63,5,-1.7577400523376465,False
103,157,54,-1.757752310180664,False
59,64,5,-1.758074295501709,False
104,124,20,-1.758448660736084,False
121,130,9,-1.7586783393859864,False
103,112,9,-1.7587719831848143,False
80,91,11,-1.758811669616699,False
79,94,15,-1.7588268701171874,False
20,125,105,-1.7589174908447265,False
3,19,16,-1.7589187394714354,False
66,95,29,-1.7589304277038575,False
107,130,23,-1.7597430914306642,False
11,22,11,-1.7613985624694823,False
28,59,31,-1.7620130104064942,False
30,94,64,-1.7624798811340334,False
35,48,13,-1.7630296640014649,False
1,21,20,-1.7631078775024414,False
44,100,56,-1.7634259674072266,False
111,122,11,-1.7635350434875487,False
26,137,111,-1.7638718981933592,False
2,8,6,-1.7644991835021973,False
50,67,17,-1.7648455557250977,False
63,100,37,-1.7649448423767091,False
112,121,9,-1.7653015744018554,False
41,53,12,-1.7656425088500978,False
92,105,13,-1.7657529779052734,False
90,104,14,-1.766365763092041,False
78,93,15,-1.76649368850708,False
5,18,13,-1.7666868052673341,False
92,110,18,-1.7667338929748535,False
89,94,5,-1.7667343429565432,False
4,157,153,-1.768213193054199,False
59,67,8,-1.7682174568176268,False
34,109,75,-1.7686545976257324,False
66,99,33,-1.7692196101379394,False
31,38,7,-1.769242113647461,False
54,61,7,-1.7692524046325684,False
42,99,57,-1.7693007212829588,True
95,106,11,-1.7694473648071287,False
39,47,8,-1.769808933105469,False
12,23,11,-1.7699096719360352,False
83,108,25,-1.7699160797119142,False
50,63,13,-1.7704273805236816,False
143,153,10,-1.7704875357055663,False
81,89,8,-1.771050254211426,False
2,16,14,-1.771066411895752,False
72,85,13,-1.771156655883789,False
116,144,28,-1.7711977027893067,False
24,153,129,-1.773058564300537,False
17,28,11,-1.773160393218994,False
43,102,59,-1.7741502589416505,False
68,79,11,-1.7743816041564942,False
18,125,107,-1.7745203877258302,False
119,142,23,-1.7746113717651368,False
1,98,97,-1.7750369766235352,False
9,22,13,-1.7753635893249513,False
124,132,8,-1.7756266107177734,False
5,19,14,-1.7763450482177734,False
57,84,27,-1.776620601043701,False
6,18,12,-1.7769302661132813,False
104,113,9,-1.7772830767822267,False
124,131,7,-1.7775432902526855,False
33,90,57,-1.7777290338134766,False
11,126,115,-1.7778356715393067,False
105,129,24,-1.7779125461578371,False
32,40,8,-1.7781444458007811,False
28,157,129,-1.778296625518799,False
62,84,22,-1.7784001263427733,False
67,80,13,-1.7784546743774414,False
59,93,34,-1.77875350189209,False
3,21,18,-1.7793131079101563,False
115,128,13,-1.7793924169921875,False
31,139,108,-1.7797006478881836,False
7,126,119,-1.7798162088012695,False
18,50,32,-1.78046337020874,False
117,153,36,-1.7805532762145997,False
15,28,13,-1.7811156884765627,False
40,47,7,-1.7811211849975586,False
93,109,16,-1.7813260795593262,False
135,140,5,-1.781708981323242,False
81,88,7,-1.7817528240966798,False
5,127,122,-1.7820134689331055,False
47,98,51,-1.782267933807373,False
57,62,5,-1.7823942964172363,False
79,98,19,-1.782472173614502,False
107,155,48,-1.7825636549377442,False
40,51,11,-1.7827641455078127,False
34,112,78,-1.7838801123046875,False
6,103,97,-1.7838834909057617,False
9,18,9,-1.784043525085449,False
45,70,25,-1.7840624166870118,False
83,94,11,-1.7844218356323243,False
75,100,25,-1.784617341308594,False
100,122,22,-1.7847060845947265,False
117,126,9,-1.7849306214904785,False
5,155,150,-1.7851602156066897,False
5,124,119,-1.785327901916504,False
81,105,24,-1.785458412628174,False
36,93,57,-1.78560026473999,False
103,111,8,-1.7856267820739746,False
8,126,118,-1.7859354565429686,False
10,18,8,-1.786143073272705,False
34,44,10,-1.7861758580017089,False
150,158,8,-1.7867760261535643,False
35,158,123,-1.78684449508667,False
36,86,50,-1.7869007157897951,False
58,77,19,-1.7869088113403322,False
73,86,13,-1.7872748098754883,False
82,99,17,-1.7874508660888673,False
32,50,18,-1.787825527496338,False
34,95,61,-1.7879634228515624,False
1,85,84,-1.788847509918213,False
55,74,19,-1.7894495729064943,False
3,20,17,-1.7900113740539552,False
2,125,123,-1.7900844009399415,False
31,46,15,-1.7900861962890626,False
27,116,89,-1.7901731074523926,False
40,159,119,-1.7905323167419431,False
76,102,26,-1.7908725216674803,False
5,11,6,-1.791385168914795,False
28,52,24,-1.791624447174072,False
128,134,6,-1.7918913833618162,False
17,25,8,-1.7928886752319335,False
60,97,37,-1.7929619659423828,False
10,112,102,-1.793003419036865,False
136,141,5,-1.7933510653686522,False
7,127,120,-1.7941328269958496,False
16,25,9,-1.794371775970459,False
90,105,15,-1.7945078088378907,False
24,114,90,-1.79503669921875,False
4,15,11,-1.795204231262207,False
105,111,6,-1.7952512188720704,False
8,16,8,-1.79547018951416,False
36,47,11,-1.7962727726745604,False
1,15,14,-1.7966629527282716,False
39,49,10,-1.7967876770019533,False
50,65,15,-1.7969012802124023,False
113,119,6,-1.7972546725463867,False
5,129,124,-1.7975805349731444,False
120,142,22,-1.7992896482849123,False
37,49,12,-1.7993917527770997,False
106,127,21,-1.800286933441162,False
112,131,19,-1.8003203770446778,False
41,65,24,-1.8009499371337891,False
94,107,13,-1.8010368844604492,False
60,86,26,-1.8012260835266112,False
2,21,19,-1.8014893264770506,False
45,54,9,-1.8015458226013183,False
103,128,25,-1.8021003826904298,False
43,159,116,-1.8024723460388183,False
58,95,37,-1.8028929100036621,False
2,18,16,-1.8030378062438963,False
9,95,86,-1.805841436920166,False
43,51,8,-1.8069625050354006,False
31,40,9,-1.8071038623046873,False
20,150,130,-1.8073266397094727,False
131,138,7,-1.807608856964111,False
70,78,8,-1.8077424632263184,False
90,95,5,-1.807856188659668,False
69,159,90,-1.8080806427001952,False
32,153,121,-1.8083032939147947,False
58,89,31,-1.8088749333190919,False
44,51,7,-1.8090816053771974,False
2,101,99,-1.8092333642578127,False
5,102,97,-1.809354382171631,False
41,55,14,-1.8094154391479491,False
45,71,26,-1.8095898867797853,False
22,152,130,-1.8096095785522461,False
2,126,124,-1.809660973510742,False
55,68,13,-1.80985796585083,False
8,20,12,-1.8099813964843752,False
78,107,29,-1.8100127626037597,False
60,93,33,-1.8102351062011717,False
20,149,129,-1.81046653427124,False
25,114,89,-1.8109333595275878,False
24,140,116,-1.8110110505676267,False
40,82,42,-1.8114913456726076,False
81,107,26,-1.8117169815063476,False
118,127,9,-1.8118559565734862,False
13,24,11,-1.8121889692687987,False
38,47,9,-1.812443597564697,False
127,159,32,-1.8129420356750487,False
82,102,20,-1.8133668371582032,False
70,159,89,-1.813427636871338,False
3,87,84,-1.8136033000183105,False
1,22,21,-1.8137437649536132,False
25,159,134,-1.8138878350830079,False
6,20,14,-1.8141875051879883,False
3,22,19,-1.81452308013916,False
23,153,130,-1.8146945629882811,False
38,81,43,-1.8150604872131346,False
80,92,12,-1.8150953990173337,False
2,20,18,-1.8151564485168457,False
4,88,84,-1.8163291159057617,False
57,86,29,-1.816610652923584,False
79,97,18,-1.8166922993469239,False
28,51,23,-1.817472794189453,False
2,17,15,-1.8175587962341306,False
31,39,8,-1.8178401856994628,False
152,157,5,-1.818512975769043,False
79,101,22,-1.8189703414916991,False
4,155,151,-1.8190193150329592,False
28,58,30,-1.8190563612365722,False
34,87,53,-1.819138146057129,False
105,156,51,-1.8193799142456055,False
41,97,56,-1.8194548315429688,False
4,158,154,-1.8194577288818359,False
9,17,8,-1.8199751512145999,False
22,115,93,-1.820115382385254,True
33,51,18,-1.8204476487731935,False
71,84,13,-1.8205031826782225,False
5,131,126,-1.8205332466125488,False
45,52,7,-1.8215013369750976,False
66,96,30,-1.8215941693115234,False
121,149,28,-1.8223513356018066,False
6,129,123,-1.8226325015258786,False
3,17,14,-1.8232436364746092,False
35,110,75,-1.823248253326416,False
80,93,13,-1.8232566502380372,False
36,44,8,-1.823423424987793,False
7,99,92,-1.8242627571105956,False
40,48,8,-1.8242871295166014,False
1,14,13,-1.8246768292236328,False
3,9,6,-1.8247265979003906,False
42,82,40,-1.8248001219177248,False
111,132,21,-1.8256842951965333,False
38,49,11,-1.8260415548706053,False
20,148,128,-1.8262714064025878,False
57,94,37,-1.8270375192260744,False
28,50,22,-1.8272566955566407,False
21,124,103,-1.8272616973876954,False
51,64,13,-1.8272704708862304,False
89,107,18,-1.8273242460632324,False
56,76,20,-1.8274616442871092,False
3,18,15,-1.8281918067932128,False
7,108,101,-1.8282824200439454,False
10,20,10,-1.828541413269043,False
48,73,25,-1.8286368495178222,False
60,99,39,-1.828749196472168,False
42,88,46,-1.8297156817626952,False
3,155,152,-1.8300513606262208,False
44,73,29,-1.8301079580688477,False
105,112,7,-1.830177108001709,False
108,132,24,-1.8303239727783205,False
69,79,10,-1.8303492245483397,False
21,146,125,-1.8305211450195311,False
32,59,27,-1.8305393769836424,False
30,144,114,-1.8306431173706055,False
111,133,22,-1.8306665660095216,False
38,82,44,-1.831085609741211,False
5,22,17,-1.8311163705444335,False
46,73,27,-1.8311459202575684,False
28,114,86,-1.8312724920654297,False
54,75,21,-1.831517444000244,False
1,113,112,-1.831815066680908,False
108,131,23,-1.832149916381836,False
25,31,6,-1.8322170901489259,False
72,82,10,-1.8323201486206055,False
30,95,65,-1.8328423945617676,False
71,80,9,-1.8329141969299318,False
71,78,7,-1.8331820568847657,False
4,22,18,-1.833199913635254,False
28,158,130,-1.8340249865722655,False
6,106,100,-1.8341813400268556,False
34,45,11,-1.8353118400573731,False
5,123,118,-1.8362065586853027,False
34,49,15,-1.836372728729248,False
53,75,22,-1.8368345692443846,False
1,11,10,-1.8369290409851076,False
31,51,20,-1.8372499024963378,False
139,148,9,-1.8375523875427244,False
80,100,20,-1.837733180847168,False
6,130,124,-1.8382078057861329,False
58,93,35,-1.83860510055542,False
23,159,136,-1.8386377555847169,False
29,149,120,-1.8393132240295411,False
20,153,133,-1.8395278436279299,False
24,113,89,-1.8395629074096678,True
103,127,24,-1.8399231201171875,False
46,94,48,-1.8399767237854003,True
56,88,32,-1.8400067503356934,False
97,104,7,-1.8407547148132324,False
31,138,107,-1.8408820014953613,False
22,123,101,-1.8410026759338378,False
122,144,22,-1.8410706025695802,False
128,136,8,-1.8428059494018556,False
102,108,6,-1.843495764770508,False
15,117,102,-1.84366535446167,False
136,152,16,-1.843702810974121,False
91,111,20,-1.8438389110565185,False
78,94,16,-1.8440315126037596,False
79,91,12,-1.845522751159668,False
52,62,10,-1.8456634628295898,False
29,58,29,-1.8457124768066406,False
24,159,135,-1.8457430673217772,False
36,48,12,-1.846260804901123,False
8,19,11,-1.8469368113708495,False
18,48,30,-1.8470888336181641,False
8,127,119,-1.8472049436950684,False
1,12,11,-1.8478760990905763,False
115,159,44,-1.8480861470031738,False
6,159,153,-1.848345590209961,False
37,48,11,-1.8492901773071289,False
130,137,7,-1.8493896643066408,False
6,119,113,-1.849818099822998,False
118,128,10,-1.8498712921142577,False
44,71,27,-1.8500582876586915,False
36,94,58,-1.8500927412414552,False
32,137,105,-1.8508974839782717,False
76,100,24,-1.8512701486206056,False
122,147,25,-1.851302158203125,False
132,138,6,-1.8513375415039064,False
92,100,8,-1.8513976504516603,False
126,136,10,-1.8515984327697754,False
100,127,27,-1.8516624198913576,False
66,98,32,-1.8521033940124512,False
2,156,154,-1.8522266529846192,False
129,136,7,-1.8525736753845217,False
30,136,106,-1.8529708944702148,False
9,20,11,-1.8536292637634275,True
4,98,94,-1.8538553665161133,False
79,92,13,-1.8541376766967772,False
36,45,9,-1.8542873046875,False
42,89,47,-1.8550515898132325,False
61,103,42,-1.855321287689209,False
44,101,57,-1.8555839451599119,False
43,100,57,-1.8556092614746096,False
42,66,24,-1.8556644596862792,False
114,131,17,-1.8557316043090821,False
139,144,5,-1.8557456875610352,False
77,105,28,-1.85617775390625,False
96,125,29,-1.8568275404357908,False
128,158,30,-1.8568714483642577,False
12,24,12,-1.8573362016296386,False
98,124,26,-1.857499681549072,False
25,113,88,-1.8576983779907228,False
1,133,132,-1.8579451475524902,False
32,95,63,-1.8580845358276368,False
38,83,45,-1.8583712936401366,False
17,159,142,-1.8584349479675293,False
44,70,26,-1.8584740977478027,False
41,49,8,-1.8585747410583497,False
43,81,38,-1.8587733221435545,False
65,102,37,-1.8588910723876952,False
122,131,9,-1.8589097271728516,False
25,118,93,-1.8589658975219727,False
58,92,34,-1.8590148681640624,False
15,26,11,-1.8591050555419923,False
36,84,48,-1.8591413368225098,False
14,116,102,-1.85965250289917,False
124,133,9,-1.8599149980163574,False
75,96,21,-1.8599344087219236,False
73,82,9,-1.8606128126525878,False
36,158,122,-1.8611177264404297,False
75,98,23,-1.8613820578002929,False
60,91,31,-1.8614397143554686,False
72,83,11,-1.8618893997192383,False
117,142,25,-1.8621884295654296,False
32,90,58,-1.862217276763916,False
127,136,9,-1.8624757235717773,False
6,101,95,-1.862720243988037,False
96,122,26,-1.8631421940612793,False
102,157,55,-1.863227540588379,False
114,132,18,-1.8635530567932128,False
2,133,131,-1.8643676858520508,False
17,27,10,-1.8645090843200685,False
8,159,151,-1.8647304455566407,False
3,101,98,-1.8649409455871582,False
52,74,22,-1.8656738493347167,False
1,155,154,-1.8657932977294922,False
7,98,91,-1.8674927493286133,False
31,50,19,-1.8678336973571779,False
113,118,5,-1.8682653227233885,False
61,93,32,-1.8683761836242678,False
138,149,11,-1.8692579473876954,False
99,124,25,-1.8693194270324707,False
57,88,31,-1.8694494068908694,False
35,111,76,-1.8700031968688964,False
78,85,7,-1.8711667921447757,False
57,77,20,-1.871570519104004,False
31,41,10,-1.8717929995727538,False
59,86,27,-1.8720471867370605,False
33,59,26,-1.8722104040527345,False
41,80,39,-1.8723278080749512,False
51,63,12,-1.8726639517211914,False
20,49,29,-1.8734407148742676,False
16,28,12,-1.8737763059997559,False
59,79,20,-1.8742339616394044,False
118,142,24,-1.8742576162719726,False
63,82,19,-1.8743062898254395,False
147,152,5,-1.8745686837768556,False
121,143,22,-1.8747413972473144,False
61,101,40,-1.8748162438964844,False
26,117,91,-1.8750343872070314,False
1,84,83,-1.8750359880065919,False
4,132,128,-1.875555868988037,False
61,100,39,-1.8757781884765623,False
114,148,34,-1.8760469535827635,False
30,149,119,-1.876728462677002,False
129,156,27,-1.8773624118041994,False
1,23,22,-1.8782349082946777,False
51,65,14,-1.8783242697143554,False
10,19,9,-1.8793438911437987,False
45,55,10,-1.879471300354004,False
21,145,124,-1.879547101287842,False
17,126,109,-1.880023472290039,False
140,155,15,-1.8802752293395997,False
2,14,12,-1.880323275756836,False
7,159,152,-1.881475732421875,False
60,88,28,-1.8814892611694336,False
37,45,8,-1.881856171722412,False
116,127,11,-1.8819503982543946,False
32,41,9,-1.8823388249206545,False
29,51,22,-1.8823521580505371,False
45,101,56,-1.8824732885742186,False
60,92,32,-1.882709903564453,False
19,159,140,-1.8829960639953611,False
60,98,38,-1.8831418363952637,False
70,80,10,-1.8832562699890136,False
2,12,10,-1.883365101928711,False
5,156,151,-1.8841324563598634,False
53,67,14,-1.8841662295532227,False
30,143,113,-1.884261039276123,False
2,86,84,-1.8844349186706544,False
1,83,82,-1.8846370072937013,False
18,27,9,-1.8851575756835939,False
16,159,143,-1.885661551208496,False
55,75,20,-1.8858465577697754,False
10,22,12,-1.8858953681945798,False
16,127,111,-1.8859631532287597,False
22,153,131,-1.8863149641418455,False
56,67,11,-1.8864548086547852,False
76,96,20,-1.88663260055542,False
74,86,12,-1.8871758889770507,False
41,50,9,-1.8874418266296389,False
1,115,114,-1.888079730987549,False
139,147,8,-1.8883644328308105,False
125,134,9,-1.8885678965759276,False
98,122,24,-1.8885936186218264,False
15,159,144,-1.888859266357422,False
5,88,83,-1.8890167839050291,False
58,78,20,-1.8890871728515624,False
33,46,13,-1.8892987629699707,False
76,103,27,-1.8893282487487792,False
65,100,35,-1.8893560437011718,False
28,95,67,-1.8895840904235839,False
109,132,23,-1.889584599304199,False
63,93,30,-1.8902762611389161,False
8,100,92,-1.890288003692627,False
34,59,25,-1.8904179472351075,False
9,127,118,-1.8907487103271485,False
37,83,46,-1.8910267292785643,False
20,152,132,-1.891470848083496,False
89,103,14,-1.8920215447998046,False
14,26,12,-1.8921175418090819,False
148,159,11,-1.893626402130127,False
82,109,27,-1.8936655557250976,False
149,159,10,-1.8937756463623046,False
34,153,119,-1.893797167816162,False
70,79,9,-1.8940314558410645,False
59,88,29,-1.8944631825256348,False
116,154,38,-1.8944696533203125,False
83,95,12,-1.8944868934631347,False
65,94,29,-1.895132833557129,False
82,100,18,-1.896195195617676,False
57,67,10,-1.8962105171203614,False
115,143,28,-1.896820303955078,False
34,85,51,-1.8971121058654785,False
57,95,38,-1.897320485534668,False
6,120,114,-1.8974674992370606,False
22,142,120,-1.8985855812072754,False
23,141,118,-1.8990821968078613,False
11,19,8,-1.89944530380249,False
41,103,62,-1.8997981924438476,True
45,73,28,-1.8998814323425293,False
138,158,20,-1.899965090332031,False
6,104,98,-1.900400135192871,False
27,54,27,-1.9005897463989256,False
58,67,9,-1.9011328712463378,False
14,28,14,-1.9013682698059082,False
6,155,149,-1.9014774359130862,False
91,104,13,-1.9015079747009278,False
76,98,22,-1.901509941253662,False
89,104,15,-1.9021919059753418,False
101,122,21,-1.9024225396728514,False
81,98,17,-1.9026584315490722,False
30,148,118,-1.9027686073303223,False
77,85,8,-1.902826781311035,False
58,96,38,-1.9032530616760255,False
34,86,52,-1.9036965345764159,False
9,19,10,-1.9039959213256836,False
54,67,13,-1.9041435527038573,False
62,104,42,-1.9046262573242188,False
43,101,58,-1.904801288909912,False
3,156,153,-1.9051974307250976,False
58,80,22,-1.9053421717834471,False
115,130,15,-1.9053478605651855,False
35,109,74,-1.905665051879883,False
80,105,25,-1.9056864164733889,False
43,103,60,-1.9057649226379394,False
81,101,20,-1.906043293457031,False
20,147,127,-1.9060656060791015,False
68,159,91,-1.9061471519470217,False
27,53,26,-1.9062697236633301,False
128,137,9,-1.9063454278564453,False
30,110,80,-1.906393076019287,False
83,105,22,-1.9076005259704591,False
42,103,61,-1.907738126373291,False
7,128,121,-1.9078199160766602,False
27,57,30,-1.9090798844909667,False
91,105,14,-1.9092068161010745,False
32,111,79,-1.9098534350585936,False
2,10,8,-1.9099040516662598,False
31,140,109,-1.9099617877197264,False
77,97,20,-1.9100330204772948,False
109,124,15,-1.9100480096435546,False
84,94,10,-1.9101852206420897,False
69,80,11,-1.9107154985046386,False
33,137,104,-1.9109197193908691,False
66,97,31,-1.9111806587219238,False
99,122,23,-1.9113502313232424,False
59,91,32,-1.9115597030639648,False
18,46,28,-1.911626742706299,False
30,36,6,-1.9118108369445799,False
40,64,24,-1.9118630810546875,False
101,157,56,-1.911944657897949,False
117,127,10,-1.9122142056274414,False
92,101,9,-1.912492697753906,False
58,83,25,-1.9126917916870116,False
74,96,22,-1.912747617340088,False
2,22,20,-1.9127598455810546,False
32,139,107,-1.9127926509094237,False
4,10,6,-1.912870919494629,False
106,155,49,-1.912962652435303,False
64,103,39,-1.9133985522460937,False
32,47,15,-1.9134276675415038,False
59,65,6,-1.9137945724487306,False
5,154,149,-1.9139234953308104,False
18,96,78,-1.9142094750976562,False
127,137,10,-1.9142641596984862,False
30,42,12,-1.914307060394287,False
139,156,17,-1.914515067138672,False
85,94,9,-1.9145890757751467,False
110,123,13,-1.9148784117126465,False
57,159,102,-1.9150212164306641,False
28,96,68,-1.9151592323303224,False
38,95,57,-1.915797159576416,False
3,16,13,-1.9160249519348145,False
1,13,12,-1.9161754541015625,False
29,59,30,-1.916289195251465,False
115,144,29,-1.9175519538879395,False
66,81,15,-1.9178192903137208,False
55,61,6,-1.9181106996154784,False
18,159,141,-1.9181296499633789,False
40,49,9,-1.918452170715332,False
108,124,16,-1.918491109008789,False
33,50,17,-1.9186223916625977,False
33,153,120,-1.9190750646972656,False
80,98,18,-1.919746087036133,False
96,107,11,-1.919879676361084,False
97,106,9,-1.9204004151916503,False
103,113,10,-1.9206085804748536,False
30,40,10,-1.9207332850646974,False
32,49,17,-1.921589695587158,False
20,159,139,-1.9216509559631347,False
4,114,110,-1.922718298187256,False
113,131,18,-1.9233249459838866,False
43,68,25,-1.923439113006592,False
30,147,117,-1.9239297300720213,False
27,55,28,-1.9239573379516604,False
33,110,77,-1.924314648284912,False
21,144,123,-1.9243438912963868,False
31,59,28,-1.924903861541748,False
28,115,87,-1.9249966285705564,False
6,19,13,-1.92505279586792,False
62,92,30,-1.9251762879943848,False
59,92,33,-1.9256676705932616,False
18,153,135,-1.9261071011352537,False
32,44,12,-1.9264816355895995,False
57,87,30,-1.9266352668762206,False
104,130,26,-1.9266910261535646,False
14,159,145,-1.9270546502685548,False
74,102,28,-1.9271473046874998,False
35,84,49,-1.9272445707702637,False
10,126,116,-1.928004793548584,False
2,9,7,-1.9280088949584961,False
28,49,21,-1.928095743865967,False
9,126,117,-1.9285630058288574,False
43,67,24,-1.9286434516906739,False
41,51,10,-1.9286521141052249,False
29,111,82,-1.9288744924926757,False
9,111,102,-1.9301696318054198,False
56,87,31,-1.9304104313659667,False
42,84,42,-1.9307148153686522,False
126,135,9,-1.9309327116394044,False
31,47,16,-1.931421086730957,False
39,48,9,-1.9314451199340819,False
128,135,7,-1.9320104891967773,False
47,97,50,-1.9324513150024416,False
47,75,28,-1.932545156402588,False
6,90,84,-1.9327936764526368,False
115,142,27,-1.9330626667785644,False
67,159,92,-1.933486548461914,False
47,95,48,-1.9335786123657226,False
116,142,26,-1.933598865814209,False
72,78,6,-1.9342175050354005,False
14,128,114,-1.9347897447204592,False
30,145,115,-1.93506552734375,False
58,91,33,-1.9358984771728516,False
71,79,8,-1.9360981602478027,False
74,98,24,-1.9365372404479981,False
26,112,86,-1.936812846069336,False
45,53,8,-1.9376259463500975,False
13,128,115,-1.9378180392456055,False
26,157,131,-1.9380172856140139,False
112,120,8,-1.9381422137451172,False
44,103,59,-1.938360751800537,False
33,41,8,-1.9387633683776855,False
34,47,13,-1.9388525498962401,False
76,95,19,-1.9389623867797852,False
91,97,6,-1.9390191484069823,False
55,67,12,-1.9392491108703613,False
21,153,132,-1.9395987536621093,False
65,81,16,-1.9399971838378907,False
18,47,29,-1.9404785737609864,False
33,154,121,-1.9408266235351561,False
137,142,5,-1.941040854034424,False
123,131,8,-1.9411702565002442,False
120,129,9,-1.9412258471679689,False
42,87,45,-1.9413622521972655,False
58,159,101,-1.9424344299316405,False
12,25,13,-1.9425576484680174,False
4,156,152,-1.942675892791748,False
47,74,27,-1.9427800788879395,False
8,92,84,-1.94290526260376,False
21,152,131,-1.942959162902832,False
98,105,7,-1.9431009080505373,False
42,83,41,-1.9432359083557127,False
19,48,29,-1.9440833599853515,False
21,159,138,-1.9441440357971191,False
132,155,23,-1.9445082760620118,False
37,61,24,-1.9448098146057127,False
57,63,6,-1.944943867340088,False
123,145,22,-1.9450369468688966,False
22,159,137,-1.9450850141906737,False
52,67,15,-1.9454314291381833,False
1,134,133,-1.945434610748291,False
9,159,150,-1.9454962127685547,False
58,64,6,-1.9457246926879883,False
46,100,54,-1.9459449464416505,False
59,97,38,-1.9461355960083009,False
83,109,26,-1.9462276470947266,False
133,139,6,-1.9464366474914552,False
122,148,26,-1.9464377810668947,False
111,121,10,-1.9464698207092286,False
108,113,5,-1.9465578057861328,False
115,155,40,-1.9468771980285644,False
48,98,50,-1.946938271636963,False
1,154,153,-1.9469607038879395,False
38,48,10,-1.9471917567443846,False
6,25,19,-1.9474093370056154,False
25,119,94,-1.9474292198181153,False
102,127,25,-1.947864532623291,False
72,159,87,-1.9480599671936034,False
28,112,84,-1.9484623043823242,False
47,96,49,-1.9486069969177247,False
91,103,12,-1.948766125946045,False
93,111,18,-1.9494747485351565,False
48,74,26,-1.9496891593933108,False
59,66,7,-1.9500072721862793,False
7,23,16,-1.9500256945800782,False
2,15,13,-1.950318321990967,False
64,93,29,-1.9515083837890626,False
27,111,84,-1.9518313232421876,False
3,133,130,-1.9521425659179688,False
44,159,115,-1.9524127507019042,False
18,26,8,-1.9529535836791994,False
1,24,23,-1.9529973213195801,False
132,139,7,-1.953768637084961,False
49,74,25,-1.9538152087402345,False
99,126,27,-1.9545536431884767,False
30,58,28,-1.9551510481262206,False
92,102,10,-1.9556157978820798,False
71,159,88,-1.9557180323791503,False
31,89,58,-1.9563461419677737,False
13,25,12,-1.9564561705017092,False
28,94,66,-1.9565613522338867,False
96,124,28,-1.956632897644043,False
75,95,20,-1.9566389775085447,False
3,86,83,-1.9572775134277343,False
99,107,8,-1.957566970214844,False
32,138,106,-1.9577900755310058,False
89,106,17,-1.9587401541137694,False
20,126,106,-1.9588626959228517,False
108,154,46,-1.9591465646362305,False
58,82,24,-1.959370580596924,False
75,86,11,-1.9594310227966307,False
2,98,96,-1.9595738378906251,False
68,80,12,-1.960119381866455,False
25,154,129,-1.9604383158874512,False
71,85,14,-1.9609735322570798,False
89,109,20,-1.96131947555542,False
44,92,48,-1.961387608795166,False
35,157,122,-1.9615508607482908,False
13,159,146,-1.9618295782470703,False
47,76,29,-1.962817158203125,False
140,159,19,-1.9631905754089356,False
107,131,24,-1.9633368927001953,False
78,92,14,-1.9634499714660645,False
30,96,66,-1.9639387159729005,False
18,51,33,-1.9640280281066893,False
5,122,117,-1.9640608348083497,False
73,79,6,-1.9643716691589355,False
80,97,17,-1.9644446958923338,False
31,151,120,-1.9645294023132323,False
102,158,56,-1.9653020915222168,False
74,100,26,-1.9656203482055665,False
13,114,101,-1.966281861114502,False
131,139,8,-1.966381614074707,False
17,26,9,-1.9664042500305174,False
105,113,8,-1.967426166534424,False
98,126,28,-1.9677463763427734,False
81,97,16,-1.9678889251708984,False
121,142,21,-1.9694382760620115,False
34,154,120,-1.9695195446777345,False
80,107,27,-1.9702705358886718,False
21,49,28,-1.9706508250427244,False
1,82,81,-1.970970989227295,False
32,112,80,-1.9717303970336915,False
17,117,100,-1.972233151702881,False
29,112,83,-1.9725017793273925,False
119,129,10,-1.9730188970947264,False
59,87,28,-1.9730343055725097,False
84,106,22,-1.9732710758972167,False
5,157,152,-1.9740068273925782,False
74,95,21,-1.974522561035156,False
97,105,8,-1.9757632939147949,False
126,134,8,-1.9759101368713377,False
7,107,100,-1.9766796652221679,False
120,130,10,-1.9769115455627442,False
91,110,19,-1.9769404472351073,False
112,150,38,-1.977038204803467,False
3,23,20,-1.9773418251037598,False
19,126,107,-1.9774659791564944,False
19,151,132,-1.9775687777709963,False
1,124,123,-1.9781822842407226,False
151,158,7,-1.9788387614440919,False
115,129,14,-1.9789247889709471,False
37,158,121,-1.9790730389404296,False
93,110,17,-1.9794348730468752,False
7,25,18,-1.9799037506103516,False
53,62,9,-1.9803624641418456,False
105,124,19,-1.9806197074890135,False
90,96,6,-1.9806944517517089,False
100,159,59,-1.9811231831359861,False
139,146,7,-1.9820718742370604,False
6,23,17,-1.9821589547729492,False
113,157,44,-1.9823324356079102,False
36,83,47,-1.9827374530029296,False
21,116,95,-1.9827812229919435,False
65,101,36,-1.9829848443603517,False
2,113,111,-1.9829865760803222,False
6,131,125,-1.9830927752685548,False
20,97,77,-1.983272967071533,False
104,156,52,-1.9833411080932617,False
138,143,5,-1.9835538032531737,False
103,124,21,-1.983771017150879,False
70,81,11,-1.9841468489074707,False
1,153,152,-1.984178379058838,False
20,31,11,-1.984234472351074,False
33,89,56,-1.9843133822631835,False
73,159,86,-1.984432167816162,False
31,141,110,-1.9850496820068357,False
64,82,18,-1.9850932148742675,False
2,134,132,-1.9853207212829591,False
25,139,114,-1.9859018997192384,False
19,150,131,-1.9861249446105957,False
122,143,21,-1.9866044207763671,False
2,114,112,-1.9870437811279296,False
106,130,24,-1.9870602334594725,False
15,27,12,-1.987518085784912,False
46,159,113,-1.9879574153137205,False
17,153,136,-1.987960525665283,False
38,158,120,-1.9880773651123047,False
3,98,95,-1.9881975184631346,False
103,129,26,-1.989428285522461,False
11,159,148,-1.990170234527588,False
57,78,21,-1.990394125061035,False
119,141,22,-1.9908229284667969,False
43,82,39,-1.9908237872314452,False
73,87,14,-1.9910632426452637,False
56,86,30,-1.9914501319885254,False
23,30,7,-1.992045523223877,False
31,49,18,-1.9923562403869628,False
15,95,80,-1.993467628173828,False
19,50,31,-1.9935127465820313,False
1,137,136,-1.99361299911499,False
2,23,21,-1.9937713722229002,False
41,78,37,-1.9941544789123538,False
39,158,119,-1.99423220993042,False
129,137,8,-1.9945109468078612,False
30,51,21,-1.9947793278503418,False
21,30,9,-1.9950640322875977,False
33,112,79,-1.9953030094909667,False
33,139,106,-1.9955911535644533,False
128,157,29,-1.9964401182556153,False
94,108,14,-1.996755588531494,False
16,26,10,-1.9969451136779786,False
1,36,35,-1.9969592309570312,False
57,93,36,-1.9970052510070802,False
17,127,110,-1.9970176289367676,False
57,66,9,-1.9970713497924806,False
23,122,99,-1.997250659637451,False
26,156,130,-1.9972782977294923,False
120,141,21,-1.9976563203430175,False
15,96,81,-1.9978294761657716,True
17,118,101,-1.99804690536499,False
46,74,28,-1.999615327911377,False
34,108,74,-2.000495162811279,False
18,45,27,-2.000597940826416,False
27,96,69,-2.0007798895263673,False
130,138,8,-2.0016762113952637,False
43,72,29,-2.0017038818359376,False
25,57,32,-2.0017285971069336,False
10,159,149,-2.0019838832092285,False
88,159,71,-2.002094488525391,False
5,34,29,-2.0022186489868163,True
44,76,32,-2.0027032427978515,False
83,103,20,-2.0029584362792967,False
4,12,8,-2.0034866845703125,False
20,116,96,-2.003646083984375,False
1,117,116,-2.0037167114257812,False
7,103,96,-2.0041506199645998,False
77,104,27,-2.0043906831359863,False
33,44,11,-2.00458409072876,False
106,112,6,-2.004779849700928,False
66,94,28,-2.0050242959594726,False
27,52,25,-2.005230820770264,False
49,75,26,-2.005517983703613,False
30,46,16,-2.005571972351074,False
41,157,116,-2.005632353668213,False
127,135,8,-2.0058374868774416,False
45,159,114,-2.0064741131591797,False
19,117,98,-2.0064925260925293,False
19,30,11,-2.0067567518615723,False
63,83,20,-2.007114522705078,False
95,107,12,-2.0072630749511715,False
29,49,20,-2.0077185446166994,False
60,89,29,-2.008682096710205,False
12,159,147,-2.008833058166504,False
100,109,9,-2.0089622061157226,False
79,88,9,-2.009197050323486,False
4,133,129,-2.009361947479248,False
32,136,104,-2.0094214236450196,False
72,86,14,-2.00957593460083,False
67,81,14,-2.009612621765137,False
102,128,26,-2.0097923666381834,False
42,86,44,-2.0103070191955568,False
27,59,32,-2.0103311030578612,False
92,159,67,-2.0107973095703127,False
42,80,38,-2.0108094317626954,False
19,152,133,-2.011273493041992,False
113,132,19,-2.0120754499816895,False
47,159,112,-2.0121661054992677,False
47,99,52,-2.0122018240356447,False
71,82,11,-2.012236212463379,False
3,154,151,-2.0122607206726073,False
89,108,19,-2.0124193710327147,False
5,121,116,-2.012529387512207,False
45,76,31,-2.0130861518859864,False
107,132,25,-2.013198489227295,False
4,23,19,-2.013315760345459,False
84,108,24,-2.013539319610596,False
51,74,23,-2.0140032887268067,False
32,45,13,-2.0140807344055176,False
27,95,68,-2.0148414599609374,False
102,109,7,-2.0149044425964355,False
16,27,11,-2.01528695022583,False
17,49,32,-2.015815478363037,False
97,107,10,-2.015932491912842,False
48,75,27,-2.015968101348877,False
89,105,16,-2.016078369140625,False
98,106,8,-2.0166119566345215,False
27,33,6,-2.0171899826049806,False
74,87,13,-2.017291797180176,False
52,65,13,-2.018043889465332,False
7,24,17,-2.0181111517333985,True
18,126,108,-2.0187326823425296,False
100,108,8,-2.018804143066406,False
32,140,108,-2.0188991424560547,False
73,99,26,-2.0190252923583984,False
9,94,85,-2.0191381419372556,False
11,23,12,-2.0194779740905764,False
51,66,15,-2.019495478820801,False
101,108,7,-2.0195893028259277,False
27,136,109,-2.0199051818847655,False
2,155,153,-2.020186146697998,False
9,100,91,-2.0202258419799803,False
112,132,20,-2.020281072540283,False
136,151,15,-2.0207245790100097,False
33,49,16,-2.021132360229492,False
41,66,25,-2.021327929840088,False
29,50,21,-2.0215122602844238,False
19,51,32,-2.0216213569641113,False
18,95,77,-2.0218018568420413,False
33,95,62,-2.0219063285827636,False
116,159,43,-2.022212153778076,False
116,140,24,-2.0224391300964357,False
30,50,20,-2.022850319366455,False
39,63,24,-2.0230786032104495,False
76,106,30,-2.0232665641784666,False
26,32,6,-2.02346205368042,False
1,135,134,-2.023651854553223,False
114,133,19,-2.0240777632141116,False
4,154,150,-2.0241970599365233,False
29,95,66,-2.0242092160034177,False
85,159,74,-2.024225919342041,False
148,153,5,-2.0243714315795898,False
42,102,60,-2.0260245602416993,False
31,136,105,-2.0260860623168946,False
101,129,28,-2.026500127105713,False
42,78,36,-2.0266023110961915,False
6,156,150,-2.0267481314086915,False
139,145,6,-2.027051048431397,False
96,126,30,-2.027349258270264,False
79,89,10,-2.0276827587890627,False
18,97,79,-2.02830145324707,False
105,130,25,-2.028474552307129,False
6,89,83,-2.029009439239502,False
2,13,11,-2.029332878265381,False
141,159,18,-2.0293381645202637,False
43,69,26,-2.0294572528076174,False
80,90,10,-2.0297704013061524,False
14,27,13,-2.02990745300293,False
12,130,118,-2.02990750579834,False
115,140,25,-2.030048544921875,False
5,158,153,-2.0306607107543946,False
134,140,6,-2.0309030970764157,False
34,48,14,-2.0310693977355956,False
62,105,43,-2.0311012361145018,False
54,76,22,-2.031612715301514,False
1,116,115,-2.0316635287475586,False
107,124,17,-2.0328187062072756,False
121,150,29,-2.032997123413086,False
62,85,23,-2.033161585845947,False
19,154,135,-2.033507398376465,False
6,154,148,-2.0341350355529784,False
43,80,37,-2.034202307281494,False
56,62,6,-2.034325500793457,False
11,24,13,-2.034506887359619,False
79,159,80,-2.034570507659912,False
26,158,132,-2.0349476393127444,False
89,111,22,-2.035120577545166,False
28,34,6,-2.0351227935791014,False
72,88,16,-2.0351713859558105,False
145,152,7,-2.0353170532226565,False
147,159,12,-2.0355489544677736,False
110,122,12,-2.0358383779907223,False
4,124,120,-2.0364343409729004,False
5,153,148,-2.036573924255371,False
18,29,11,-2.0366581788635254,False
35,108,73,-2.0370092753601075,False
52,64,12,-2.037201885681152,False
149,158,9,-2.037675065307617,False
104,132,28,-2.03776925201416,False
122,132,10,-2.038063027496338,False
88,94,6,-2.0380678056335446,False
86,159,73,-2.0383368547058103,False
88,107,19,-2.038579125366211,False
56,85,29,-2.0386110470581054,False
74,159,85,-2.0389270661926266,False
46,76,30,-2.039040088348389,False
30,92,62,-2.0391625213623046,False
59,99,40,-2.0392314598083496,False
32,110,78,-2.0392356115722654,False
84,107,23,-2.03944546585083,False
86,94,8,-2.0397287606811525,False
27,117,90,-2.040088564300537,False
89,159,70,-2.0404968502807614,False
3,14,11,-2.040743737182617,False
102,123,21,-2.0411020089721683,False
137,150,13,-2.041163327026367,False
151,156,5,-2.0413024624633787,False
100,128,28,-2.041367329101562,False
18,154,136,-2.041434588012695,False
9,25,16,-2.0414954258728026,False
95,123,28,-2.041971755371094,False
22,141,119,-2.0422653160095217,False
19,46,27,-2.04251641204834,False
84,159,75,-2.0426160556030273,False
1,152,151,-2.0432606399536133,False
41,158,117,-2.043536460571289,False
114,135,21,-2.0438604861450194,False
108,133,25,-2.0439882765197757,False
19,148,129,-2.044160988006592,False
45,93,48,-2.0443208992004394,False
80,101,21,-2.0443722219848635,False
34,84,50,-2.0444354389953614,False
119,152,33,-2.0444811305236814,False
29,136,107,-2.0450483087158204,False
125,135,10,-2.0451825578308105,False
45,123,78,-2.045536583557129,False
110,152,42,-2.045588197479248,False
33,88,55,-2.0458111918640136,False
57,64,7,-2.0459719287109377,False
112,119,7,-2.0460616606140136,False
58,79,21,-2.0462458531188963,False
128,138,10,-2.0468189193725586,False
17,96,79,-2.046932161407471,False
50,74,24,-2.046986424102783,False
75,101,26,-2.0470723692321777,False
48,159,111,-2.047177156829834,False
124,134,10,-2.0473345124816893,False
4,11,7,-2.0478229498291016,False
30,93,63,-2.0479950822448734,False
71,83,12,-2.0483721533203125,False
11,25,14,-2.0485361657714845,False
78,91,13,-2.0486047492980957,False
55,76,21,-2.0486065283203123,False
32,48,16,-2.049033956756592,False
19,118,99,-2.0492120263671874,False
8,128,120,-2.049253800506592,False
150,157,7,-2.049426844024658,False
59,159,100,-2.049655927886963,False
16,96,80,-2.0499800024414063,False
33,45,12,-2.0499800177001957,False
46,75,29,-2.0503156446838378,False
35,60,25,-2.0506620919799805,False
61,159,98,-2.050718861999512,False
97,121,24,-2.0510342378234863,False
72,99,27,-2.051249408569336,False
1,138,137,-2.0514579428100586,False
121,141,20,-2.0515548803710937,False
123,146,23,-2.052228123474121,False
66,159,93,-2.052584411468506,False
126,137,11,-2.0528521617126465,False
11,112,101,-2.0530279948425294,False
71,88,17,-2.053222895202637,False
5,25,20,-2.0535744554138184,False
6,24,18,-2.0535862001037595,False
19,149,130,-2.0543827159118653,False
31,109,78,-2.0548059666442873,False
36,95,59,-2.055015650177002,False
111,151,40,-2.0556505548095703,False
42,158,116,-2.056155925292969,False
19,47,28,-2.0564365072631836,False
58,66,8,-2.0564478192138673,False
27,50,23,-2.056571280212402,False
38,62,24,-2.0568723886108398,False
10,127,117,-2.0568969927978515,False
82,97,15,-2.0569554508972168,False
102,122,20,-2.0574344114685057,False
57,96,39,-2.0577524014282225,False
121,131,10,-2.0577819467163083,False
80,86,6,-2.058273309326172,False
10,96,86,-2.0587736323547365,False
29,46,17,-2.059051426086426,False
119,140,21,-2.059139414367676,False
1,35,34,-2.059254777069092,False
80,87,7,-2.059387537231445,False
56,159,103,-2.0594453297424318,False
115,141,26,-2.059488338317871,False
22,49,27,-2.0598036280822756,False
3,12,9,-2.059908812561035,False
23,155,132,-2.060648126525879,False
35,156,121,-2.0609834225463866,False
9,23,14,-2.061116381530762,False
86,109,23,-2.0612296620178223,False
17,97,80,-2.061330088348389,False
75,97,22,-2.0614501139831543,False
60,102,42,-2.0619081996154787,False
118,129,11,-2.0620829327392576,False
30,146,116,-2.06212000289917,False
114,147,33,-2.062122819519043,False
30,38,8,-2.0622691117858887,False
50,66,16,-2.062363094329834,False
99,159,60,-2.062538592681885,False
80,88,8,-2.062902347717285,False
8,99,91,-2.062911468811035,False
45,103,58,-2.0632476676940916,False
87,159,72,-2.0636453179931644,False
37,82,45,-2.063719553527832,False
50,159,109,-2.0637403675842285,False
94,109,15,-2.0637845310974123,False
1,34,33,-2.0638431355285647,False
27,56,29,-2.0640561840820313,False
76,101,25,-2.064092771759033,False
122,149,27,-2.064101005706787,False
101,158,57,-2.0641440353393556,False
107,113,6,-2.0642136628723144,False
29,96,67,-2.0642601959228513,False
109,153,44,-2.0644851422119137,False
72,79,7,-2.06478734954834,False
130,139,9,-2.0648784336853026,False
123,144,21,-2.064922682647705,False
123,132,9,-2.0651237565612792,False
52,75,23,-2.0652235795593263,False
2,24,22,-2.0652918276977537,False
30,114,84,-2.066255209503174,False
118,141,23,-2.066282573852539,False
33,138,105,-2.066941160888672,False
4,13,9,-2.0677293626403808,False
127,134,7,-2.0677535494995114,False
85,109,24,-2.0680311952209474,False
10,95,85,-2.068142804107666,False
30,39,9,-2.068773074798584,False
2,11,9,-2.068943945770264,False
45,75,30,-2.069185747680664,False
8,25,17,-2.06924869644165,False
104,123,19,-2.0692880012512207,False
59,89,30,-2.069851304321289,False
37,81,44,-2.0699584812927245,False
43,77,34,-2.0700884980773924,False
60,103,43,-2.0701952285766603,False
32,96,64,-2.0703406684875487,False
57,81,24,-2.0706805206298826,False
23,140,117,-2.0708560034179686,False
26,53,27,-2.071935963592529,False
57,89,32,-2.0720111680603024,False
92,112,20,-2.0723242086791993,False
8,109,101,-2.0723881999206544,False
126,159,33,-2.0724453634643556,False
62,106,44,-2.0725005278015134,False
91,99,8,-2.072932571258545,False
15,29,14,-2.0737907237243656,False
90,159,69,-2.0741135595703124,False
24,57,33,-2.0746400422668456,False
44,74,30,-2.0747922309875486,False
63,84,21,-2.075084629516602,False
20,50,30,-2.07520589553833,False
28,46,18,-2.075541689605713,False
3,15,12,-2.0757645027160647,False
83,96,13,-2.0763229554748532,False
21,31,10,-2.0764987397766115,False
122,142,20,-2.0770531553649905,False
28,111,83,-2.077094013977051,False
50,75,25,-2.0772225926208496,False
77,93,16,-2.07745958404541,False
32,89,57,-2.0775259883117676,False
4,87,83,-2.077604544830322,False
113,158,45,-2.0778555310058593,False
77,94,17,-2.0780366079711916,False
102,111,9,-2.0781901806640626,False
27,94,67,-2.078264583129883,False
83,104,21,-2.0790054161071776,False
90,100,10,-2.0794342231750487,False
31,44,13,-2.079557776031494,False
72,87,15,-2.079623285369873,False
82,159,77,-2.0801553367614747,False
61,92,31,-2.0804665814208985,False
138,148,10,-2.0805384382629395,False
91,159,68,-2.0807168399047855,False
57,92,35,-2.0809729020690915,True
21,125,104,-2.081084479370117,False
56,66,10,-2.0817973809814454,False
85,106,21,-2.0822283459472657,False
96,159,63,-2.0822648435974123,False
12,129,117,-2.082724366455078,False
112,133,21,-2.0828469371032714,False
21,96,75,-2.0830632991027835,False
75,159,84,-2.0833174446105955,False
16,116,100,-2.0835261277770996,False
19,97,78,-2.0835363064575194,False
8,98,90,-2.083663740997314,False
78,159,81,-2.0845198976135255,False
1,81,80,-2.0846087281799317,False
76,86,10,-2.0846163694763185,False
71,87,16,-2.08462842376709,False
117,159,42,-2.0846407189941405,False
54,159,105,-2.0852939231872556,False
81,108,27,-2.085441381988525,False
123,143,20,-2.0854591848754884,False
116,141,25,-2.085653878631592,False
8,155,147,-2.0858619636535645,False
41,98,57,-2.086369267272949,False
66,100,34,-2.0864142657470706,False
86,108,22,-2.086525123138428,False
78,88,10,-2.0866143519592284,False
89,110,21,-2.0868885362243654,False
25,155,130,-2.0869043244934082,False
109,133,24,-2.08698753112793,False
14,115,101,-2.0871203314208984,False
56,89,33,-2.087299806213379,False
35,155,120,-2.087322333984375,False
5,23,18,-2.0873433317565917,False
127,158,31,-2.0875753804016113,False
150,155,5,-2.087903277435303,False
5,132,127,-2.0879261485290526,False
75,87,12,-2.0886700761413577,False
102,110,8,-2.0886925721740726,False
51,75,24,-2.0887493730163573,False
83,159,76,-2.08953057800293,False
19,155,136,-2.089938379821777,False
116,128,12,-2.0902041284179687,False
144,153,9,-2.0902675207519534,False
95,159,64,-2.090737671966553,False
52,63,11,-2.0910930282592775,False
56,95,39,-2.0911192172241213,False
43,78,35,-2.0912757862854003,False
110,135,25,-2.0913578273010254,False
12,96,84,-2.0917129435729978,False
7,130,123,-2.0917644732666014,False
57,80,23,-2.091916305236816,False
3,10,7,-2.0920032556152344,False
110,134,24,-2.0920891941833495,False
27,58,31,-2.092470954742432,False
9,24,15,-2.0926559454345703,False
44,75,31,-2.0926640589904784,False
31,48,17,-2.092697998046875,False
22,47,25,-2.0931326658630374,False
120,151,31,-2.0933264170837402,False
42,157,115,-2.093427621459961,False
74,103,29,-2.09367050491333,False
97,159,62,-2.093716413116455,False
24,139,115,-2.09413542098999,False
90,112,22,-2.0950592192077635,False
1,38,37,-2.095993584289551,False
1,148,147,-2.096218131866455,False
20,127,107,-2.09641248046875,False
29,114,85,-2.0964662460327146,False
85,95,10,-2.0968887017822264,False
2,83,81,-2.0971423513793943,False
74,97,23,-2.0972564324951173,False
99,108,9,-2.0973152975463867,False
80,89,9,-2.0975095030212403,False
36,157,121,-2.097511871948242,False
37,157,120,-2.098001371002197,False
89,95,6,-2.0986105516052245,False
31,97,66,-2.098695941925049,False
22,31,9,-2.098876723022461,False
90,99,9,-2.099122777557373,False
98,159,61,-2.0991548374938964,False
45,74,29,-2.099710308227539,False
60,87,27,-2.0998313319396975,False
1,37,36,-2.0998782659912107,False
119,130,11,-2.1000963061523437,False
27,49,22,-2.101112512207031,False
1,123,122,-2.1012548974609375,False
23,114,91,-2.1014422805786133,False
60,159,99,-2.101621617279053,False
36,82,46,-2.1018502561950685,False
39,157,118,-2.102063758544922,False
23,154,131,-2.1022565800476074,False
7,101,94,-2.1022750289916994,False
7,104,97,-2.1024212182617186,False
99,109,10,-2.1031409690856933,False
128,156,28,-2.1033726722717283,True
32,113,81,-2.10377001953125,False
2,135,133,-2.103876107788086,False
76,97,21,-2.1039148149108886,False
32,152,120,-2.104149291229248,False
25,137,112,-2.104466451263428,False
8,24,16,-2.1045961705017087,False
25,54,29,-2.104716823577881,False
113,133,20,-2.104856827850342,False
123,139,16,-2.1049215824890135,False
84,95,11,-2.105179913635254,False
1,151,150,-2.1058192524719237,False
7,155,148,-2.1058524685668947,False
90,102,12,-2.1059089082336424,False
88,104,16,-2.1063348944091795,False
38,157,119,-2.106694319000244,False
117,141,24,-2.1068257061767577,False
37,107,70,-2.107134187011719,False
93,159,66,-2.1073219210815433,False
22,30,8,-2.1073634591674804,False
85,108,23,-2.107387939910889,False
111,136,25,-2.1074725492858883,False
11,128,117,-2.1077043627929686,False
23,113,90,-2.10793638671875,False
3,24,21,-2.1079870703125,False
49,159,110,-2.1084041259765622,False
1,39,38,-2.1087336822509766,False
71,86,15,-2.1088628936767577,False
1,136,135,-2.1095361729431152,False
22,124,102,-2.109581298065186,False
18,117,99,-2.1096108143615724,False
88,108,20,-2.1101717581176755,False
101,109,8,-2.1101994787597658,False
28,60,32,-2.1104145738220215,False
6,102,96,-2.110899023590088,False
25,58,33,-2.111800310974121,False
84,109,25,-2.111906050415039,False
15,156,141,-2.1119782554626463,False
85,107,22,-2.112032888183594,False
3,114,111,-2.1122638208007816,False
10,97,87,-2.112404525756836,False
103,156,53,-2.1124894146728517,False
56,94,38,-2.1125447592163082,False
18,151,133,-2.1127144021606443,False
19,158,139,-2.1127694970703126,False
17,154,137,-2.1131116134643557,False
62,91,29,-2.1132796829223635,False
43,73,30,-2.1133502738952634,False
33,136,103,-2.1134686251831054,False
148,158,10,-2.1135173361206054,False
73,88,15,-2.1135647537231446,False
30,43,13,-2.1138249223327636,False
59,98,39,-2.1140468792724607,False
28,97,69,-2.114072425231934,False
96,121,25,-2.114713183441162,False
111,120,9,-2.114730758514404,False
56,63,7,-2.1147722850036623,False
37,108,71,-2.11535400390625,False
40,157,117,-2.115371588134766,False
35,83,48,-2.115541789550781,False
125,136,11,-2.1158025511169436,False
29,94,65,-2.1160340074157715,False
21,48,27,-2.1160417585754394,False
56,64,8,-2.116270504760742,False
49,98,49,-2.116505917358398,False
28,136,108,-2.116678673095703,False
108,123,15,-2.1168125184631346,False
2,85,83,-2.1170624003601075,False
117,128,11,-2.117087147979736,False
55,159,104,-2.11713340423584,False
67,99,32,-2.1173017651367187,False
76,159,83,-2.1176733471679685,False
60,90,30,-2.1176989715576173,False
44,91,47,-2.11811219329834,False
91,98,7,-2.118427467956543,False
18,155,137,-2.118668569793701,False
79,87,8,-2.118730193939209,False
30,49,19,-2.1188106607055666,False
4,25,21,-2.118884501800537,False
25,55,30,-2.119036726837158,False
26,136,110,-2.119362483215332,False
44,77,33,-2.1196172830200193,False
20,48,28,-2.1198298603820804,False
4,115,111,-2.1203460949707034,False
131,155,24,-2.1211924629211425,False
77,159,82,-2.1219658018493655,False
26,55,29,-2.1220955097961425,False
7,91,84,-2.12227371963501,False
10,24,14,-2.1223094482421874,False
58,65,7,-2.122447462615967,False
123,142,19,-2.122540631713867,False
38,107,69,-2.1227994476318357,False
21,115,94,-2.1232515380859374,False
129,138,9,-2.1241126347351074,False
32,135,103,-2.1241166426086426,False
34,113,79,-2.124407819366455,False
23,157,134,-2.124581759185791,False
4,24,20,-2.1252436044311525,False
113,149,36,-2.125668274993896,False
102,156,54,-2.126344272613525,False
26,118,92,-2.126410129547119,False
17,95,78,-2.126415928192139,False
114,145,31,-2.1264425857543943,False
82,101,19,-2.1264808934021,False
7,154,147,-2.12659101852417,False
5,116,111,-2.126611689147949,False
56,77,21,-2.126649838256836,False
25,138,113,-2.1269308699035645,False
29,42,13,-2.12754026763916,False
118,140,22,-2.1278798219299313,False
19,96,77,-2.12798909072876,False
73,96,23,-2.1284048471069337,False
20,96,76,-2.1286894883728027,False
54,64,10,-2.128898433380127,False
58,97,39,-2.1291437222290037,False
19,45,26,-2.129357583465576,False
1,25,24,-2.130481059875488,False
17,155,138,-2.130592224884033,False
10,25,15,-2.1307304188537595,False
17,45,28,-2.1310216212463375,True
80,159,79,-2.1313614283752442,False
45,77,32,-2.1315126573181153,False
64,83,19,-2.1316989199829104,False
61,91,30,-2.132019230194092,False
26,54,28,-2.132040997924805,False
9,128,119,-2.1321780586242673,False
24,154,130,-2.1327379833984375,False
63,104,41,-2.132914310760498,False
35,107,72,-2.132959052886963,False
133,154,21,-2.1333064416503906,False
105,155,50,-2.133415034790039,False
57,65,8,-2.1335313832092284,False
82,98,16,-2.134303762054443,False
104,131,27,-2.134690729370117,False
41,102,61,-2.1348327934265137,False
56,84,28,-2.1350233325195314,False
22,53,31,-2.1350610638427736,False
15,128,113,-2.1351343363952635,False
19,52,33,-2.1351472491455077,False
129,139,10,-2.1353265238952637,False
81,159,78,-2.1355356309509275,False
6,153,147,-2.136065078735352,False
120,140,20,-2.13728023147583,False
109,123,14,-2.13752472366333,False
1,149,148,-2.1375361883544923,False
79,90,11,-2.1380583345031736,False
150,156,6,-2.138175622253418,False
33,87,54,-2.138343051605225,False
17,156,139,-2.138713786315918,False
100,110,10,-2.1387924058532715,False
30,59,29,-2.1388874810791014,False
48,99,51,-2.1390469456481935,False
46,102,56,-2.1393219369506835,False
40,158,118,-2.139420586242676,False
4,134,130,-2.1395464065551755,False
1,139,138,-2.13984924987793,False
19,127,108,-2.1401565998840333,False
91,100,9,-2.140306641998291,False
48,76,28,-2.14044722366333,False
149,154,5,-2.1405123260498047,False
69,81,12,-2.1412607359313967,False
18,158,140,-2.1412899569702146,False
48,97,49,-2.1414201499938965,False
26,52,26,-2.1414491883850095,False
24,54,30,-2.141626966705322,False
23,53,30,-2.1416481768798827,False
66,102,36,-2.141784955749512,False
23,32,9,-2.142151447753906,False
20,146,126,-2.142484635772705,False
134,153,19,-2.1424851104736327,False
1,141,140,-2.1427749032592773,False
142,154,12,-2.1430205113220215,False
102,112,10,-2.1431267837524417,False
53,64,11,-2.143321044616699,False
18,52,34,-2.1436385621643064,False
70,84,14,-2.143949091491699,False
26,57,31,-2.1440381587219237,False
10,23,13,-2.144101649017334,False
94,159,65,-2.144264119567871,False
16,95,79,-2.144335401916504,False
3,124,121,-2.14442402053833,False
12,95,83,-2.14506542388916,False
20,144,124,-2.1451951284790036,False
118,159,41,-2.1454673550415038,False
86,110,24,-2.1456798767089844,False
48,96,48,-2.1457928930664063,False
4,153,149,-2.146441504516601,False
35,82,47,-2.1465029467773435,False
49,76,27,-2.1467431956481935,False
111,119,8,-2.1469744955444336,False
17,29,12,-2.147358789672851,False
30,41,11,-2.147388289642334,False
112,118,6,-2.1474168614196776,False
8,23,15,-2.1479749551391603,False
132,140,8,-2.1481665058898924,False
90,97,7,-2.1482171784973145,False
56,96,40,-2.148370669555664,False
78,87,9,-2.149339580993652,False
88,106,18,-2.149646721496582,False
51,159,108,-2.1497670819091796,False
73,95,22,-2.150089852294922,False
1,140,139,-2.1504927574157717,False
5,24,19,-2.1506571807861325,False
6,157,151,-2.1507842808532716,False
5,31,26,-2.150849793395996,True
112,117,5,-2.151536988372803,False
74,101,27,-2.1517175003051756,False
24,53,29,-2.151731011352539,False
16,97,81,-2.1520133645629884,True
42,77,35,-2.152065431365967,False
18,127,109,-2.1526295573425296,False
33,47,14,-2.1527580278015135,False
87,109,22,-2.1528094692993163,False
81,109,28,-2.152887213592529,False
33,48,15,-2.1530493121337893,False
31,88,57,-2.1531890466308594,False
1,118,117,-2.1536224725341797,False
21,47,26,-2.1536647593688967,False
22,155,133,-2.1540493319702145,False
111,135,24,-2.1540761444091796,False
122,139,17,-2.15469384765625,False
56,65,9,-2.1547318098449706,False
18,157,139,-2.154785821380615,False
18,98,80,-2.1547904455566407,False
11,96,85,-2.1552731506347653,False
2,84,82,-2.1554469444274904,False
43,79,36,-2.1556532637023924,False
53,65,12,-2.155907703552246,False
120,131,11,-2.1560360578918454,False
61,105,44,-2.1564860211181642,False
14,96,82,-2.1570788229370117,True
52,66,14,-2.1571557948303224,False
132,154,22,-2.157297616271973,False
3,25,22,-2.157483324432373,False
19,157,138,-2.1575056092834473,False
20,155,135,-2.158825319824219,False
142,159,17,-2.1589261972045897,False
21,143,122,-2.1592456704711913,False
73,98,25,-2.159345485687256,False
82,110,28,-2.159632893218994,False
2,154,152,-2.1596949838256836,False
43,76,33,-2.1600107763671876,False
12,26,14,-2.1602236889648436,False
84,105,21,-2.1603843305969237,False
118,130,12,-2.1604454429626463,False
3,134,131,-2.1604874949646,False
125,159,34,-2.1605646192932126,False
100,157,57,-2.161142258758545,False
1,75,74,-2.161266819152832,False
90,101,11,-2.161590877380371,False
2,115,113,-2.1616258418273926,False
113,135,22,-2.1616501335144043,False
14,29,15,-2.16166708190918,False
106,113,7,-2.1624935514831543,False
9,93,84,-2.1627770057678224,False
37,95,58,-2.163049924468994,False
24,155,131,-2.1639862977600095,False
3,13,10,-2.1643563952636717,False
46,77,31,-2.164866794281006,False
7,156,149,-2.16497512008667,False
123,147,24,-2.1652165939331054,False
21,50,29,-2.165914749755859,False
25,53,28,-2.166108925933838,False
105,132,27,-2.166142823791504,False
122,133,11,-2.1661530792236325,False
64,104,40,-2.166579680633545,False
54,62,8,-2.1666571813964843,False
21,126,105,-2.166785726928711,False
1,76,75,-2.1669191555786136,False
104,122,18,-2.167324851074219,False
87,94,7,-2.1673481373596193,False
9,110,101,-2.167784763336182,False
131,140,9,-2.167845776672363,False
31,45,14,-2.167952731933594,False
24,121,97,-2.168012794036865,False
107,133,26,-2.1680653170776365,False
95,122,27,-2.168370326385498,False
22,140,118,-2.1686336506652832,False
1,150,149,-2.1687670806884767,False
12,112,100,-2.1688618351745608,False
32,141,109,-2.1689372270202636,False
106,124,18,-2.169227601928711,False
18,150,132,-2.1696639994812013,False
53,76,23,-2.1700720973205567,False
58,90,32,-2.17082164276123,False
1,43,42,-2.1709009365844727,False
86,107,21,-2.1711009735107423,False
28,47,19,-2.171332053833008,False
5,117,112,-2.1716182272338864,False
65,159,94,-2.1716965348815918,False
88,109,21,-2.171833731842041,False
42,100,58,-2.1722023583984376,False
1,40,39,-2.172434433135986,False
73,89,16,-2.172584826812744,False
68,81,13,-2.1726380853271485,False
127,157,30,-2.173500546722412,False
114,138,24,-2.1737761247253418,False
77,92,15,-2.1738937222290042,False
1,79,78,-2.174479239959717,False
22,50,28,-2.174515149536133,False
87,108,21,-2.1746019358825683,False
56,92,36,-2.174661214599609,False
87,107,20,-2.1748459616088867,False
60,100,40,-2.175392545776367,False
29,35,6,-2.175751700592041,False
128,139,11,-2.1758150437927246,False
3,153,150,-2.1758357244873046,False
137,143,6,-2.175952201385498,False
101,110,9,-2.176106050415039,False
42,79,37,-2.1761184712219235,False
22,154,132,-2.1762019523620606,False
122,141,19,-2.1762926971435546,False
8,154,146,-2.176327872772217,False
135,152,17,-2.1767525102233884,False
26,50,24,-2.1779769622802734,False
34,83,49,-2.178076656799316,False
54,66,12,-2.17843787399292,False
7,102,95,-2.178448371887207,False
15,97,82,-2.178507736053467,True
18,148,130,-2.1785874319458007,False
17,158,141,-2.1786278408813478,False
27,51,24,-2.1786540713500977,False
78,86,8,-2.1793453562927247,False
17,157,140,-2.17954564163208,False
88,105,17,-2.17956131149292,False
53,159,106,-2.179975114898682,False
127,138,11,-2.1800523013305666,False
48,95,47,-2.1805117062377932,False
1,80,79,-2.180749792938232,False
15,116,101,-2.1809926765441894,False
29,115,86,-2.181173547821045,False
117,140,23,-2.181239774475098,False
42,67,25,-2.1813082283020018,False
53,63,10,-2.1813446865844726,False
28,116,88,-2.1819871235656736,False
19,53,34,-2.1820168130493167,False
98,107,9,-2.1821645080566405,False
26,111,85,-2.182796143798828,False
94,110,16,-2.1830526397705077,False
65,103,38,-2.1832274467468262,False
14,95,81,-2.183396672973633,False
1,33,32,-2.183593506774902,False
65,82,17,-2.1840669595336912,False
109,114,5,-2.184835417938232,False
33,140,107,-2.1848873780822755,False
33,109,76,-2.1848998103332518,False
102,129,27,-2.185156493530273,False
11,95,84,-2.185527726898193,False
135,141,6,-2.1855440042114256,False
16,153,137,-2.185664320526123,False
31,114,83,-2.186784796295166,False
8,156,148,-2.1869105419921877,False
17,50,33,-2.1869795054626464,False
25,59,34,-2.1869969166564944,False
55,66,11,-2.1880074812316894,False
119,139,20,-2.1880835662841798,False
21,53,32,-2.1882067433166505,False
108,122,14,-2.1884472540283206,False
121,132,11,-2.188480841827393,False
20,145,125,-2.188566826477051,False
23,31,8,-2.1887972689819337,False
71,96,25,-2.1889166940307616,False
30,47,17,-2.189106560058594,False
47,77,30,-2.1891125091552732,False
106,131,25,-2.1891862300109866,False
114,134,20,-2.1896863308715817,False
40,65,25,-2.1898209593200684,False
63,92,29,-2.1898804864501953,False
67,98,31,-2.1902412069702146,False
74,88,14,-2.1902588264465335,False
124,159,35,-2.1904116722106934,False
46,101,55,-2.190411876220703,False
13,26,13,-2.1905148583984375,False
37,109,72,-2.190786642303467,False
95,108,13,-2.1907991386413572,False
41,99,58,-2.1909260995483395,True
24,137,113,-2.1912923916625977,False
123,138,15,-2.1915022767639156,False
44,81,37,-2.1917916108703617,False
57,83,26,-2.191916257324219,False
101,130,29,-2.1920605584716797,False
65,83,18,-2.1923820980834963,False
31,108,77,-2.192390636291504,False
16,29,13,-2.1924196545410153,False
35,96,61,-2.1925785842895507,False
66,93,27,-2.1927321560668944,False
55,64,9,-2.1932259826660156,False
31,150,119,-2.193356932373047,False
26,96,70,-2.19340479888916,False
67,95,28,-2.193550492095947,False
57,79,22,-2.193760817718506,False
21,97,76,-2.1939119125366213,False
72,89,17,-2.1939840022277832,False
57,91,34,-2.194183720397949,False
22,96,74,-2.1942132159423826,False
62,159,97,-2.194278194580078,False
43,70,27,-2.194414904785156,False
56,93,37,-2.1944261238098144,False
44,80,36,-2.194518653411865,False
45,124,79,-2.194910287322998,False
1,26,25,-2.1953733879089357,False
17,46,29,-2.195493612060547,False
24,138,114,-2.195671038360596,False
72,96,24,-2.195971537475586,False
23,156,133,-2.1960730067443848,False
55,88,33,-2.1963641587829588,False
151,157,6,-2.1968198876953124,False
28,43,15,-2.197030987701416,False
66,83,17,-2.1972850901794434,False
28,42,14,-2.1972965000915528,False
27,97,70,-2.197630409851074,False
121,140,19,-2.19772188949585,False
76,104,28,-2.198315871734619,False
120,159,39,-2.198341951446533,False
66,101,35,-2.198378166503906,False
43,158,115,-2.19851089050293,False
29,47,18,-2.1990497216796876,False
87,106,19,-2.1994342195129395,False
70,87,17,-2.199438398742676,False
18,156,138,-2.200144282684326,False
4,122,118,-2.200207745056152,False
72,98,26,-2.200495534362793,False
14,129,115,-2.200917789916992,False
100,129,29,-2.2015633383178708,False
2,124,122,-2.201582463378906,False
3,85,82,-2.2020722499084475,False
19,116,97,-2.202183364715576,False
85,110,25,-2.2022817237854,False
20,154,134,-2.202465972442627,False
18,152,134,-2.202680401611328,False
79,108,29,-2.202817060852051,False
53,66,13,-2.2029583262634276,False
6,158,152,-2.2033945892333984,False
107,154,47,-2.20403405670166,False
59,90,31,-2.2043585188293457,False
31,135,104,-2.204595773925781,False
25,157,132,-2.204729142150879,False
111,134,23,-2.205085121459961,False
55,96,41,-2.205275947113037,False
98,121,23,-2.2053390267944337,False
120,152,32,-2.206259567565918,False
114,144,30,-2.206283777770996,False
121,152,31,-2.2071611639404294,False
91,112,21,-2.207290926513672,False
125,141,16,-2.207501802520752,False
26,59,33,-2.208011742248535,False
76,105,29,-2.2080601051330566,False
103,123,20,-2.208141045227051,False
22,32,10,-2.2093976779174804,False
7,129,122,-2.209452992706299,False
19,147,128,-2.209492241668701,False
1,32,31,-2.2094924336242676,False
54,63,9,-2.2098053744506836,False
123,133,10,-2.2098191232299804,False
32,88,56,-2.210077258911133,False
20,98,78,-2.210279851837158,False
9,98,89,-2.210426858215332,False
29,48,19,-2.210602880859375,False
103,122,19,-2.210647419433594,False
97,120,23,-2.210932465515137,False
15,155,140,-2.211325715484619,False
30,37,7,-2.2115396492004393,False
91,101,10,-2.2116418569946292,False
24,157,133,-2.211688628692627,False
110,136,26,-2.2120480108642577,False
115,131,16,-2.2120747927856446,False
5,87,82,-2.2121342462158204,False
1,72,71,-2.2122361914062503,False
39,96,57,-2.2122591542053223,False
121,139,18,-2.213042964324951,False
43,157,114,-2.2131145088195803,False
41,77,36,-2.2134712380981445,False
113,148,35,-2.213640506286621,False
22,48,26,-2.213744762878418,False
7,153,146,-2.213795192565918,False
54,65,11,-2.2138121661376955,False
43,90,47,-2.214091947631836,False
19,98,79,-2.2141946545410156,False
67,96,29,-2.2145656715393067,False
41,79,38,-2.215111425933838,False
15,49,34,-2.2151830654907227,False
77,87,10,-2.215239604949951,False
19,31,12,-2.2152775909423825,False
1,142,141,-2.2153205093383788,False
28,98,70,-2.2153564685058593,False
121,151,30,-2.215387336730957,False
111,137,26,-2.2155543966674807,False
20,53,33,-2.2155674702453614,False
30,91,61,-2.2156160031127934,False
31,142,111,-2.2157147006225584,False
70,85,15,-2.2157497151184082,False
21,154,133,-2.215918082885742,False
21,155,134,-2.2163735809326175,False
75,104,29,-2.2166888706970216,False
60,105,45,-2.2168230076599125,False
33,113,80,-2.217231004486084,False
22,114,92,-2.2175835182189942,False
4,123,119,-2.2177291877746583,False
123,140,17,-2.2178268812561037,False
55,95,40,-2.2186424392700195,False
28,48,20,-2.2188371815490724,False
124,141,17,-2.2189043536376953,False
42,101,59,-2.2191864225769042,False
1,42,41,-2.2192661724853515,False
110,121,11,-2.2193094453430176,False
64,159,95,-2.2196174824523927,False
19,95,76,-2.219761113739014,False
122,138,16,-2.2197781372070313,False
35,112,77,-2.2200638909912107,False
5,133,128,-2.2202090109252928,False
71,99,28,-2.2202614588928222,False
74,93,19,-2.2207012756347657,False
58,99,41,-2.2211800202941894,False
146,152,6,-2.2214766651916507,False
17,98,81,-2.221891756439209,False
120,132,12,-2.2224962809753417,False
103,130,27,-2.2226203103637694,False
70,82,12,-2.222981478729248,False
43,71,28,-2.2229837843322757,False
54,96,42,-2.223390260009766,False
19,156,137,-2.223419150543213,False
50,76,26,-2.223626329040527,False
139,158,19,-2.2236755252075193,False
5,118,113,-2.22383780670166,False
66,82,16,-2.2242752584838867,False
104,133,29,-2.2246493153381346,False
89,96,7,-2.2247521992492674,False
17,47,30,-2.2251200154113766,False
43,74,31,-2.2252755369567874,False
9,99,90,-2.225359669799805,False
87,105,18,-2.225466611175537,False
1,143,142,-2.2256748152160646,False
105,131,26,-2.225746745300293,False
3,115,112,-2.2259153244018557,False
126,141,15,-2.2259730421447754,False
97,127,30,-2.2263467689514163,False
126,140,14,-2.226429955291748,False
20,51,31,-2.2265762281799315,False
32,134,102,-2.2265913941955566,False
18,118,100,-2.2266922592163088,False
83,110,27,-2.227182993621826,False
61,86,25,-2.2274313200378417,False
45,78,33,-2.227734454345703,False
77,86,9,-2.228151749725342,False
41,106,65,-2.228570308074951,False
75,93,18,-2.228681541748047,False
40,80,40,-2.229129926147461,False
96,108,12,-2.2294108575439453,False
31,98,67,-2.2298049114990235,False
71,95,24,-2.229863323059082,False
20,52,32,-2.2304733473205567,False
21,51,30,-2.230653379058838,False
73,100,27,-2.2306868769836425,False
68,91,23,-2.230885725860596,False
14,130,116,-2.231183303375244,False
16,156,140,-2.231317702484131,False
112,135,23,-2.2319011099243165,False
113,138,25,-2.231989490966797,False
63,159,96,-2.2319971630859374,False
44,78,34,-2.232156292114258,False
43,123,80,-2.232235072021484,False
65,93,28,-2.2322453868103027,False
39,106,67,-2.2322845503234863,False
21,46,25,-2.2327115190124514,False
26,49,23,-2.2328890232849123,False
123,148,25,-2.23311991973877,False
21,95,74,-2.2333394049072264,False
86,106,20,-2.2333535900878907,False
40,97,57,-2.233691027832031,False
74,94,20,-2.2348081378173825,False
15,94,79,-2.235061184844971,False
1,73,72,-2.2352752233886717,False
95,109,14,-2.2353101818847656,False
4,86,82,-2.2353516381835936,False
6,88,82,-2.2355562478637694,False
27,60,33,-2.2358726696777347,False
85,104,19,-2.2361790438842775,False
7,131,124,-2.2365860354614258,False
64,84,20,-2.2375736076354977,False
119,159,40,-2.2376898245239256,False
24,31,7,-2.2381388235473634,False
56,97,41,-2.2382620988464357,False
73,97,24,-2.238842087249756,False
9,155,146,-2.239058856964111,False
25,32,7,-2.2393691049194335,False
36,109,73,-2.239390332946777,False
2,82,80,-2.2396197856140136,True
87,104,17,-2.2397508226013185,False
123,141,18,-2.2401315028381346,False
12,28,16,-2.240374320220947,False
99,121,22,-2.240628972167969,False
52,159,107,-2.2407755192565917,False
57,97,40,-2.2409409306335446,False
141,155,14,-2.241099966278076,False
25,96,71,-2.2411314138793945,False
13,129,116,-2.2414630790710453,False
24,55,31,-2.241794595336914,False
36,108,72,-2.2429282487487794,False
43,75,32,-2.243047113647461,False
146,159,13,-2.2432290113830566,False
106,132,26,-2.2436874348449707,False
43,83,40,-2.243915460205078,False
40,105,65,-2.2441480358886716,False
7,27,20,-2.244153444976807,True
5,32,27,-2.2443815534973144,False
18,53,35,-2.24457873916626,False
136,142,6,-2.2447760865783692,False
1,41,40,-2.2447871783447266,False
57,158,101,-2.244805944519043,False
104,114,10,-2.245458881072998,False
101,111,10,-2.2454873152160646,False
2,117,115,-2.245496315002441,False
50,98,48,-2.2457604521179197,False
1,74,73,-2.245766813354492,False
63,105,42,-2.2463199726867673,False
35,113,78,-2.246324836730957,False
88,103,15,-2.2467155860900876,False
61,104,43,-2.2467187339782715,False
11,26,15,-2.2467195599365235,False
23,50,27,-2.2470595755004883,False
23,158,135,-2.2472507485961914,False
78,89,11,-2.2472912718200684,False
77,91,14,-2.247299795227051,False
3,135,132,-2.247363272705078,False
6,132,126,-2.247550612182617,False
113,134,21,-2.24786366317749,False
31,87,56,-2.2481639402770996,False
116,139,23,-2.248333348846436,False
115,132,17,-2.2484065661621093,False
14,97,83,-2.2487953524780275,True
26,119,93,-2.249101327819824,False
4,135,131,-2.2491554196166996,False
7,158,151,-2.2493060478210447,False
114,146,32,-2.2498065730285646,False
36,156,120,-2.2498186924743653,False
10,128,118,-2.2500011541748046,False
23,123,100,-2.250334207305908,False
30,90,60,-2.2506897468566893,False
6,105,99,-2.250700747833252,False
75,94,19,-2.2511724389648435,False
24,50,26,-2.251658878326416,False
41,105,64,-2.2516953358459473,False
100,121,21,-2.2518500689697265,False
122,140,18,-2.251989570159912,False
22,52,30,-2.252024238739014,False
7,157,150,-2.25216543838501,False
34,137,103,-2.25240858505249,False
114,136,22,-2.2525504667663574,False
54,95,41,-2.252562684326172,False
149,157,8,-2.252614932861328,False
70,86,16,-2.252632495574951,False
42,73,31,-2.252766659088135,False
1,120,119,-2.2529391770935057,False
20,115,95,-2.2529691654968262,False
75,88,13,-2.253124733734131,False
74,89,15,-2.2534941979980467,False
89,102,13,-2.2537796998596193,False
125,139,14,-2.2538102929687502,False
85,105,20,-2.254017814178467,False
1,122,121,-2.2546158244323733,False
33,60,27,-2.2547060794067386,False
75,106,31,-2.254751429748535,False
17,48,31,-2.2554597091674804,True
107,153,46,-2.2555019802856444,False
95,124,29,-2.2555143368530275,False
9,153,144,-2.2555486219787597,False
41,156,115,-2.256271381988525,False
55,87,32,-2.256283537750244,False
83,102,19,-2.256396336212158,False
27,135,108,-2.256509631958008,False
1,144,143,-2.25674606338501,False
8,130,122,-2.256756388244629,False
55,65,10,-2.256978000793457,False
16,93,77,-2.25733766708374,False
26,95,69,-2.2574227557373048,False
114,141,27,-2.2574875300598145,False
43,156,113,-2.257506196594238,False
42,72,30,-2.2575081825256347,False
25,50,25,-2.257819153289795,False
29,40,11,-2.2581192893981936,False
12,97,85,-2.258132400817871,False
109,122,13,-2.258446817932129,False
76,87,11,-2.258538593902588,False
60,104,44,-2.2587011116027833,False
70,88,18,-2.2590295259094235,False
25,52,27,-2.259068438873291,False
73,93,20,-2.2593400067138676,False
15,31,16,-2.259388393096924,False
51,76,25,-2.25954452255249,False
102,113,11,-2.259546125793457,False
107,122,15,-2.259564422454834,False
70,95,25,-2.2595894961547853,False
131,154,23,-2.259713718261719,False
126,139,13,-2.259898102722168,False
25,112,87,-2.260022973022461,False
34,107,73,-2.2609209100341796,False
27,46,19,-2.2612413639831543,False
25,60,35,-2.26171662902832,False
21,52,31,-2.2620990335083007,False
23,57,34,-2.2627245002746585,False
15,157,142,-2.262920204925537,False
1,147,146,-2.2630924990844727,False
22,46,24,-2.2636658628845217,False
58,158,100,-2.263726410522461,False
15,153,138,-2.263846168823242,False
28,38,10,-2.263894278411865,False
18,149,131,-2.264113945465088,False
2,137,135,-2.2642667501831055,False
61,88,27,-2.2642944979858397,False
121,159,38,-2.264313447418213,False
26,58,32,-2.264498692779541,False
30,135,105,-2.264618441925049,False
22,51,29,-2.2647967405700684,False
59,103,44,-2.2653227879333495,False
71,89,18,-2.2654907695007322,False
5,86,81,-2.2654996395874023,False
29,60,31,-2.265515994262695,False
36,110,74,-2.2655293455505374,False
1,27,26,-2.2659881201171874,False
16,49,33,-2.2660057345581057,False
8,153,145,-2.2665167790222167,False
71,91,20,-2.2667972463989257,False
38,108,70,-2.266826421508789,False
20,46,26,-2.2671306025695803,False
120,139,19,-2.267262299194336,False
1,78,77,-2.267388709106445,False
18,94,76,-2.267565639190674,False
123,149,26,-2.2675784129333496,False
15,93,78,-2.267645556640625,False
24,58,34,-2.2678503244018553,False
37,156,119,-2.267877365722656,False
134,141,7,-2.268632792663574,False
33,85,52,-2.268644450378418,False
113,136,23,-2.26888970703125,False
86,111,25,-2.268954269104004,False
8,158,150,-2.26895922164917,False
57,82,25,-2.2690174365234372,False
111,150,39,-2.269179351196289,False
14,131,117,-2.2711397689819335,False
16,46,30,-2.2713691650390624,False
84,96,12,-2.271457463378906,False
79,86,7,-2.271610123138428,False
23,139,116,-2.271742687225342,False
23,54,31,-2.271766606292725,False
70,91,21,-2.27198555480957,False
2,153,151,-2.272003264160156,False
31,134,103,-2.272476924285889,False
138,144,6,-2.2726709503173828,False
44,79,35,-2.2729135266113283,False
5,134,129,-2.273184115447998,False
20,95,75,-2.2733399656677244,False
122,134,12,-2.2734804975891114,False
7,26,19,-2.2735844662475584,False
6,26,20,-2.2736231343078614,False
130,140,10,-2.2737600521850587,False
125,140,15,-2.273884452514648,False
43,104,61,-2.2739213249206545,False
25,158,133,-2.2742421182250974,False
92,113,21,-2.274385873718262,False
68,95,27,-2.274661463165283,False
15,46,31,-2.274769638824463,False
12,27,15,-2.274839646453857,False
77,107,30,-2.2749923699951173,False
16,94,78,-2.2750307150268556,False
124,139,15,-2.2754278379821775,False
32,87,55,-2.2755756594848635,False
55,63,8,-2.27600226852417,False
43,105,62,-2.276054351501465,False
42,156,114,-2.276195433197022,False
67,97,30,-2.276499054412842,False
110,115,5,-2.2765810676574705,False
126,138,12,-2.276638977508545,False
16,158,142,-2.2770159848022464,False
1,31,30,-2.2771358567810056,False
7,31,24,-2.277222736206055,True
122,159,37,-2.277265055541992,False
26,56,30,-2.2775336631774903,False
49,95,46,-2.2780405821228027,False
32,60,28,-2.2781399830627445,False
23,52,29,-2.2783461042785644,False
143,159,16,-2.2783943481445315,False
76,94,18,-2.2784328854370117,False
9,154,145,-2.2784931469726564,False
13,96,83,-2.278974910888672,False
58,98,40,-2.2790966340637206,False
72,100,28,-2.279255399017334,False
73,94,21,-2.2795065997314454,False
33,86,53,-2.2798739578247074,False
42,106,64,-2.2801665124511716,False
93,112,19,-2.2802084124755857,False
108,153,45,-2.2809707987976076,False
116,130,14,-2.281040299987793,False
1,121,120,-2.2810955293273927,False
91,102,11,-2.281286014099121,False
113,140,27,-2.281764380187988,False
17,51,34,-2.2819844969177248,False
98,108,10,-2.282172321472168,False
80,108,28,-2.282673624267578,False
2,25,23,-2.2830767581176756,False
145,153,8,-2.283209212036133,False
16,45,29,-2.2834541404724122,True
24,96,72,-2.283480085296631,False
18,30,12,-2.2836116734313965,False
36,81,45,-2.2837604049682616,False
22,157,135,-2.283806730041504,False
25,49,24,-2.283863232421875,False
123,134,11,-2.2841431344604493,False
72,95,23,-2.2843918572998048,False
60,101,41,-2.284830480041504,False
1,44,43,-2.285813087615967,False
101,156,55,-2.2862655728149415,False
97,119,22,-2.2863572775268555,False
46,123,77,-2.286676675415039,False
72,93,21,-2.286799412536621,False
31,148,117,-2.2868290959167483,False
36,61,25,-2.287226752471924,False
17,116,99,-2.2874439448547363,False
15,158,143,-2.2878265615844726,False
95,125,30,-2.287955534820557,False
116,129,13,-2.288089888458252,False
5,35,30,-2.2883645402526858,True
22,156,134,-2.2884695248413087,False
42,105,63,-2.288765335235596,False
47,100,53,-2.289086761627197,False
37,110,73,-2.289160620422363,False
69,158,89,-2.2892656825256346,False
95,110,15,-2.289293956604004,False
31,149,118,-2.2893748377990724,False
76,93,17,-2.289895538330078,False
35,81,46,-2.2901301452636718,False
3,11,8,-2.2902656832885744,False
71,98,27,-2.290601950073242,False
18,99,81,-2.2907664816284177,False
42,68,26,-2.2909311505126952,False
35,133,98,-2.2912809591674805,False
145,159,14,-2.2916422869873045,False
39,105,66,-2.2919974177551268,False
88,110,22,-2.292143910369873,False
67,100,33,-2.292305272521973,False
124,140,16,-2.292659881134033,False
107,123,16,-2.292881477813721,False
22,54,32,-2.2929009324645997,False
125,137,12,-2.2940914070129397,False
1,119,118,-2.294110503845215,False
86,95,9,-2.294431090087891,False
104,155,51,-2.2947004917907714,False
16,155,139,-2.294770674438477,False
122,137,15,-2.2950155491638187,False
1,71,70,-2.2950510408020017,False
85,103,18,-2.2953029859924317,False
86,105,19,-2.2953524053955077,False
12,29,17,-2.295460181274414,False
18,147,129,-2.2958206410217286,False
5,119,114,-2.296166337738037,False
70,89,19,-2.2962626570129396,False
73,102,29,-2.2962687295532227,False
5,33,28,-2.2964610220336916,False
18,43,25,-2.2969354194641114,False
54,98,44,-2.2973148440551756,False
29,98,69,-2.29743422668457,False
1,47,46,-2.297481376800537,False
21,142,121,-2.29767502746582,False
118,139,21,-2.2980709461975097,False
1,145,144,-2.2986881678771973,False
114,140,26,-2.2990856579589845,False
24,112,88,-2.2991492265319824,False
112,136,24,-2.2991502236938475,False
2,138,136,-2.299232264099121,False
90,98,8,-2.299766131286621,False
113,137,24,-2.2997752229309083,False
36,107,71,-2.2999351931762697,False
29,39,10,-2.2999716914367676,False
1,46,45,-2.3002860856628415,False
8,157,149,-2.3004715367126467,False
24,59,35,-2.3006737100219725,False
115,139,24,-2.3007280557250978,False
7,106,99,-2.300797969970703,False
133,140,7,-2.301314864959717,False
29,43,14,-2.3016294233703616,False
68,94,26,-2.3018287933349613,False
41,104,63,-2.302317967376709,False
39,107,68,-2.3031885241699217,False
59,158,99,-2.303191641845703,False
32,146,114,-2.3032169871520995,False
15,129,114,-2.3034599266052247,False
20,47,27,-2.3036882028198242,False
127,139,12,-2.303718433227539,False
33,135,102,-2.304054403076172,False
22,139,117,-2.304409301147461,False
138,147,9,-2.3048886331176757,False
71,94,23,-2.305071375427246,False
127,156,29,-2.3051823051452636,False
122,150,28,-2.3052794624328614,False
24,52,28,-2.3053361262512206,False
14,156,142,-2.3054212969970704,False
40,103,63,-2.3054375338745117,False
20,32,12,-2.3055186111450197,False
67,94,27,-2.3057889869689943,False
11,27,16,-2.3064721823120116,False
124,145,21,-2.306557299499512,False
1,70,69,-2.3067213999938962,False
24,158,134,-2.306763821258545,False
29,97,68,-2.306805723724365,False
14,31,17,-2.3072087432861332,False
13,28,15,-2.307341251220703,False
83,99,16,-2.307358249359131,False
112,149,37,-2.3076424911499025,False
72,97,25,-2.308112901611328,False
68,98,30,-2.3082244635009763,False
19,99,80,-2.3083465968322754,False
7,29,22,-2.308361613922119,False
114,143,29,-2.308367597503662,False
72,102,30,-2.3086324838256838,False
13,130,117,-2.3089656947326658,False
11,28,17,-2.3093639668273926,False
29,135,106,-2.3094212963867187,False
67,82,15,-2.30960499710083,False
23,49,26,-2.3097746084594726,False
26,60,34,-2.3101309344482424,False
124,142,18,-2.31013993850708,False
139,157,18,-2.3102325268554686,False
21,32,11,-2.310399179382324,False
20,158,138,-2.3105468353271483,False
71,97,26,-2.310649082946777,False
126,157,31,-2.3106639086914065,False
25,156,131,-2.3107637374877927,False
5,152,147,-2.3109983209228515,False
12,131,119,-2.3113434303283693,False
43,84,41,-2.311402215576172,False
11,29,18,-2.311777948913574,False
114,139,25,-2.312317300872803,False
11,97,86,-2.3123641584777834,False
55,97,42,-2.312887007293701,False
42,69,27,-2.3133237214660647,False
42,123,81,-2.313738087005615,False
25,56,31,-2.313939885864258,False
124,144,20,-2.3140330113220218,False
68,99,31,-2.314358104248047,False
15,30,15,-2.314701455078125,False
121,138,17,-2.314839457092285,False
94,123,29,-2.3148848541259768,False
124,143,19,-2.3149148707580567,False
97,108,11,-2.315048708343506,False
130,155,25,-2.3151047308349613,False
3,84,81,-2.3151218968200684,False
18,44,26,-2.315474949493408,False
32,145,113,-2.3154801707458494,False
4,152,148,-2.3159190100097655,False
1,146,145,-2.3160677516174317,False
93,113,20,-2.3162612815856933,False
43,155,112,-2.316336618347168,False
34,138,104,-2.3167552378845215,False
25,120,95,-2.3168528363037106,False
13,95,82,-2.3170708782958984,False
117,129,12,-2.317126646575928,False
60,106,46,-2.317184144592285,False
75,89,14,-2.3178528158569334,False
103,132,29,-2.3178855596923826,False
45,122,77,-2.3179248878479006,False
46,78,32,-2.3180045053100584,False
15,50,35,-2.318083684387207,False
9,156,147,-2.318112470855713,False
126,158,32,-2.318192817382813,False
114,137,23,-2.318388757171631,False
5,120,115,-2.318440030517578,False
28,135,107,-2.318747339782715,False
49,96,47,-2.319186103363037,False
96,109,13,-2.3195734889221193,False
5,26,21,-2.319622520446777,False
88,95,7,-2.3201380683898924,False
13,27,14,-2.3202873764038086,False
8,31,23,-2.3210585008239746,False
27,47,20,-2.321445810394287,False
24,122,98,-2.3214865623474124,False
17,150,133,-2.3214885636901856,False
42,74,32,-2.321606489715576,False
27,43,16,-2.3216535522460937,False
1,77,76,-2.321724585876465,False
1,69,68,-2.32174660369873,False
57,90,33,-2.321906892547607,False
73,90,17,-2.3219251266479493,False
26,51,25,-2.321974681243897,False
5,27,22,-2.322027300872803,False
55,94,39,-2.322055570526123,False
1,45,44,-2.322129903564453,False
112,134,22,-2.3222348908996584,False
78,90,12,-2.3223410057067873,False
66,84,18,-2.322895569458008,False
105,114,9,-2.3232843733215334,False
99,110,11,-2.323645256347656,False
69,91,22,-2.3239974226379396,False
115,138,23,-2.3240502742004394,False
24,56,32,-2.324451445617676,False
84,110,26,-2.3247413671875004,False
30,109,79,-2.32521272567749,False
34,96,62,-2.3252683618164065,False
118,132,14,-2.325581810455322,False
68,96,28,-2.3257758430480955,False
113,139,26,-2.326121437835693,False
55,62,7,-2.32612404296875,False
16,128,112,-2.326210369262695,False
87,110,23,-2.326511297149658,False
69,99,30,-2.32664462677002,False
4,121,117,-2.3267189617919923,False
24,51,27,-2.3267534681701663,False
84,104,20,-2.3272189938354493,False
33,84,51,-2.3277073886108397,False
22,125,103,-2.327813608703613,False
43,106,63,-2.3278792010498046,False
94,111,17,-2.327969480895996,False
24,49,25,-2.32821242477417,False
62,107,45,-2.328507734222412,False
71,93,22,-2.328679937438965,False
15,47,32,-2.3290882249450684,False
69,95,26,-2.3291569114685062,False
70,90,20,-2.329476279907227,False
70,96,26,-2.329801007385254,False
70,83,13,-2.329961954345703,False
61,106,45,-2.3299894398498533,False
7,28,21,-2.3302056930541992,False
15,45,30,-2.330223849334717,False
58,157,99,-2.330234242401123,False
89,99,10,-2.3302794311523436,False
68,82,14,-2.3302925390625,False
26,97,71,-2.330542900085449,False
38,106,68,-2.3306948274230956,False
105,123,18,-2.330808402252197,False
31,60,29,-2.3308293841552734,False
4,27,23,-2.3308445629882812,False
6,31,25,-2.3308608625793457,False
124,135,11,-2.33089395614624,False
23,55,32,-2.331641737060547,False
114,158,44,-2.3316649240112306,False
17,151,134,-2.3316930503845215,False
144,159,15,-2.3317950708007813,False
39,64,25,-2.332045481262207,False
56,91,35,-2.3320866899108887,False
21,127,106,-2.3321542738342282,False
44,105,61,-2.332187479400635,False
8,27,19,-2.3326041369628907,False
1,29,28,-2.332610003051758,False
54,94,40,-2.3329884124755855,False
70,94,24,-2.3330095333862304,False
69,98,29,-2.3332890997314455,False
54,97,43,-2.3333928111267093,False
24,32,8,-2.3335170468139648,False
123,159,36,-2.3339541569519042,False
49,97,48,-2.33400583984375,False
28,117,89,-2.334031834106445,False
3,34,31,-2.3342492282104494,False
19,145,126,-2.3343256144714357,False
8,129,121,-2.3344168452453613,False
63,106,43,-2.334459100646973,False
42,70,28,-2.334567755584717,False
17,152,135,-2.3347254696655275,False
43,124,81,-2.3349156797790527,False
30,97,67,-2.334926496734619,False
25,61,36,-2.3354334353637696,False
8,108,100,-2.3359631001281738,False
55,77,22,-2.335979483947754,False
50,94,44,-2.336119878845215,False
3,152,149,-2.3362886778259275,False
95,121,26,-2.33632317199707,False
29,45,16,-2.3365514010620116,False
34,60,26,-2.337404339599609,False
45,92,47,-2.337504236755371,False
30,48,18,-2.3376072048950194,False
65,84,19,-2.337667433929443,False
63,85,22,-2.3377830345153807,False
39,156,117,-2.3378207916259766,False
44,123,79,-2.3378562509155274,False
28,44,16,-2.3382633212280273,False
27,118,91,-2.338391196899414,False
16,47,31,-2.339259910888672,False
42,71,29,-2.339561480560303,False
69,93,24,-2.3397128393554687,False
69,96,27,-2.3401828259277346,False
22,57,35,-2.340314006652832,False
56,78,22,-2.34056450592041,False
13,113,100,-2.3405827478027343,False
15,154,139,-2.340649098510742,False
70,97,27,-2.3414820265197753,False
68,93,25,-2.3417112417602537,False
49,99,50,-2.341746064605713,False
43,154,111,-2.3417778677368166,False
68,92,24,-2.341894140625,False
36,155,119,-2.3419786108398437,False
127,141,14,-2.3423560591125487,False
96,110,14,-2.342467637786865,False
126,142,16,-2.342727063293457,False
9,152,143,-2.3427523841857907,False
47,94,47,-2.3429172926330564,False
38,156,118,-2.3429982890319825,False
19,94,75,-2.3435502809143065,False
59,100,41,-2.343569452819824,False
30,45,15,-2.3440388441467284,False
32,109,77,-2.3440762380981446,False
92,156,64,-2.344109047241211,False
8,26,18,-2.344154157714844,False
6,133,127,-2.3445320777893066,False
57,157,100,-2.3445739866638187,False
4,34,30,-2.344616937713623,False
24,156,132,-2.3449891006469725,False
33,83,50,-2.345013771057129,False
101,121,20,-2.34501970993042,False
42,124,82,-2.3450859721374515,False
27,34,7,-2.345134843444824,False
113,147,34,-2.3451684268188475,False
15,130,115,-2.3459539334106445,False
8,91,83,-2.3460529902648926,False
70,93,23,-2.3461604986572264,False
7,90,83,-2.346180631866455,False
5,29,24,-2.3464536561584475,False
50,95,45,-2.3465070669555663,False
19,146,127,-2.346529616394043,False
120,138,18,-2.346627482147217,False
42,104,62,-2.346704899291992,False
99,127,28,-2.34718461807251,False
113,141,28,-2.347219146270752,False
17,94,77,-2.347343343811035,False
17,30,13,-2.347429132995605,False
16,31,15,-2.3478478407287597,False
77,88,11,-2.348406959991455,False
59,102,43,-2.3485771348571776,False
23,51,28,-2.3486522442626954,False
64,105,41,-2.3490321018981932,False
2,136,134,-2.3491700057983396,False
110,118,8,-2.3493965412902833,False
46,103,57,-2.349696045227051,False
119,131,12,-2.3498997319030765,False
6,27,21,-2.349905986480713,False
5,30,25,-2.350112378082275,False
71,92,21,-2.3501193740844726,False
21,98,77,-2.3502157318115233,False
72,94,22,-2.350374496765137,False
15,43,28,-2.3505899929809573,False
125,142,17,-2.350641937866211,False
86,104,18,-2.351218851928711,False
128,140,12,-2.351446473388672,False
43,85,42,-2.351628458862305,False
6,28,22,-2.3516503878784176,False
22,113,91,-2.351699261016846,False
29,110,81,-2.3518384442138673,False
123,137,14,-2.352135138092041,False
103,114,11,-2.352398752441406,False
25,97,72,-2.3524271980285643,False
68,97,29,-2.3524317901611327,False
69,97,28,-2.352456611328125,False
4,85,81,-2.352733440246582,False
1,30,29,-2.3530127478027345,False
25,95,70,-2.353030633544922,False
21,43,22,-2.3531115776062013,False
4,26,22,-2.353140303039551,False
121,133,12,-2.353630807952881,False
64,92,28,-2.3538964320373537,False
49,77,28,-2.3539550158691407,False
30,134,104,-2.353963229370117,False
1,28,27,-2.3548518832397463,False
45,81,36,-2.3551945697021486,False
32,142,110,-2.3552605561828615,False
31,144,113,-2.3558699867248536,False
52,76,24,-2.3560920281982423,False
21,141,120,-2.3561168478393553,False
30,89,59,-2.3562673390197753,False
38,63,25,-2.356381818847656,False
100,158,58,-2.3564044618225095,False
28,39,11,-2.356975466461182,False
32,147,115,-2.357479561004639,False
30,115,85,-2.357577681121826,False
31,147,116,-2.3575856895446776,False
88,157,69,-2.3579857527160644,False
28,45,17,-2.3580765797424315,False
25,47,22,-2.358310114440918,False
14,30,16,-2.3585618084716797,False
38,109,71,-2.358592308654785,False
90,113,23,-2.358995850219727,False
31,86,55,-2.3590219378662107,False
67,93,26,-2.35923594619751,False
84,103,19,-2.359403419036865,False
71,90,19,-2.3594985484313966,False
16,30,14,-2.3596592781066894,False
41,155,114,-2.35972689163208,False
32,133,101,-2.359750489807129,False
55,98,43,-2.3599425451660156,False
124,138,14,-2.360524710998535,False
41,67,26,-2.360563239593506,False
6,29,23,-2.361336841888428,False
119,138,19,-2.3613883686828614,False
71,100,29,-2.361478306732178,False
5,85,80,-2.3615029794311524,False
5,28,23,-2.3615584535217287,False
31,143,112,-2.361639580383301,False
15,131,116,-2.361847765197754,False
66,103,37,-2.362605894317627,False
11,130,119,-2.3626635009765624,False
114,142,28,-2.362818948364258,False
16,157,141,-2.3629219819641114,False
20,100,80,-2.3638600259399416,False
22,95,73,-2.3639367668151854,False
42,76,34,-2.363951549987793,False
5,135,130,-2.3641084765625,False
42,155,113,-2.364302875366211,False
43,88,45,-2.3647863037109373,False
32,86,54,-2.3652478067016602,False
3,35,32,-2.365336286773682,False
121,137,16,-2.3654357374572754,False
106,114,8,-2.365733973388672,False
55,89,34,-2.3659156144714357,False
2,80,78,-2.3659609786987303,False
77,89,12,-2.3662491986083984,False
48,77,29,-2.3662757827758787,False
24,97,73,-2.366286315765381,False
24,60,36,-2.3669004997253418,False
100,111,11,-2.36691578414917,False
109,152,43,-2.3670134020996096,False
109,115,6,-2.3672164715576174,False
28,40,12,-2.3672332234191895,False
18,116,98,-2.3672423937988283,False
45,80,35,-2.367563820953369,False
56,90,34,-2.36768037979126,False
40,106,66,-2.3678724674987794,False
19,54,35,-2.3679930857849123,False
10,100,90,-2.3680218296813966,False
20,99,79,-2.368149407348633,False
74,90,16,-2.368374582824707,False
46,124,78,-2.3685776167297363,False
71,102,31,-2.368924312591553,False
25,136,111,-2.3689336056518555,False
43,87,44,-2.369059828338623,False
39,80,41,-2.369177392730713,False
148,157,9,-2.3697980293273924,False
9,26,17,-2.370074462585449,False
69,94,25,-2.370180298919678,False
22,97,75,-2.370550225982666,False
48,100,52,-2.370576286315918,False
87,103,16,-2.3707382525634766,False
79,109,30,-2.3707898283386233,False
18,54,36,-2.3708062274169923,False
96,157,61,-2.3708546978759766,False
34,139,105,-2.3708942694091797,False
61,87,26,-2.3710386387634275,False
15,98,83,-2.371535310211182,False
62,86,24,-2.3715504360961916,False
43,86,43,-2.3716495210266113,False
20,94,74,-2.371989771881103,False
46,93,47,-2.37207662979126,False
41,154,113,-2.372223925628662,False
68,90,22,-2.3722463107299805,False
75,92,17,-2.3723144140625,False
26,46,20,-2.372322535247803,False
74,91,17,-2.372807903442383,False
37,155,118,-2.37288564453125,False
112,137,25,-2.372967196807861,False
88,111,23,-2.3731209725952147,False
127,140,13,-2.3733926470947266,False
62,88,26,-2.3734821725463866,False
2,116,114,-2.3734983540344237,False
118,133,15,-2.3735145330810545,False
33,108,75,-2.3737141015625,False
59,157,98,-2.3740823983764647,False
10,93,83,-2.3741242962646485,False
24,95,71,-2.374131501312256,False
108,114,6,-2.3743923600769046,False
27,98,71,-2.374722246398926,False
10,94,84,-2.3747830101013183,False
69,87,18,-2.3748889279174805,False
54,88,34,-2.3751530781555177,False
25,33,8,-2.37519219619751,False
15,51,36,-2.3753557974243167,False
40,78,38,-2.375381923980713,False
72,92,20,-2.3754133279418945,False
61,90,29,-2.375651781158447,False
35,154,119,-2.3758799998474123,False
42,154,112,-2.376014037475586,False
44,158,114,-2.376122053527832,False
36,96,60,-2.3761484112548827,False
74,92,18,-2.376511419677734,False
43,122,79,-2.376613613433838,False
122,136,14,-2.376785242919922,False
122,152,30,-2.376837160949707,False
88,158,70,-2.3768831904602052,False
70,99,29,-2.3771450798034666,False
89,112,23,-2.377334558105469,False
94,113,19,-2.3775749526977537,False
18,31,13,-2.377797931518555,False
20,45,25,-2.3780960415649415,False
10,153,143,-2.3781293116760254,False
16,154,138,-2.3787794650268554,False
43,126,83,-2.3788011935424804,False
110,119,9,-2.3790251022338866,False
45,79,34,-2.3794839790344238,False
67,83,16,-2.379524738616943,False
20,143,123,-2.3795498704528812,False
125,138,13,-2.380036764831543,False
149,156,7,-2.3801910260009764,False
40,156,116,-2.380652679595947,False
111,118,7,-2.380948623046875,False
69,84,15,-2.381342497558594,False
68,100,32,-2.3814407667541504,False
9,92,83,-2.38149587890625,False
21,54,33,-2.3817291456604,False
32,151,119,-2.3817779789733886,False
67,101,34,-2.381937734527588,False
75,91,16,-2.382219512329102,False
22,45,23,-2.3823904095458985,False
98,127,29,-2.382530533294678,False
53,94,41,-2.3833752754211424,False
13,97,84,-2.38345637512207,False
107,114,7,-2.3834794155883787,False
11,131,120,-2.3838733618164065,False
2,118,116,-2.3838910174560546,False
100,130,30,-2.3841366423034667,False
67,102,35,-2.3844462525939942,False
46,158,112,-2.384550954437256,False
1,68,67,-2.384568273925781,False
9,158,149,-2.385111128540039,False
100,156,56,-2.385272491912842,False
105,122,17,-2.3852727282714845,False
21,45,24,-2.3854203692626954,False
143,154,11,-2.3855096817016603,False
111,116,5,-2.3855102070617678,False
7,32,25,-2.385565598449707,False
20,156,136,-2.385751755523682,False
14,114,100,-2.38590917678833,False
57,99,42,-2.386337405700684,False
97,157,60,-2.3863756631469726,False
70,92,22,-2.3871254794311527,False
19,100,81,-2.387212490386963,False
101,112,11,-2.387282877807617,False
110,116,6,-2.3876671992492673,False
87,111,24,-2.3877326599121096,False
42,75,33,-2.3878861648559573,False
68,102,34,-2.387976229705811,False
59,106,47,-2.388000028991699,False
70,98,28,-2.3881223344421385,False
30,44,14,-2.3882085467529297,False
9,27,18,-2.3885064868164063,False
60,158,98,-2.388861495513916,False
21,140,119,-2.388970760498047,False
69,82,13,-2.389050409851074,False
41,101,60,-2.3891443222045896,False
10,156,146,-2.3891599093627933,False
4,31,27,-2.38985174911499,False
17,44,27,-2.3898998063659667,False
35,153,118,-2.390022804107666,False
69,102,33,-2.3901575047302246,False
69,89,20,-2.390424731445312,False
1,48,47,-2.390559537200928,False
61,89,28,-2.3905719877624514,False
138,145,7,-2.3909110092163086,False
31,145,114,-2.391126635131836,False
32,144,112,-2.391538246154785,False
34,82,48,-2.3916128250122073,False
8,152,144,-2.3916721257019042,False
117,130,13,-2.3916747738647457,False
23,96,73,-2.3920047383117677,False
24,136,112,-2.392432805786133,False
8,107,99,-2.3926082321166993,False
25,51,26,-2.392616322784424,False
13,156,143,-2.3928665034484866,False
46,157,111,-2.3929097102355956,False
40,104,64,-2.393014499359131,False
7,30,23,-2.393098084564209,False
69,92,23,-2.393164237976074,False
62,90,28,-2.3941413400268554,False
17,43,26,-2.394259010925293,False
17,149,132,-2.394775926361084,False
11,156,145,-2.3948648873901366,False
2,81,79,-2.394871324157715,False
14,94,80,-2.3957303662109375,False
29,44,15,-2.396302380371094,False
27,42,15,-2.396321394042969,False
11,93,82,-2.3967445837402344,False
75,105,30,-2.3968973233032225,False
5,84,79,-2.397062730255127,False
3,27,24,-2.397224285583496,False
96,120,24,-2.3976742233276367,False
116,138,22,-2.398092516937256,False
27,48,21,-2.398136515197754,False
10,111,101,-2.398392197875977,False
26,135,109,-2.398485057678223,False
72,91,19,-2.39870875579834,False
115,133,18,-2.398753076171875,False
44,124,80,-2.398765057067871,False
69,101,32,-2.3988370135498043,False
98,109,11,-2.3989798196411134,False
35,135,100,-2.399187062988281,False
74,104,30,-2.3995648373413085,False
110,120,10,-2.399637655029297,False
15,32,17,-2.399719484558106,False
70,158,88,-2.4001490713500977,False
23,33,10,-2.400204934387207,False
18,93,75,-2.400394536590576,False
68,158,90,-2.4004456761169433,False
56,98,42,-2.4006383627319337,False
23,47,24,-2.4006431193542483,False
49,94,45,-2.4010462980651854,False
54,77,23,-2.4011346350097655,False
16,152,136,-2.401224560852051,False
10,26,16,-2.401354376831055,False
102,121,19,-2.401452211303711,False
85,96,11,-2.40160860748291,False
57,98,41,-2.4017052308654785,False
21,100,79,-2.4017958508300783,False
109,134,25,-2.4018640507507323,False
12,156,144,-2.402338232116699,False
8,131,123,-2.4024140492248534,False
129,140,11,-2.4026093154907224,False
16,98,82,-2.402610115661621,False
38,80,42,-2.4030368765258787,False
99,157,58,-2.403272610473633,False
10,155,145,-2.4033000427246094,False
108,115,7,-2.403476668548584,False
34,152,118,-2.403814848937988,False
102,130,28,-2.4044030920410155,False
97,158,61,-2.404476913757324,False
73,92,19,-2.4049701016235354,False
2,34,32,-2.4052738340759277,False
129,155,26,-2.4056403955078123,False
75,90,15,-2.4056806753540037,False
91,113,22,-2.405792322845459,False
41,100,59,-2.405875688018799,False
23,138,115,-2.4060981439208984,False
25,44,19,-2.4062649499511717,False
133,141,8,-2.4064017355346676,False
42,122,80,-2.4066036097717287,False
56,158,102,-2.4066184306335447,False
11,155,144,-2.406935248413086,False
32,108,76,-2.407026048736572,False
20,157,137,-2.4073463598632814,False
47,78,31,-2.407580013580322,False
53,95,42,-2.407818637390137,False
30,98,68,-2.4079846582031252,False
53,96,43,-2.407992648773193,False
3,83,80,-2.4081852078247072,False
116,131,15,-2.4083871664428713,False
37,62,25,-2.408505444641113,False
48,101,53,-2.408544141235352,False
26,47,21,-2.4088049711608885,False
63,91,28,-2.4090585481262208,False
24,47,23,-2.4090973829650877,False
29,93,64,-2.409140594482422,False
89,101,12,-2.4104629615783693,False
3,123,120,-2.410562065734863,False
33,96,63,-2.410565533447266,False
138,146,8,-2.4106911772155764,False
21,99,78,-2.41071419631958,False
124,146,22,-2.410792097930908,False
54,99,45,-2.4109033355712888,False
25,98,73,-2.411717872161865,False
110,117,7,-2.4120549832153317,False
12,93,81,-2.4123653005981445,False
55,92,37,-2.412375680236816,False
115,137,22,-2.4127502690124514,False
27,61,34,-2.412826788024902,False
80,109,29,-2.4130900480651856,False
101,132,31,-2.4132936935424807,False
108,134,26,-2.413438404083252,False
15,48,33,-2.413877534332275,False
61,158,97,-2.413900218963623,False
35,106,71,-2.4140444515991213,False
14,93,79,-2.4140793615722655,False
33,141,108,-2.4144133016967775,False
15,115,100,-2.4144971865844727,False
72,90,18,-2.414768669433594,False
101,131,30,-2.414793645172119,False
15,44,29,-2.415143432159424,False
102,132,30,-2.415369292755127,False
1,53,52,-2.4154738864135745,False
17,128,111,-2.415557628326416,False
86,96,10,-2.4156065713500974,False
21,157,136,-2.4156531100463865,False
107,115,8,-2.415796950683594,False
22,158,136,-2.4158135540771486,False
89,97,8,-2.416055044403076,False
9,31,22,-2.4165998233032226,False
56,80,24,-2.416656252441406,False
137,149,12,-2.4170001498413085,False
6,152,146,-2.417012872314453,False
10,154,144,-2.4171503587341308,False
77,90,13,-2.417790248413086,False
22,55,33,-2.4179804479980467,False
28,110,82,-2.417987691650391,False
30,60,30,-2.4182973905944825,False
1,61,60,-2.4183730453491212,False
31,107,76,-2.418497112121582,False
17,99,82,-2.4186433970642094,False
68,101,33,-2.418687078399658,False
4,84,80,-2.4187356408691407,False
115,156,41,-2.4187704376220704,False
73,91,18,-2.419569758605957,False
73,101,28,-2.4196741241455078,False
119,132,13,-2.4202201400756835,False
86,103,17,-2.420384889831543,False
69,90,21,-2.4204264755249025,False
42,126,84,-2.420475786132813,False
96,127,31,-2.42061202331543,False
11,129,118,-2.420717290344238,False
1,67,66,-2.42100580871582,False
66,92,26,-2.421044647369385,False
132,141,9,-2.4213544702148435,False
27,44,17,-2.4214097221374513,False
14,158,144,-2.421576314544678,False
43,125,82,-2.421739863433838,False
34,136,102,-2.42192645904541,False
3,26,23,-2.42192750579834,False
120,134,14,-2.422002629699707,False
44,156,112,-2.422073621520996,False
94,122,28,-2.422088356323242,False
34,135,101,-2.4222725308227537,False
118,134,16,-2.422330258331299,False
34,151,117,-2.4225250044250486,False
147,153,6,-2.422701784210205,False
7,133,126,-2.422834710693359,False
19,144,125,-2.4230572631835936,False
32,143,111,-2.4231689219665524,False
10,27,17,-2.423206397705078,False
124,136,12,-2.4233742422485354,False
122,151,29,-2.423451279296875,False
96,158,62,-2.4234600120544436,False
87,157,70,-2.4234642098999024,False
54,87,33,-2.4236064498901366,False
117,139,22,-2.4237626959228513,False
17,93,76,-2.423780845336914,False
120,133,13,-2.4239243292236328,False
4,28,24,-2.424639157409668,False
27,110,83,-2.424731284484863,False
2,123,121,-2.4247406327819823,False
37,106,69,-2.42489000869751,False
58,100,42,-2.4250229806518555,False
10,29,19,-2.425137785644531,False
31,146,115,-2.4252436056518554,False
69,100,31,-2.4259635581970214,False
29,134,105,-2.4259902435302734,False
44,106,62,-2.4260397842407224,False
147,157,10,-2.426111168670654,False
44,157,113,-2.4261884855651856,False
23,137,114,-2.4263481768798827,False
95,126,31,-2.4264676496887208,False
72,101,29,-2.4267577352905274,False
45,120,75,-2.4274402500915526,False
69,86,17,-2.4274408618164065,False
44,104,60,-2.4276260717773437,False
21,156,135,-2.4277969618225095,False
109,121,12,-2.427900418548584,False
118,131,13,-2.428072350158691,False
44,82,38,-2.4280949250793458,False
55,93,38,-2.4280994873046877,False
13,29,16,-2.428110930328369,False
26,61,35,-2.428153601989746,False
69,85,16,-2.4282267265319826,False
4,136,132,-2.428286750946045,False
147,158,11,-2.4283553419494632,False
69,83,14,-2.4284386509704587,False
2,36,34,-2.4285192492675782,False
88,96,8,-2.4286289781188968,False
86,158,72,-2.4289904457092284,False
115,135,20,-2.429024792022705,False
106,122,16,-2.429031050567627,False
28,35,7,-2.42921383682251,False
67,91,24,-2.4295699429321287,False
14,157,143,-2.4295786096191407,False
42,125,83,-2.43009665725708,False
26,98,72,-2.430493430175781,False
17,31,14,-2.4305759269714358,False
54,89,35,-2.4306882440185547,False
22,126,104,-2.4311457728576658,False
38,96,58,-2.4313834169006348,False
43,89,46,-2.431410088195801,False
4,116,112,-2.4315439558410645,False
30,108,78,-2.431545400695801,False
32,148,116,-2.431759617614746,False
105,133,28,-2.431870739898682,False
32,97,65,-2.432055665740967,False
8,29,21,-2.432131303405762,False
1,60,59,-2.4321655908203126,False
29,116,87,-2.432255316925049,False
87,95,8,-2.432523420257568,False
22,98,76,-2.4326817083740235,False
149,155,6,-2.432961320800781,False
137,144,7,-2.433023460845947,False
26,48,22,-2.433063428955078,False
41,124,83,-2.4331975108337405,False
35,137,102,-2.4332646304321286,False
27,119,92,-2.4334773553466795,False
40,79,39,-2.4336423780822756,False
16,48,32,-2.4336741581726073,False
21,158,137,-2.4339451736450193,False
17,148,131,-2.434071969604492,False
18,145,127,-2.43409481262207,False
113,145,32,-2.43452247467041,False
110,137,27,-2.4347419981384277,False
83,100,17,-2.43551612991333,False
76,92,16,-2.4356787966918945,False
107,134,27,-2.435690276489258,False
67,84,17,-2.4360908680725095,False
22,127,105,-2.4362544345092774,False
95,111,16,-2.4363801473999023,False
84,99,15,-2.4363933879089354,False
1,49,48,-2.4365339892578124,False
1,52,51,-2.436781544647217,False
45,157,112,-2.4371261111450195,False
119,153,34,-2.4374097398376464,False
111,117,6,-2.437451145477295,False
22,43,21,-2.4378921185302738,False
90,156,66,-2.438362525939941,False
8,28,20,-2.4384533966064454,False
94,112,18,-2.438639593963623,False
68,87,19,-2.4386936898803713,False
69,88,19,-2.4387492909240724,False
58,156,98,-2.4390557287597656,False
45,156,111,-2.4391516722106936,False
23,58,35,-2.439912035522461,False
44,154,110,-2.440003819122315,False
64,85,21,-2.4400055169677737,False
32,149,117,-2.4401383407592774,False
121,134,13,-2.440372468109131,False
108,116,8,-2.4403797274780272,False
65,104,39,-2.440430651397705,False
45,126,81,-2.4405143489074708,False
60,107,47,-2.440530395050049,False
81,110,29,-2.4407074642944337,False
106,133,27,-2.4411359991455077,False
2,152,150,-2.4411444871520995,False
59,156,97,-2.4412660456848143,False
86,157,71,-2.4412668754577638,False
25,43,18,-2.441316184082031,False
8,103,95,-2.4413712409973143,False
21,44,23,-2.4418027264404296,False
1,54,53,-2.4419899601745607,False
60,157,97,-2.44248611907959,False
14,155,141,-2.4428327087402346,False
10,98,88,-2.442935498809814,False
23,56,33,-2.4429458938598634,False
59,101,42,-2.4435444084167477,False
21,114,93,-2.443563360748291,False
37,111,74,-2.4436182675170897,False
113,146,33,-2.443863360595703,False
31,85,54,-2.443934132080078,False
4,29,25,-2.444187438659668,False
53,97,44,-2.4443458203125,False
120,137,17,-2.444525673522949,False
136,143,7,-2.4445722175598146,False
101,113,12,-2.4448185572814944,False
32,85,53,-2.4448689392089844,False
45,158,113,-2.4456130877685545,False
116,132,16,-2.4457819023132323,False
123,135,12,-2.446456479187012,False
1,65,64,-2.4465097265624998,False
26,94,68,-2.446722683105469,False
59,107,48,-2.4467404139709474,False
24,43,19,-2.446811980133057,False
17,100,83,-2.4468488047790524,False
50,96,46,-2.44685314453125,False
20,54,34,-2.4468825833129886,False
30,88,58,-2.447159305419922,False
119,137,18,-2.447375995025635,False
45,91,46,-2.447422385559082,False
97,109,12,-2.447456326904297,False
106,153,47,-2.447680840454102,False
56,79,23,-2.4477257971191406,False
98,120,22,-2.4477838377380374,False
3,136,133,-2.4477862315368655,False
57,156,99,-2.447786291503906,False
1,66,65,-2.4479459643554686,False
123,150,27,-2.4479930111694337,False
25,46,21,-2.448084157104492,False
35,138,103,-2.44810399810791,False
34,133,99,-2.4484682684326176,False
22,44,22,-2.4485187243652344,False
109,135,26,-2.4489250088500976,False
40,66,26,-2.4490804609680175,False
23,112,89,-2.449084598236084,False
68,89,21,-2.449237210998535,False
33,134,101,-2.449383941040039,False
6,134,128,-2.449687043609619,False
83,97,14,-2.4497839306640623,False
8,101,93,-2.449930301208496,False
45,155,110,-2.45067371963501,False
1,59,58,-2.451110637817383,False
15,54,39,-2.451196882171631,False
28,134,106,-2.45120317779541,False
2,79,77,-2.4512401763916016,False
6,32,26,-2.4513602014160156,False
66,104,38,-2.4515037283325194,False
12,31,19,-2.45156613861084,False
43,127,84,-2.452087440338135,False
35,134,99,-2.452328905944824,False
16,50,34,-2.452489318237305,False
24,61,37,-2.452506539001465,False
2,35,33,-2.4526925973510743,False
55,86,31,-2.4527192610168456,False
44,126,82,-2.4529330688476563,False
117,132,15,-2.4529380783081054,False
3,138,135,-2.4531119966125488,False
120,153,33,-2.4531289190673826,False
49,100,51,-2.453211753692627,False
29,92,63,-2.4533278564453127,False
7,134,127,-2.453441823730469,False
4,117,113,-2.4538192141723636,False
55,91,36,-2.4539808206176756,False
46,79,33,-2.4540536921691896,False
89,100,11,-2.4541389460754397,False
98,157,59,-2.4542340805053713,False
39,104,65,-2.454276892089844,False
10,28,18,-2.4545515269470215,False
24,98,74,-2.4551361125183107,False
14,32,18,-2.455247093963623,False
17,54,37,-2.455269740905762,False
85,158,73,-2.4557113385009766,False
4,137,133,-2.455910002441406,False
27,45,18,-2.455974575958252,False
38,155,117,-2.456053706970215,False
115,134,19,-2.4560580705261232,False
11,158,147,-2.456196005859375,False
28,61,33,-2.4562433633422853,False
96,119,23,-2.4564396014404295,False
45,121,76,-2.4567927792358395,False
39,103,64,-2.457057303009033,False
47,158,111,-2.4573201953125,False
26,33,7,-2.457879159088135,False
35,136,101,-2.457893032836914,False
54,100,46,-2.4580792169189456,False
111,138,27,-2.458189705963135,False
121,153,32,-2.458291848754883,False
124,137,13,-2.458706518096924,False
11,94,83,-2.4587188523864745,False
45,153,108,-2.4588184870910643,False
4,32,28,-2.4588600885009764,False
28,93,65,-2.459046823577881,False
18,100,82,-2.4591471701049805,False
115,158,43,-2.4596723445129394,False
24,46,22,-2.460572043304443,False
68,88,20,-2.461115213470459,False
37,80,43,-2.4613916491699217,False
11,31,20,-2.4614424169921874,False
117,154,37,-2.461470107269287,False
17,53,36,-2.4621100857543943,False
118,138,20,-2.462291746063232,False
1,51,50,-2.462316887664795,False
25,48,23,-2.462513562927246,False
116,137,21,-2.4625257904052735,False
43,153,110,-2.4625389544677736,False
9,28,19,-2.462851966705322,False
113,142,29,-2.463168394927979,False
31,133,102,-2.4633192694091797,False
89,157,68,-2.463447608642578,False
19,43,24,-2.463963237609863,False
16,115,99,-2.4642406008911135,False
58,101,43,-2.4644903227233885,False
44,155,111,-2.464895944976807,False
122,135,13,-2.4658702435302735,False
24,33,9,-2.4660365145874024,False
23,97,74,-2.4661637857055667,False
58,103,45,-2.466346076965332,False
31,115,84,-2.466451137084961,False
23,46,23,-2.4666505401611327,False
99,156,57,-2.467175779113769,False
38,110,72,-2.4673183255004885,False
11,153,142,-2.467388712463379,False
113,144,31,-2.46742530090332,False
5,136,131,-2.4677370863342283,False
17,52,35,-2.4679005017089843,False
56,157,101,-2.4679013677978516,False
68,83,15,-2.4679677470397947,False
114,157,43,-2.468028321838379,False
45,125,80,-2.468112487182617,False
48,102,54,-2.4683350773620605,False
23,95,72,-2.468462397766113,False
104,115,11,-2.4687656298828125,False
53,98,45,-2.4687893338012694,False
48,94,46,-2.468852273712158,False
58,102,44,-2.4692768826293947,False
1,50,49,-2.469388328552246,False
29,38,9,-2.4694627870178225,False
131,141,10,-2.4695084454345704,False
34,81,47,-2.469534316711426,False
7,105,98,-2.469615213317871,False
8,30,22,-2.469651834716797,False
24,123,99,-2.4698572558593748,False
3,117,114,-2.470282797241211,False
106,154,48,-2.471123494262695,False
136,150,14,-2.4713535943603517,False
61,156,95,-2.4713801467895506,False
123,136,13,-2.4714770115661624,False
88,102,14,-2.4716610711669924,False
87,96,9,-2.4719851654052736,False
67,92,25,-2.4722378656005857,False
48,158,110,-2.472245839996338,False
147,156,9,-2.472712027282715,False
19,115,96,-2.4728780445861815,False
87,158,71,-2.472927807922363,False
121,136,15,-2.4732333595275877,False
12,94,82,-2.4732509744262696,False
67,158,91,-2.473271883392334,False
6,87,81,-2.473298380584717,False
146,153,7,-2.4733395806884766,False
45,154,109,-2.4734128370666504,False
63,107,44,-2.4734389862060544,False
113,143,30,-2.4735002053833006,False
118,153,35,-2.4735702281188963,False
27,134,107,-2.4737177877807617,False
93,123,30,-2.4739447024536134,False
76,91,15,-2.4740654803466797,False
62,89,27,-2.4742562948608398,False
66,91,25,-2.4743022998046875,False
46,122,76,-2.474308589782715,False
50,77,27,-2.4743144070434573,False
4,120,116,-2.474538687591553,False
29,36,7,-2.474736573028564,False
4,119,115,-2.475176760406494,False
7,152,145,-2.4751954475402833,False
89,158,69,-2.4752407592773435,False
29,41,12,-2.4753316203308104,False
68,84,16,-2.4753736546325684,False
14,153,139,-2.4754940902709963,False
16,100,84,-2.4754954246520997,False
1,58,57,-2.475623692016602,False
117,158,41,-2.475708149108887,False
19,93,74,-2.476103756561279,False
25,62,37,-2.4761739157104494,False
33,133,100,-2.476402359008789,False
103,131,28,-2.4766147047424316,False
124,147,23,-2.476753009185791,False
47,101,54,-2.4768100215148925,False
6,86,80,-2.476905684509277,False
74,106,32,-2.477053927001953,False
5,137,132,-2.4772390113830567,False
64,106,42,-2.477757407836914,False
77,156,79,-2.477875983276367,False
119,134,15,-2.478199744262695,False
71,101,30,-2.4783620144653318,False
25,45,20,-2.478801747436523,False
14,49,35,-2.47888354888916,False
32,83,51,-2.4789929724121094,False
88,156,68,-2.4791951922607423,False
12,158,146,-2.4792294764709473,False
16,44,28,-2.479417211303711,False
13,158,145,-2.479475329742432,False
37,154,117,-2.479536489868164,False
68,85,17,-2.4795949925231935,False
74,105,31,-2.479763776702881,False
1,62,61,-2.479783135681152,False
27,93,66,-2.4800777503967284,False
34,150,116,-2.4803428356933592,False
33,152,119,-2.4810831057739255,False
9,157,148,-2.4813525674438477,False
15,152,137,-2.481393200378418,False
56,83,27,-2.481529701538086,False
6,34,28,-2.48154215133667,False
55,99,44,-2.481679536437988,False
56,81,25,-2.481697560424805,False
23,59,36,-2.4819518145751953,False
122,153,31,-2.481987370300293,False
36,111,75,-2.482006228942871,False
94,115,21,-2.4820632290649414,False
93,158,65,-2.4822365312194825,False
72,158,86,-2.4822679989624024,False
76,89,13,-2.482375231933594,False
95,158,63,-2.4823789978027344,False
25,135,110,-2.4826253060913084,False
105,115,10,-2.4827636457824704,False
96,111,15,-2.4831020220947266,False
4,35,31,-2.483339799499512,False
9,29,20,-2.483490601196289,False
76,107,31,-2.4835433895874024,False
92,157,65,-2.4842551651000977,False
32,114,82,-2.4842560542297365,False
73,158,85,-2.4845639274597167,False
2,73,71,-2.484636346435547,False
126,156,30,-2.4850721813964847,False
85,111,26,-2.485087385253906,False
42,107,65,-2.4851701736450194,False
16,151,135,-2.4852966717529297,False
124,148,24,-2.485320304870606,False
65,85,20,-2.4853593099975586,False
76,88,12,-2.485423819274902,False
144,154,10,-2.4855212048339843,False
4,151,147,-2.4859172869873047,False
3,122,119,-2.4863787161254884,False
106,123,17,-2.4864244831848143,False
67,90,23,-2.4865095837402342,False
51,95,44,-2.4865906494140626,False
54,91,37,-2.4870298823547365,False
96,156,60,-2.4874805447387693,False
27,38,11,-2.4879720320129395,False
134,142,8,-2.4883285972595215,False
43,121,78,-2.488763799133301,False
27,35,8,-2.489296726074219,False
21,57,36,-2.489391718444824,False
19,32,13,-2.4896516537475586,False
14,154,140,-2.4897731082153323,False
92,158,66,-2.4899610575866697,False
93,122,29,-2.4902362796020507,False
22,138,116,-2.4902957485961914,False
95,157,62,-2.4903898742675783,False
5,83,78,-2.4907197088623048,False
135,142,7,-2.4908638841247557,False
45,105,60,-2.490900945892334,False
109,136,27,-2.4909197259521485,False
78,108,30,-2.491230308227539,False
3,151,148,-2.4914897032165526,False
26,43,17,-2.4916294718933107,False
33,145,112,-2.4919486532592776,False
16,99,83,-2.4924485916137695,False
4,83,79,-2.4926496754455565,False
2,76,74,-2.492812861022949,False
7,88,81,-2.4928285299682615,False
18,42,24,-2.4930966247558595,False
57,100,43,-2.4931801663208004,False
108,121,13,-2.493210464172363,False
3,137,134,-2.4933624893188475,False
1,64,63,-2.4934878588867186,False
2,37,35,-2.493646132202149,False
52,95,43,-2.4936477474975587,False
28,36,8,-2.493792186279297,False
46,156,110,-2.4944585972595212,False
95,119,24,-2.4945367919921875,False
100,113,13,-2.494640400695801,False
51,96,45,-2.4955885772705075,False
45,106,61,-2.4956916622924803,False
38,154,116,-2.4966990841674805,False
61,157,96,-2.496745645446777,False
35,132,97,-2.497376760864258,False
2,42,40,-2.4974391203308106,False
23,60,37,-2.497491117401123,False
42,121,79,-2.4975447833251954,False
18,92,74,-2.4978103814697263,False
19,44,25,-2.4981551217651363,False
95,113,18,-2.498240591430664,False
6,30,24,-2.498309040374756,False
66,158,92,-2.498402166137695,False
60,156,96,-2.498535630645752,False
44,90,46,-2.4989988264465333,False
35,61,26,-2.4990734735107423,False
2,38,36,-2.4992844264221192,False
10,131,121,-2.499737905273437,False
22,58,36,-2.4997984460449216,False
127,142,15,-2.5000350106811524,False
27,37,10,-2.5002051728820804,False
15,151,136,-2.5002128387451172,False
12,30,18,-2.5005506433105467,False
93,157,64,-2.50064727935791,False
109,117,8,-2.500938615722656,False
20,142,122,-2.5011506457519532,False
20,141,121,-2.5013283880615234,False
10,158,148,-2.501373385925293,False
29,91,62,-2.5017253857421875,False
25,121,96,-2.501877225494385,False
39,155,116,-2.502027847442627,False
98,158,60,-2.5021313397216796,False
59,105,46,-2.502236681213379,False
10,157,147,-2.5023669149780274,False
26,44,18,-2.502549154663086,False
89,98,9,-2.502922112121582,False
93,115,22,-2.50301056350708,False
20,128,108,-2.503051496887207,False
99,158,59,-2.5030810263061527,False
112,138,26,-2.503110462036133,False
23,124,101,-2.503436738128662,False
24,44,20,-2.503815779571533,False
41,107,66,-2.503980239105225,False
50,99,49,-2.50435474029541,False
16,43,27,-2.5044485220336914,False
16,32,16,-2.504616576538086,False
125,143,18,-2.5046992555236818,False
15,53,38,-2.5049695230102538,False
124,149,25,-2.5050354458618167,False
47,157,110,-2.505088161468506,False
89,156,67,-2.5052148471069335,False
115,136,21,-2.5053342539978027,False
131,153,22,-2.5055285433959957,False
66,85,19,-2.505632819519043,False
41,153,112,-2.50564871887207,False
52,98,46,-2.5058370181274414,False
2,41,39,-2.5059576806640624,False
99,128,29,-2.506219724121094,False
17,42,25,-2.506235539855957,False
26,45,19,-2.506335612487793,False
104,121,17,-2.5064023677062988,False
22,56,34,-2.5066187915039064,False
12,155,143,-2.507374442138672,False
109,116,7,-2.5073814497375486,False
118,135,17,-2.5074123205566408,False
145,154,9,-2.5074272061157226,False
2,139,137,-2.507445990447998,False
117,133,16,-2.5074690979003904,False
28,37,9,-2.5075686279296874,False
128,141,13,-2.5075702088928224,False
2,141,139,-2.508160329284668,False
135,151,16,-2.508187773590088,False
36,154,118,-2.5081901988220214,False
42,153,111,-2.5083920465087894,False
13,31,18,-2.508714751434326,False
3,118,115,-2.509123901062012,False
18,32,14,-2.5091361044311524,False
52,96,44,-2.5091729901123045,False
54,92,38,-2.5094007421874998,False
89,113,24,-2.5094820837402345,False
40,98,58,-2.5110412561035154,False
38,153,115,-2.51124024810791,False
32,84,52,-2.511609276123047,False
38,105,67,-2.5117165049743653,False
91,156,65,-2.5121234648132327,False
56,99,43,-2.512158599243164,False
2,26,24,-2.5124646514892577,False
10,130,120,-2.512648010559082,False
43,107,64,-2.5126655279541015,False
59,155,96,-2.5128191302490235,False
44,122,78,-2.513021096496582,False
10,152,142,-2.5135027935791014,False
59,104,45,-2.5135197778320313,False
21,55,34,-2.5135205334472657,False
120,135,15,-2.5136448837280274,False
11,154,143,-2.5140318392944336,False
4,118,114,-2.5140371876525878,False
125,157,32,-2.514065983276367,False
16,53,37,-2.5142987409973143,False
52,94,42,-2.514541191253662,False
3,36,33,-2.5147293531799315,False
23,48,25,-2.514868946685791,False
18,146,128,-2.5151007733154294,False
87,112,25,-2.515616260986328,False
7,89,82,-2.5157297131347653,False
66,90,24,-2.5157328167724606,False
26,120,94,-2.515747268371582,False
9,130,121,-2.515830814971924,False
4,30,26,-2.5161544665527344,False
10,31,21,-2.5162101303100584,False
65,92,27,-2.5170128341674802,False
74,158,84,-2.5171239443969724,False
21,139,118,-2.5173162826538085,False
103,155,52,-2.517338965759277,False
34,134,100,-2.5174582385253905,False
2,74,72,-2.5175695431518554,False
15,35,20,-2.51763081451416,False
7,132,125,-2.5176367919921874,False
116,158,42,-2.5176702236938473,False
50,100,50,-2.517902926483154,False
94,158,64,-2.5187515478515623,False
4,33,29,-2.5187700366210937,False
54,93,39,-2.518844046020508,False
24,45,21,-2.5188619502258303,False
73,103,30,-2.5198738757324217,False
2,72,70,-2.519882566986084,False
15,92,77,-2.5198929434204103,False
30,116,86,-2.5201164791870116,False
116,135,19,-2.5204349099731447,False
20,93,73,-2.520608553161621,False
83,98,15,-2.520619026184082,False
16,130,114,-2.5207127633666992,False
23,61,38,-2.5208779249572753,False
103,133,30,-2.520908447570801,False
42,127,85,-2.521070447540283,False
130,154,24,-2.5210932232666017,False
12,98,86,-2.5211369119262694,False
110,151,41,-2.5212219274902345,False
41,76,35,-2.52126764465332,False
36,133,97,-2.521619782104492,False
106,115,9,-2.5216443434143065,False
137,145,8,-2.5219215621948243,False
117,155,38,-2.522116875,False
16,51,35,-2.5222166537475585,False
64,91,27,-2.5223711190795894,False
3,28,25,-2.5223774349975585,False
11,157,146,-2.522411069793701,False
9,151,142,-2.5226936575317382,False
22,33,11,-2.5227455895996096,False
58,106,48,-2.523055036621094,False
88,112,24,-2.523347352600098,False
120,136,16,-2.524319577789307,False
20,43,23,-2.5243440281677243,False
1,63,62,-2.5243709393310545,False
77,157,80,-2.5244571409606933,False
7,33,26,-2.5245985285949706,False
8,90,82,-2.5251660787963868,False
93,114,21,-2.525361188812256,False
13,93,80,-2.5254831382751464,False
68,86,18,-2.52554646194458,False
37,153,116,-2.52569433380127,False
70,100,30,-2.5257335026550294,False
27,36,9,-2.5257873779296878,False
117,131,14,-2.5259035244750976,False
2,27,25,-2.526319187011719,False
99,111,12,-2.5263766561889645,False
74,156,82,-2.5267882203674317,False
41,123,82,-2.5268135064697264,False
97,110,13,-2.526870170288086,False
11,32,21,-2.5269880474853514,False
8,32,24,-2.5271492483520506,False
40,124,84,-2.527514990234375,False
10,129,119,-2.527696453857422,False
37,105,68,-2.5278845622253416,False
52,97,45,-2.5280150088500974,False
62,87,25,-2.52802171585083,False
102,131,29,-2.5280560186767578,False
6,85,79,-2.52825639465332,False
125,158,33,-2.528492611541748,False
6,135,129,-2.528566694641113,False
84,158,74,-2.5285686051940917,False
137,148,11,-2.528916315917969,False
15,52,37,-2.5289210197448733,False
140,158,18,-2.5289357089233397,False
23,98,75,-2.5290114346313475,False
46,80,34,-2.529144786376953,False
13,157,144,-2.5293591680908203,False
95,120,25,-2.529484150848389,False
119,136,17,-2.529883494873047,False
46,120,74,-2.5299752340698243,False
133,153,20,-2.530287440032959,False
16,129,113,-2.530289412231445,False
1,57,56,-2.5303359124755858,False
51,98,47,-2.5304498558044433,False
111,149,38,-2.5305159509277346,False
83,101,18,-2.5305693489074708,False
121,135,14,-2.5307696128845216,False
90,157,67,-2.5307978465270997,False
60,155,95,-2.5308809288024903,False
2,39,37,-2.5309233477783204,False
29,90,61,-2.531063135070801,False
13,30,17,-2.5312211328125,False
40,102,62,-2.5314449395751955,False
35,130,95,-2.531665642700195,False
12,32,20,-2.5317072605895996,False
76,90,14,-2.5321143307495118,False
2,75,73,-2.532224761047363,False
50,97,47,-2.532660891876221,False
44,153,109,-2.5328236872863767,False
16,150,134,-2.532994143371582,False
86,112,26,-2.53320912612915,False
16,54,38,-2.533223433532715,False
52,93,41,-2.533355305175781,False
25,94,69,-2.533713588409424,False
98,156,58,-2.533825712890625,False
40,155,115,-2.533881621551514,False
61,107,46,-2.534109606933594,False
62,158,96,-2.5344047247314454,False
38,121,83,-2.5346144580078125,False
34,149,115,-2.534788395385742,False
22,137,115,-2.534846335449219,False
53,93,40,-2.534913718109131,False
17,32,15,-2.535245718688965,False
8,104,96,-2.5353146815490724,False
13,94,81,-2.535353418273926,False
49,78,29,-2.536078523864746,False
32,150,118,-2.536231379699707,False
46,92,46,-2.5366885832214354,False
3,121,118,-2.5368905511474606,False
14,98,84,-2.5372810537719728,False
35,139,104,-2.5373881216430663,False
45,127,82,-2.537414712677002,False
90,158,68,-2.5377484036254883,False
46,121,75,-2.537884379119873,False
119,133,14,-2.5379333810424805,False
79,110,31,-2.5383747618103025,False
47,102,55,-2.5389320272827147,False
56,82,26,-2.5389827223205566,False
10,92,82,-2.539084418029785,False
39,108,69,-2.539097457733154,False
44,125,81,-2.5391578649902344,False
19,42,23,-2.5393686448669435,False
40,107,67,-2.539837233276367,False
13,155,142,-2.5404056665039065,False
70,102,32,-2.540511089630127,False
48,157,109,-2.541009702911377,False
55,85,30,-2.541265495300293,False
32,82,50,-2.541371484680176,False
84,102,18,-2.541522013092041,False
148,156,8,-2.541662511444092,False
30,87,57,-2.5433798135375976,False
145,155,10,-2.5435440872192383,False
116,136,20,-2.5437859484863283,False
19,143,124,-2.543918199768066,False
101,133,32,-2.544194337615967,False
51,77,26,-2.544327275390625,False
2,140,138,-2.5444340577697755,False
49,158,109,-2.5444437069702146,False
108,135,27,-2.544503953704834,False
100,112,12,-2.544918176574707,False
21,138,117,-2.545016091308594,False
29,37,8,-2.545395012207031,False
45,152,107,-2.5454566673278807,False
132,142,10,-2.545544026031494,False
41,125,84,-2.545544437713623,False
55,90,35,-2.5460326235961914,False
31,116,85,-2.5462290016174314,False
20,140,120,-2.5466301959228517,False
67,85,18,-2.5472472966003417,False
118,137,19,-2.5474025271606444,False
94,125,31,-2.5474845736694336,False
28,92,64,-2.547936899719238,False
50,158,108,-2.5483432044982908,False
94,124,30,-2.5483530825805665,False
107,116,9,-2.5484192355346678,False
107,121,14,-2.54856100769043,False
27,120,93,-2.548831136779785,False
94,121,27,-2.548987982788086,False
15,34,19,-2.5490070935058595,False
146,154,8,-2.549513770446777,False
33,146,113,-2.5495453425598145,False
3,33,30,-2.550750539855957,False
18,128,110,-2.5509092140197756,False
47,79,32,-2.5511247709655764,False
50,157,107,-2.551385710296631,False
112,148,36,-2.551446725463867,False
10,99,89,-2.551537910461426,False
41,73,32,-2.5517140603637696,False
9,101,92,-2.551780030670166,False
97,128,31,-2.5522909677124024,False
21,94,73,-2.552536307220459,False
85,157,72,-2.5525707525634767,False
57,101,44,-2.5526513040161136,False
5,151,146,-2.5527666748046878,False
102,155,53,-2.552815267333984,False
54,90,36,-2.5529719897460934,False
24,48,24,-2.553212758026123,False
96,118,22,-2.5532843881225586,False
3,29,26,-2.55338297454834,False
53,92,39,-2.553430696411133,False
32,107,75,-2.5534725382995602,False
23,45,22,-2.55350628036499,False
31,99,68,-2.5541848851013187,False
41,121,80,-2.554278779296875,False
43,113,70,-2.5544750616455074,False
2,122,120,-2.5544800563049312,False
24,135,111,-2.554515036315918,False
67,87,20,-2.5545158100891117,False
44,127,83,-2.5552775021362306,False
41,126,85,-2.555457929840088,False
118,136,18,-2.5556736035156247,False
36,113,77,-2.5557282666015624,False
51,94,43,-2.555739768676758,False
103,121,18,-2.5558088711547855,False
42,113,71,-2.555826026916504,False
14,113,99,-2.555904271850586,False
41,69,28,-2.5559063410949707,False
100,114,14,-2.5560692138671874,False
42,128,86,-2.556338055114746,False
87,102,15,-2.5564565713500977,False
76,156,80,-2.5568163191223143,False
15,42,27,-2.5571179278564453,False
63,88,25,-2.557188500366211,False
126,143,17,-2.5572325199890136,False
16,149,133,-2.5573201153564455,False
53,77,24,-2.5577786602783203,False
25,111,86,-2.558147870330811,False
30,133,103,-2.558710768432617,False
11,30,19,-2.5592904867553714,False
123,153,30,-2.5593463946533204,False
41,74,33,-2.559584522705078,False
62,108,46,-2.5597295086669924,False
117,156,39,-2.5598911892700196,False
34,147,113,-2.560040361328125,False
33,144,111,-2.560350694580078,False
1,55,54,-2.560479077911377,False
2,148,146,-2.5605946731567384,False
14,43,29,-2.5608064404296877,False
45,104,59,-2.5608934025573733,False
94,157,63,-2.5612304614257813,False
63,86,23,-2.5613172131347657,False
109,118,9,-2.5616006520080568,False
22,99,77,-2.5616011364746094,False
132,153,21,-2.5631389465332033,False
85,102,17,-2.563194845275879,False
33,82,49,-2.5632567822265626,False
66,86,20,-2.5635424215698244,False
34,140,106,-2.5641959715270994,False
39,133,94,-2.564263815612793,False
58,155,97,-2.5642640084838866,False
40,99,59,-2.564729355163574,False
91,158,67,-2.564758988494873,False
8,151,143,-2.565001714782715,False
15,33,18,-2.565073480834961,False
39,154,115,-2.5651100219726564,False
2,121,119,-2.5657611059570313,False
57,102,45,-2.565931356506348,False
4,138,134,-2.565934048614502,False
123,152,29,-2.565971781311035,False
48,78,30,-2.5661136724853515,False
7,135,128,-2.566148377685547,False
2,151,149,-2.566293689880371,False
11,98,87,-2.5666177769470218,False
58,105,47,-2.566725979309082,False
116,133,17,-2.5667826779174803,False
71,158,87,-2.56708061630249,False
26,34,8,-2.5680440597534178,False
46,153,107,-2.568153210601807,False
41,68,27,-2.568183068695068,False
52,92,40,-2.568321599731445,False
19,55,36,-2.5683428149414063,False
92,114,22,-2.568522491760254,False
43,128,85,-2.5685634274291993,False
14,35,21,-2.5689660000610353,False
73,156,83,-2.5690147004699706,False
38,111,73,-2.569031334228516,False
47,124,77,-2.5691102047729495,False
86,113,27,-2.5694038150024414,False
37,147,110,-2.5694373387145992,False
28,41,13,-2.5695990463256835,False
99,120,21,-2.56994626373291,False
78,156,78,-2.5700744700622558,False
44,83,39,-2.57042442779541,False
39,78,39,-2.570510503234863,False
15,99,84,-2.5707723657226564,False
18,144,126,-2.571115390625,False
34,141,107,-2.5715157897949217,False
14,46,32,-2.5715225244140627,False
34,148,114,-2.572256948852539,False
116,134,18,-2.57230831237793,False
119,135,16,-2.57242009765625,False
13,131,118,-2.572655307159424,False
44,87,43,-2.5727064613342288,False
26,134,108,-2.573201145019531,False
88,113,25,-2.573766059112549,False
78,109,31,-2.5742328828430177,False
97,156,59,-2.5742883010864257,False
40,101,61,-2.574817450561523,False
49,101,52,-2.574954211883545,False
61,155,94,-2.5753491662597656,False
44,88,44,-2.575427418823242,False
2,119,117,-2.5754980642700196,False
9,131,122,-2.5758355615234376,False
67,89,22,-2.576019998779297,False
41,71,30,-2.5761301440429687,False
2,78,76,-2.5764444366455077,False
70,101,31,-2.576569207611084,False
125,144,19,-2.576578336181641,False
36,153,117,-2.5766260049438476,False
15,114,99,-2.576697754211426,False
104,134,30,-2.576799017028809,False
10,151,141,-2.577008725891113,False
39,109,70,-2.577092784729004,False
20,114,94,-2.577106519165039,False
66,89,23,-2.5776587646484375,False
146,155,9,-2.578004382019043,False
3,116,113,-2.57893229385376,False
2,120,118,-2.579004280090332,False
130,153,23,-2.5793066204833983,False
9,32,23,-2.5798739497375487,False
13,153,140,-2.580065357055664,False
67,88,21,-2.580292864074707,False
44,121,77,-2.5811536303710936,False
57,155,98,-2.5811721505737304,False
72,103,31,-2.581425383911133,False
41,70,29,-2.5814841749572754,False
133,142,9,-2.5817958418273923,False
63,148,85,-2.5819322396850586,False
33,143,110,-2.5820890351867676,False
65,105,40,-2.5822279541015627,False
51,92,41,-2.5822915286254884,False
26,36,10,-2.582709290771484,False
97,111,14,-2.5830684046936034,False
136,144,8,-2.583207425231934,False
116,155,39,-2.5838658027648926,False
27,39,12,-2.583907848205566,False
12,99,87,-2.584017696380615,False
46,155,109,-2.5841797030639646,False
14,50,36,-2.58424813659668,False
23,136,113,-2.5843680242919924,False
33,147,114,-2.5849138511657714,False
130,141,11,-2.5851663410949706,False
115,157,42,-2.5853922564697265,False
11,92,81,-2.585409158935547,False
66,87,21,-2.585552015991211,False
3,42,39,-2.5857129010009765,False
38,113,75,-2.585786382446289,False
94,114,20,-2.585899334716797,False
8,102,94,-2.585922470092773,False
2,70,68,-2.585923882446289,False
96,113,17,-2.586016640472412,False
105,154,49,-2.5860873876953123,False
21,42,21,-2.5862001745605467,False
19,128,109,-2.586223973083496,False
116,156,40,-2.5866551654052734,False
54,80,26,-2.5866617279052733,False
59,154,95,-2.58668635559082,False
102,133,31,-2.587288684234619,False
9,129,120,-2.5876871975708005,False
60,108,48,-2.5882726411437984,False
41,75,34,-2.588427933807373,False
24,34,10,-2.588440252990723,False
46,125,79,-2.5885484107971193,False
63,87,24,-2.5888329669189454,False
61,154,93,-2.5892449691772463,False
10,32,22,-2.5893870703125,False
105,121,16,-2.5894020655822754,False
93,121,28,-2.5894700198364258,False
141,158,17,-2.589664403076172,False
97,118,21,-2.5896856986999515,False
8,106,98,-2.589708848571777,False
21,113,92,-2.589870415344238,False
2,43,41,-2.5899272914123537,False
40,67,27,-2.5912588441467284,False
19,102,83,-2.591326915283203,False
100,120,20,-2.591554800720215,False
137,147,10,-2.591629522399902,False
12,157,145,-2.5917418740844727,False
36,106,70,-2.5920095140075685,False
93,156,63,-2.5920562924194335,False
95,116,21,-2.5921380035400388,False
117,157,40,-2.592153466491699,False
45,151,106,-2.592320594177246,False
21,137,116,-2.5927601080322265,False
78,157,79,-2.592813338317871,False
28,118,90,-2.592828889770508,False
53,89,36,-2.5928976878356935,False
75,156,81,-2.59293103805542,False
17,129,112,-2.593105668029785,False
37,145,108,-2.5936245083618163,False
95,118,23,-2.593721631164551,False
146,156,10,-2.5937595886230467,False
15,150,135,-2.5939700292968753,False
17,147,130,-2.5940339678955078,False
43,120,77,-2.5940813513183594,False
129,154,25,-2.5940956094360352,False
28,99,71,-2.5942071899414065,False
41,122,81,-2.59437274597168,False
12,100,88,-2.5944380731201173,False
38,103,65,-2.594521212310791,False
36,80,44,-2.5948128109741213,False
61,108,47,-2.5955391983032228,False
22,59,37,-2.5957759869384764,False
84,100,16,-2.5961376147460937,False
56,156,100,-2.5962299810791016,False
46,91,45,-2.596435747833252,False
95,115,20,-2.596493238830566,False
3,31,28,-2.5973418585205077,False
100,131,31,-2.5973935659790035,False
65,158,93,-2.5974464587402344,False
21,93,72,-2.5976648565673828,False
35,129,94,-2.597816732788086,False
40,100,60,-2.597821198120117,False
84,97,13,-2.5978473162841795,False
55,100,45,-2.597961291503906,False
32,98,66,-2.5979663227844236,False
38,145,107,-2.598217521972656,False
92,125,33,-2.598711248168945,False
37,96,59,-2.598931080780029,False
77,158,81,-2.5990556802368165,False
101,134,33,-2.599126799621582,False
92,155,63,-2.5994492985534667,False
14,51,37,-2.5998223527526854,False
40,77,37,-2.599902392425537,False
25,134,109,-2.6001474533081055,False
15,100,85,-2.6004055183410646,False
95,156,61,-2.6005286212158203,False
63,158,95,-2.6006070822143554,False
10,30,20,-2.6007636047363283,False
51,97,46,-2.600905476989746,False
9,30,21,-2.6009101531982424,False
98,110,12,-2.60105088684082,False
2,40,38,-2.6011662132263185,False
25,35,10,-2.6013196603393554,False
20,55,35,-2.601957137145996,False
120,154,34,-2.6025770541381834,False
6,33,27,-2.602875305786133,False
14,100,86,-2.602956624908447,True
112,139,27,-2.6033652734375,False
11,151,140,-2.6034537237548827,False
33,142,109,-2.603679297180176,False
34,145,111,-2.603752992248535,False
25,34,9,-2.603991383666992,False
144,155,11,-2.604006328125,False
86,102,16,-2.6041735359191898,False
93,125,32,-2.604327735595703,False
105,153,48,-2.6044171530151368,False
74,157,83,-2.6045329309082033,False
14,92,78,-2.6047779550170898,False
71,103,32,-2.604958424835205,False
86,156,70,-2.6051027893066405,False
16,131,115,-2.6055110516357423,False
3,32,29,-2.6057670904541017,False
53,91,38,-2.605872989196777,False
19,142,123,-2.605921040344238,False
36,112,76,-2.6063578509521483,False
11,99,88,-2.606516580810547,False
29,88,59,-2.6066263458251955,False
49,102,53,-2.606952381286621,False
1,56,55,-2.6070475170898435,False
49,157,108,-2.607108431243897,False
147,155,8,-2.6072995318603516,False
66,88,22,-2.607331734313965,False
95,112,17,-2.6075996520996094,False
65,91,26,-2.607732239685059,False
78,158,80,-2.6083261058044434,False
66,105,39,-2.6084701951599123,False
27,40,13,-2.608513772277832,False
16,52,36,-2.608840502319336,False
91,157,66,-2.609359359436035,False
37,113,76,-2.6093996420288086,False
17,145,128,-2.60961505279541,False
12,153,141,-2.60999100189209,False
3,119,116,-2.6101852435302737,False
23,125,102,-2.6108098831176756,False
29,109,80,-2.610904446563721,False
20,42,22,-2.6109104937744143,False
84,111,27,-2.6109927914428708,False
135,143,8,-2.611147370147705,False
28,109,81,-2.611352750854492,False
39,110,71,-2.611415477905273,False
29,61,32,-2.611424115905762,False
26,62,36,-2.611820205078125,False
34,114,80,-2.6118290843200684,False
20,44,24,-2.6122147219848633,False
41,72,31,-2.6123727618408203,False
39,99,60,-2.612450019226074,False
55,84,29,-2.6125065162658694,False
17,131,114,-2.6126385665893554,False
22,94,72,-2.6127165644836423,False
108,136,28,-2.6127683656311036,False
11,100,89,-2.6133866674804684,False
14,34,20,-2.6135177816772464,False
15,132,117,-2.6135682037353516,False
82,113,31,-2.6138300440979,False
100,132,32,-2.6139388925170897,False
87,156,69,-2.613947926940918,False
18,115,97,-2.613963440246582,False
55,157,102,-2.614331369628906,False
33,148,115,-2.6144068698120115,False
117,134,17,-2.6146231732177734,False
2,77,75,-2.614647652282715,False
117,138,21,-2.614725345611572,False
102,114,12,-2.6157654666137695,False
14,151,137,-2.6157983700561522,False
128,155,27,-2.615919275512695,False
17,115,98,-2.6159612254333497,False
35,80,45,-2.6161533401489256,False
54,101,47,-2.6162315228271487,False
5,36,31,-2.616481311035156,False
35,105,70,-2.616758114929199,False
3,82,79,-2.6169085949707034,False
82,158,76,-2.618195233154297,False
50,101,51,-2.618257477111816,False
63,90,27,-2.6185403967285152,False
32,115,83,-2.618768871154785,False
22,100,78,-2.618939591369629,False
16,92,76,-2.6190034645080567,False
41,120,79,-2.61905296875,False
61,152,91,-2.619123362426758,False
12,151,139,-2.619307307434082,False
24,94,70,-2.6193976666259764,False
39,153,114,-2.61946572265625,False
33,151,118,-2.6195848518371583,False
55,78,23,-2.620058442993164,False
39,79,40,-2.620141450958252,False
45,107,62,-2.6205366949462894,False
98,128,30,-2.6206538362121585,False
69,157,88,-2.6208632388305664,False
47,156,109,-2.620930086212158,False
21,60,39,-2.6209311001586917,False
35,141,106,-2.6212741592407225,False
110,138,28,-2.6214559226989746,False
107,135,28,-2.621742424926758,False
67,86,19,-2.621754316253662,False
70,156,86,-2.6223200299072267,False
112,145,33,-2.6224699291992186,False
112,147,35,-2.6226518490600585,False
21,56,35,-2.6228265475463868,False
46,104,58,-2.6236002154541014,False
106,121,15,-2.6239598072814942,False
15,149,134,-2.6244723226928715,False
75,158,83,-2.62447277633667,False
79,158,79,-2.6251152072143555,False
73,157,84,-2.625269398956299,False
83,111,28,-2.625722799987793,False
94,119,25,-2.626176390075684,False
65,86,21,-2.6265109564208986,False
16,42,26,-2.6266501141357423,False
14,150,136,-2.6267376031494143,False
20,139,119,-2.627384034423828,False
46,126,80,-2.627467225036621,False
108,117,9,-2.6274902517700194,False
17,130,113,-2.627527221984863,False
14,45,31,-2.6275480178833006,False
18,55,37,-2.6276344607543947,False
6,136,130,-2.627809225769043,False
2,33,31,-2.6278557470703126,False
7,34,27,-2.628149680175781,False
45,82,37,-2.628448062591553,False
44,120,76,-2.62848999206543,False
43,129,86,-2.6285681857299807,False
103,115,12,-2.628979231262207,False
7,151,144,-2.629047332458496,True
37,112,75,-2.6291301193237304,False
2,144,142,-2.6291649914550783,False
14,47,33,-2.62922049041748,False
123,151,28,-2.629316498260498,False
8,134,126,-2.6295019293212887,False
77,155,78,-2.629877117919922,False
117,135,18,-2.630077236328125,False
27,99,72,-2.6303776988220213,False
145,156,11,-2.6306899020385743,False
43,130,87,-2.6309253173828124,False
56,100,44,-2.6310323910522464,False
38,122,84,-2.6312805017089844,False
23,43,20,-2.6315887001037597,False
13,98,85,-2.6316482690429686,False
84,157,73,-2.631698102874756,False
3,30,27,-2.6319351736450196,False
116,157,41,-2.632215888671875,False
99,113,14,-2.632217065734863,False
3,38,35,-2.6324059896850587,False
39,100,61,-2.632522208557129,False
88,97,9,-2.63252303314209,False
33,107,74,-2.6330828733825684,False
23,99,76,-2.63362372467041,False
137,146,9,-2.634046450500488,False
2,69,67,-2.6342531045532227,False
53,90,37,-2.634444209289551,False
38,98,60,-2.634521088562012,False
112,142,30,-2.6346295071411134,False
72,156,84,-2.6347339324951173,False
43,132,89,-2.6353529849243165,False
140,156,16,-2.6356198944091798,False
75,107,32,-2.635632350921631,False
41,112,71,-2.636223366394043,False
6,84,78,-2.6365081210327146,False
53,88,35,-2.636517514190674,False
2,149,147,-2.636563668060303,False
14,132,118,-2.636693215637207,False
134,143,9,-2.636800514678955,False
38,146,108,-2.6377392910766604,False
18,33,15,-2.637829841918945,False
98,119,21,-2.638126788787842,False
54,86,32,-2.6381582998657227,False
74,155,81,-2.6382534690856936,False
87,97,10,-2.6385767195129395,False
44,89,45,-2.638735460510254,False
47,123,76,-2.638769108123779,False
31,84,53,-2.6388492391967775,False
44,151,107,-2.6389010334777834,False
19,57,38,-2.6391166198730467,False
76,157,81,-2.6400472647094726,False
38,147,109,-2.6402968786621095,False
35,140,105,-2.640298050842285,False
26,35,9,-2.6403431747436525,False
94,116,22,-2.640470269317627,False
112,140,28,-2.640477091064453,False
44,107,63,-2.6405072201538085,False
51,93,42,-2.6406343542480473,False
87,113,26,-2.6414871853637694,False
27,92,65,-2.6417228106689454,False
29,87,58,-2.641753606262207,False
85,100,15,-2.641859426422119,False
3,120,117,-2.6420218756103515,False
21,33,12,-2.642169031982422,False
22,112,90,-2.6423261346435547,False
56,133,77,-2.6426982736206055,False
5,138,133,-2.6427857424926757,False
12,132,120,-2.642792180328369,False
7,87,80,-2.6427980685424806,False
18,57,39,-2.642921317138672,False
133,143,10,-2.643090019378662,False
50,93,43,-2.643691038208008,False
101,114,13,-2.6439380325317385,False
3,43,40,-2.644067855834961,False
79,156,77,-2.6443398649597167,False
39,97,58,-2.6446925381469724,False
14,152,138,-2.64502397064209,False
40,154,114,-2.6452567544555663,False
22,42,20,-2.6453349075317383,False
20,60,40,-2.6453604400634765,False
37,130,93,-2.645390374145508,False
14,99,85,-2.6455054487609866,False
109,119,10,-2.645543451843262,False
41,127,86,-2.6455814447021484,False
41,113,72,-2.646081094665527,False
46,154,108,-2.647723511047363,False
63,108,45,-2.6482357046508787,False
14,53,39,-2.6484027764892577,False
24,134,110,-2.649171848449707,False
11,152,141,-2.649197953796387,False
36,130,94,-2.649262445678711,False
64,87,23,-2.6495183575439456,False
38,99,61,-2.649523608093262,False
10,150,140,-2.649819383544922,False
88,101,13,-2.6500029275512693,False
35,131,96,-2.650006133117676,False
37,146,109,-2.650160191345215,False
84,98,14,-2.650365199584961,False
93,116,23,-2.6503880390930177,False
18,91,73,-2.6505982794189453,False
41,109,68,-2.6507355783081055,False
2,32,30,-2.6509438998413084,False
25,122,97,-2.6510059034729005,False
64,107,43,-2.6511158346557617,False
42,120,78,-2.651173889465332,False
19,101,82,-2.6512209590148927,False
4,36,32,-2.651291300048828,False
26,110,84,-2.6513982598876953,False
29,133,104,-2.6515339300537106,False
142,155,13,-2.6516212924194336,False
104,153,49,-2.651680751953125,False
32,132,100,-2.651737073364258,False
62,157,95,-2.652061907958984,False
3,150,147,-2.652211381072998,False
117,137,20,-2.6523534439086918,False
47,125,78,-2.652414691467285,False
2,71,69,-2.6524602493286134,False
28,108,80,-2.652473542480469,False
80,110,30,-2.652537431335449,False
61,153,92,-2.6525987368774415,False
14,149,135,-2.6527115979003906,False
64,90,26,-2.6528775869750976,False
31,83,52,-2.652907872924805,False
55,158,103,-2.653238195037842,False
53,99,46,-2.653260313720703,False
29,117,88,-2.6533839306640625,False
147,154,7,-2.653469363555908,False
55,133,78,-2.6542590463256834,False
41,128,87,-2.65448311050415,False
69,156,87,-2.6545452514648438,False
47,80,33,-2.65479662109375,False
83,158,75,-2.655347933197022,False
27,62,35,-2.6554130041503905,False
86,126,40,-2.6558270687866212,False
93,119,26,-2.6558490423583985,False
56,134,78,-2.655906950378418,False
67,103,36,-2.656248128051758,False
16,148,132,-2.656464235534668,False
37,133,96,-2.6571548776245115,False
40,125,85,-2.6573999282836915,False
2,47,45,-2.657640183105469,False
34,106,72,-2.6579858149719238,False
39,130,91,-2.6580667166137695,False
18,56,38,-2.658239775390625,False
92,115,23,-2.6584262106323244,False
54,102,48,-2.6586116625976564,False
63,89,26,-2.6586956332397462,False
22,60,38,-2.6589949020385744,False
8,133,125,-2.6591018841552736,False
17,146,129,-2.659324496459961,False
29,89,60,-2.6594386880493164,False
13,154,141,-2.6594470471191407,False
61,146,85,-2.659545520019531,False
27,109,82,-2.6595920338439942,False
85,113,28,-2.6598274963378907,False
11,150,139,-2.6598814556884767,False
28,62,34,-2.660004674072266,False
44,84,40,-2.6601537046813966,False
26,121,95,-2.6602334858703616,False
82,157,75,-2.660347344665527,False
28,133,105,-2.660380874633789,False
55,80,25,-2.660464321899414,False
31,82,51,-2.6604675653076173,False
25,99,74,-2.660516205444336,False
75,157,82,-2.660600705871582,False
54,81,27,-2.6607469714355467,False
128,142,14,-2.6610463070678714,False
21,128,107,-2.6610774368286134,False
64,88,24,-2.661260981445312,False
81,158,77,-2.661323135223389,False
95,117,22,-2.661515524902344,False
64,158,94,-2.6615492181396485,False
22,61,39,-2.6618510763549805,False
52,91,39,-2.661856908874512,False
38,79,41,-2.662339027709961,False
68,103,35,-2.662449419403076,False
125,156,31,-2.662894464416504,False
26,93,67,-2.663094143371582,False
38,130,92,-2.6631306271362307,False
22,136,114,-2.6631596997070313,False
12,92,80,-2.6632718872070313,False
36,137,101,-2.6632861065673827,False
12,154,142,-2.6633283132934573,False
43,133,90,-2.6634808905029295,False
14,33,19,-2.6637446835327148,False
33,114,81,-2.6637698188781735,False
20,102,82,-2.6638844979858396,False
51,99,48,-2.6639266000366213,False
148,154,6,-2.664030584716797,False
128,153,25,-2.664052286682129,False
131,142,11,-2.664106889648438,False
64,89,25,-2.664195518188477,False
37,131,94,-2.664245433044434,False
24,111,87,-2.6646318672180174,False
134,152,18,-2.6648104760742184,False
20,138,118,-2.664923737182617,False
6,151,145,-2.6649408193969726,False
109,120,11,-2.665026827392578,False
85,99,14,-2.6653822123718265,False
54,78,24,-2.665484544067383,False
108,118,10,-2.6658128924560547,False
11,111,100,-2.665832855529785,False
37,144,107,-2.665854646606445,False
45,119,74,-2.6658626083374024,False
13,32,19,-2.665886986694336,False
48,79,31,-2.666100542602539,False
119,154,35,-2.6661070529174804,False
22,93,71,-2.6661797467041017,False
82,111,29,-2.6664433570861816,False
47,103,56,-2.666739051971436,False
58,104,46,-2.6668162605285644,False
96,112,16,-2.6669510337829587,False
35,114,79,-2.6670059924316405,False
124,150,26,-2.667078477935791,False
4,150,146,-2.6672589724731446,False
44,152,108,-2.6673539837646483,False
112,144,32,-2.667693755187988,False
96,115,19,-2.6677638400268555,False
33,149,116,-2.667962066040039,False
21,58,37,-2.6682722985839846,False
76,158,82,-2.6683495611572265,False
129,141,12,-2.6684746325683593,False
98,111,13,-2.66901765045166,False
44,144,100,-2.669104309387207,False
90,114,24,-2.6692015264892577,False
19,141,122,-2.6692515972900392,False
40,120,80,-2.6693981167602536,False
42,112,70,-2.6695916424560546,False
23,94,71,-2.6697305395507813,False
95,114,19,-2.6698731072998045,False
34,144,110,-2.6700277655029296,False
46,105,59,-2.6701101576232906,False
24,99,75,-2.6705804335021974,False
20,57,37,-2.6705844555664062,False
35,128,93,-2.6707379904174804,False
67,104,37,-2.671012685241699,False
6,83,77,-2.6712674142456057,False
104,154,50,-2.6715238873291014,False
14,54,40,-2.6718840139770506,False
38,112,74,-2.6722116296386718,False
84,101,17,-2.6729815319824217,False
85,112,27,-2.6729855247497563,False
44,133,89,-2.673034812927246,False
14,52,38,-2.6732802023315427,False
43,131,88,-2.6732837023925784,False
35,151,116,-2.6734244912719727,False
54,158,104,-2.673455950469971,False
21,59,38,-2.6734914358520507,False
101,120,19,-2.6735565158081056,False
80,158,78,-2.6735678665161133,False
49,79,30,-2.673920951843262,False
39,65,26,-2.6741104669189455,False
94,118,24,-2.6742328500366215,False
40,145,105,-2.6742672799682614,False
2,31,29,-2.6745287142944334,False
90,155,65,-2.674653812866211,False
117,136,19,-2.674916676025391,False
61,148,87,-2.6751527136230466,False
50,78,28,-2.6751869094848635,False
13,151,138,-2.675392241821289,False
2,150,148,-2.675769025268555,False
2,147,145,-2.6759099119567873,False
124,158,34,-2.676024685974121,False
19,92,73,-2.6762170727539063,False
5,82,77,-2.67665008605957,False
17,92,75,-2.6769935229492186,False
25,123,98,-2.6771920515441896,False
99,129,30,-2.6773397215270998,False
64,86,22,-2.677371558532715,False
3,139,136,-2.67750896194458,False
48,156,108,-2.6775262896728513,False
78,110,32,-2.677569782562256,False
15,148,133,-2.677597889404297,False
78,113,35,-2.677597939758301,False
3,37,34,-2.678060529785156,False
107,152,45,-2.6784120581054687,False
100,115,15,-2.6784373687744143,False
24,42,18,-2.678442618408203,False
40,130,90,-2.678522069091797,False
64,148,84,-2.6786924682617186,False
55,101,46,-2.67885684967041,False
93,124,31,-2.6792614321899415,False
40,126,86,-2.679501468505859,False
52,77,25,-2.6795695901489256,False
51,100,49,-2.679861146697998,False
19,61,42,-2.679912364501953,False
2,145,143,-2.679974149169922,False
99,119,20,-2.680118338623047,False
125,145,20,-2.6801816258239746,False
7,35,28,-2.680395783843994,False
100,119,19,-2.680569411010742,False
46,106,60,-2.6811819172668456,False
4,148,144,-2.681279686279297,False
50,92,42,-2.68151015914917,False
42,109,67,-2.6820175460815427,False
91,114,23,-2.6824788105773925,False
11,132,121,-2.6825261102294924,False
19,60,41,-2.6827133947753907,False
39,131,92,-2.682735741271973,False
60,154,94,-2.6828203369140624,False
54,157,103,-2.6828257031250002,False
40,108,68,-2.6828671429443363,False
12,152,140,-2.68297580657959,False
112,141,29,-2.683008782348633,False
21,61,40,-2.6830123413085936,False
96,117,21,-2.6830228482055665,False
63,147,84,-2.683381330871582,False
15,91,76,-2.683679304199219,False
2,44,42,-2.6836805612182615,False
41,145,104,-2.683772352600098,False
43,108,65,-2.684061534729004,False
61,147,86,-2.684178456726074,False
40,123,83,-2.6842585290527348,False
23,44,21,-2.68444708114624,False
112,146,34,-2.684456589050293,False
54,123,69,-2.6845131549072265,False
58,107,49,-2.6852012028503416,False
37,79,42,-2.6854969506835937,False
83,113,30,-2.686152865753174,False
57,103,46,-2.6866237109375,False
106,134,28,-2.6866325617980955,False
4,82,78,-2.686893893432617,False
2,143,141,-2.686960227813721,False
45,113,68,-2.6871431372070314,False
37,97,60,-2.687329662475586,False
46,81,35,-2.687344782104492,False
39,132,93,-2.6874881369018553,False
75,155,80,-2.6875887046813967,False
112,143,31,-2.6876391232299803,False
43,112,69,-2.6879269692993164,False
12,150,138,-2.688174828491211,False
38,126,88,-2.6883219888305665,False
54,133,79,-2.6884202670288087,False
65,106,41,-2.6884519744873048,False
53,100,47,-2.68876941986084,False
38,123,85,-2.6888333984375,False
96,128,32,-2.6894051553344727,False
49,93,44,-2.689632927093506,False
52,99,47,-2.689759997406006,False
15,134,119,-2.6897805322265627,False
3,39,36,-2.6899314291381833,False
12,110,98,-2.689945670776367,False
15,84,69,-2.6901239016723633,False
23,126,103,-2.690139872741699,False
121,154,33,-2.69019384979248,False
35,152,117,-2.6903120199584962,False
6,35,29,-2.6909974029541015,False
7,136,129,-2.691006816711426,False
36,135,99,-2.691022833251953,False
96,153,57,-2.691309598388672,False
39,113,74,-2.691315344543457,False
93,118,25,-2.6915000958251953,False
37,63,26,-2.6915466389465332,False
60,109,49,-2.691669778289795,False
143,155,12,-2.691800208129883,False
58,154,96,-2.6922907919311525,False
38,124,86,-2.692620036621094,False
94,126,32,-2.692678116760254,False
101,155,54,-2.692786436462402,False
81,113,32,-2.693206410827637,False
6,82,76,-2.693425119934082,False
42,110,68,-2.693924031982422,False
3,47,44,-2.6940145162963867,False
45,133,88,-2.694054802246094,False
36,136,100,-2.6942766766357424,False
39,124,85,-2.694321426086426,False
35,144,109,-2.6943904156494143,False
65,90,25,-2.694413427429199,False
42,129,87,-2.6945337548828125,False
46,127,81,-2.694776608276367,False
99,114,15,-2.694852496032715,False
28,91,63,-2.694871770324707,False
25,93,68,-2.6948952685546876,False
48,103,55,-2.6949273896789547,False
93,120,27,-2.6950737860107425,False
57,134,77,-2.6955155917358398,False
72,157,85,-2.695550702819824,False
19,56,37,-2.6956202597045897,False
35,126,91,-2.695638212890625,False
38,104,66,-2.696011563415527,False
44,141,97,-2.6961418704223634,False
61,109,48,-2.6964339988708494,False
24,62,38,-2.696441806640625,False
54,79,25,-2.6965658334350584,False
129,153,24,-2.696658350524902,False
40,69,29,-2.69667842956543,False
70,157,87,-2.6968263977050784,False
47,122,75,-2.6969248358154294,False
41,108,67,-2.6969674887084962,False
12,111,99,-2.6970404832458494,False
21,92,71,-2.6972167599487307,False
29,108,79,-2.6972967085266113,False
15,36,21,-2.697328550720215,False
30,99,69,-2.6975793870544433,False
37,121,84,-2.697972140197754,False
71,104,33,-2.69825188873291,False
101,115,14,-2.6984637832641605,False
61,151,90,-2.698533607177734,False
23,64,41,-2.698655205993652,False
62,109,47,-2.6987135728454588,False
85,101,16,-2.6991603828430177,False
52,101,49,-2.6998319506835937,False
36,132,96,-2.700201901245117,False
34,80,46,-2.700388184814453,False
38,144,106,-2.7003918307495116,False
38,78,40,-2.7004559475708008,False
8,89,81,-2.7004858428955076,False
44,113,69,-2.7005151107788086,False
36,134,98,-2.7006061148071288,False
38,64,26,-2.700654308166504,False
93,126,33,-2.700726701660156,False
35,97,62,-2.7007951214599606,False
38,129,91,-2.7010615280151367,False
55,156,101,-2.7010905017089843,False
18,142,124,-2.701121860351562,False
73,105,32,-2.701552455291748,False
61,145,84,-2.7019184634399416,False
12,149,137,-2.7020754223632815,False
83,157,74,-2.7022171078491213,False
46,138,92,-2.7022243627929687,False
118,154,36,-2.7022708392333987,False
33,150,117,-2.702303143310547,False
46,134,88,-2.7023710220336916,False
14,44,30,-2.7024102377319337,False
73,104,31,-2.7028833627319337,False
88,98,10,-2.7029544329833985,False
85,124,39,-2.7030017321777344,False
13,149,136,-2.7032053131103515,False
57,133,76,-2.703213342590332,False
29,99,70,-2.7034543777465823,False
4,43,39,-2.703554096069336,False
99,112,13,-2.703575643615723,False
86,127,41,-2.7037591537475585,False
14,48,34,-2.703903604431152,False
40,70,30,-2.703953769226074,False
24,35,11,-2.704106759338379,False
84,156,72,-2.7041535842895508,False
136,145,9,-2.7041801864624024,False
26,99,73,-2.7042736894226076,False
53,158,105,-2.7043311825561522,False
25,63,38,-2.7044403652954103,False
38,97,59,-2.704493112487793,False
39,98,59,-2.704572171936035,False
118,158,40,-2.704898918762207,False
47,93,46,-2.705335464782715,False
18,143,125,-2.705478810424805,False
4,149,145,-2.7056766909790038,False
10,110,100,-2.7058514697265625,False
20,92,72,-2.7059194189453124,False
36,131,95,-2.706103875732422,False
36,129,93,-2.706137856140137,False
39,111,72,-2.7063698959350586,False
141,156,15,-2.706511865539551,False
14,42,28,-2.7066417684936526,False
2,28,26,-2.7067736749267577,False
45,130,85,-2.706956437072754,False
56,136,80,-2.7071432192993163,False
40,153,113,-2.7074445162963867,False
146,157,11,-2.7078697830200196,False
80,140,60,-2.707885354614258,False
47,155,108,-2.707982339935303,False
53,157,104,-2.707982922668457,False
35,150,115,-2.708039032897949,False
66,106,40,-2.708440432434082,False
7,86,79,-2.7084460638427736,False
51,79,28,-2.7084952673339844,False
46,133,87,-2.7087514974975586,False
109,137,28,-2.708879377746582,False
46,135,89,-2.708927600097656,False
5,150,145,-2.708968712158203,False
33,81,48,-2.709086540527344,False
35,122,87,-2.7091198489379886,False
126,144,18,-2.709134445037842,False
36,79,43,-2.7091507864379887,False
54,122,68,-2.7091835333251955,False
20,137,117,-2.709195845336914,False
15,82,67,-2.7093196495056153,False
58,153,95,-2.7093445950317383,False
36,97,61,-2.709445763244629,False
102,134,32,-2.7094686251831055,False
44,86,42,-2.7096391906738284,False
92,122,30,-2.710104411010742,False
96,114,18,-2.7102185014343263,False
3,50,47,-2.710332331542969,False
45,150,105,-2.710343618621826,False
79,113,34,-2.7105188009643557,False
43,152,109,-2.7105632888793947,False
39,123,84,-2.7109453713989256,False
48,123,75,-2.7109893249511723,False
10,149,139,-2.7110068731689454,False
96,116,20,-2.7110310556030273,False
23,100,77,-2.7110856224060056,False
13,152,139,-2.7111683935546873,False
54,156,102,-2.7112655670166013,False
83,126,43,-2.7113672598266603,False
52,102,50,-2.711419845428467,False
93,117,24,-2.7116274771118163,False
80,157,77,-2.7116515438842774,False
34,132,98,-2.7119882080078126,False
109,151,42,-2.712066854248047,False
38,125,87,-2.7121871008300777,False
27,133,106,-2.7121935003662108,False
49,123,74,-2.712358824157715,False
68,157,89,-2.7124544219970703,False
103,134,31,-2.7125966151428225,False
28,90,62,-2.7126307946777346,False
53,87,34,-2.712662358856201,False
83,127,44,-2.7127621994018556,False
17,55,38,-2.7130333734130856,False
2,29,27,-2.713702626647949,False
95,127,32,-2.7137765826416014,False
9,150,141,-2.7138787088012695,False
56,101,45,-2.714029030456543,False
48,124,76,-2.7141578533935546,False
87,101,14,-2.7141857301330568,False
42,152,110,-2.7142999446105955,False
20,56,36,-2.7143765475463866,False
57,105,48,-2.7144382266235354,False
37,148,111,-2.7145046447753907,False
37,120,83,-2.7145116622924803,False
59,108,49,-2.714706241760254,False
65,87,22,-2.715003364562988,False
128,154,26,-2.7153253060913087,False
15,57,42,-2.7155128588867186,False
5,47,42,-2.7158440951538085,False
13,150,137,-2.7159202868652343,False
38,131,93,-2.7164552072143553,False
99,118,19,-2.716457801208496,False
40,131,91,-2.7168132083129883,False
48,93,45,-2.716821915283203,False
44,145,101,-2.7170663116455076,False
40,109,69,-2.717072619934082,False
82,112,30,-2.7172832844543455,False
46,119,73,-2.7174087658691404,False
46,130,84,-2.7175360778808595,False
15,83,68,-2.7175825387573243,False
79,157,78,-2.718197920227051,False
107,136,29,-2.718358579711914,False
89,125,36,-2.718364273376465,False
33,97,64,-2.718478719482422,False
4,50,46,-2.718591611022949,False
15,41,26,-2.7185924346923827,False
17,56,39,-2.718690353088379,False
34,115,81,-2.7188169827270507,False
88,125,37,-2.719061686401367,False
52,100,48,-2.719112629394531,False
69,103,34,-2.7192023571777346,False
94,156,62,-2.719251530151367,False
49,122,73,-2.719272070617676,False
86,125,39,-2.719293078613281,False
53,80,27,-2.719592483215332,False
2,50,48,-2.7199871746826174,False
60,145,85,-2.7203205059814453,False
15,85,70,-2.720326990661621,False
30,107,77,-2.7204147554016114,False
34,61,27,-2.7207186267089845,False
54,85,31,-2.7209585275268555,False
31,117,86,-2.721331569519043,False
9,91,82,-2.7214372055053713,False
94,120,26,-2.7224260937499998,False
67,105,38,-2.722449131164551,False
43,151,108,-2.7226672538757324,False
54,134,80,-2.7231303024291993,False
79,133,54,-2.7231311791992185,False
43,145,102,-2.7232517617797853,False
13,100,87,-2.7233486627197268,False
44,132,88,-2.7234371356201175,False
18,60,42,-2.7234465975952147,False
52,136,84,-2.7234608569335936,False
124,153,29,-2.7235988748168944,False
33,61,28,-2.7236190228271484,False
38,120,82,-2.7238525308227537,False
43,109,66,-2.7238897555541994,False
47,126,79,-2.7245611047363285,False
5,81,76,-2.724614981994629,False
126,145,19,-2.7247478532409666,False
60,152,92,-2.724849815673828,False
88,99,11,-2.725025312805176,False
51,91,40,-2.725246492614746,False
58,122,64,-2.7254765509033203,False
5,80,75,-2.7260174334716796,False
32,116,84,-2.7260491830444336,False
20,61,41,-2.7262432708740234,False
53,134,81,-2.726329418945313,False
27,41,14,-2.726398849945068,False
42,108,66,-2.7264393408203125,False
16,56,40,-2.726767915649414,False
14,85,71,-2.7269000256347655,False
71,156,85,-2.7269384957885743,False
78,155,77,-2.726995148010254,False
5,43,38,-2.7270019792175293,False
55,136,81,-2.7270248464965823,False
42,142,100,-2.7270464889526367,False
51,78,27,-2.7272369958496094,False
42,135,93,-2.727360612792969,False
105,134,29,-2.7277905458068847,False
42,145,103,-2.7278519531249996,False
15,61,46,-2.7279346658325196,False
91,155,64,-2.728038070373535,False
3,44,41,-2.728125221862793,False
23,34,11,-2.7282908520507814,False
40,121,81,-2.728700128173828,False
45,134,89,-2.7287793722534177,False
9,109,100,-2.7289930810546874,False
35,62,27,-2.729150537414551,False
26,42,16,-2.7291531544494627,False
18,130,112,-2.7293212045288087,False
3,148,145,-2.7296543922424314,False
2,142,140,-2.729747511291504,False
14,61,47,-2.7298748275756837,False
56,145,89,-2.7299071380615234,False
16,114,98,-2.7303579370117186,False
81,157,76,-2.730829789428711,False
44,130,86,-2.730858653869629,False
42,131,89,-2.730936722717285,False
47,130,83,-2.7310932681274416,False
35,145,110,-2.7311516094970703,False
53,122,69,-2.7312220327758787,False
34,116,82,-2.73127512512207,False
8,34,26,-2.731289055175781,False
4,44,40,-2.7313859365844726,False
125,149,24,-2.73147031829834,False
65,157,92,-2.7316835659790035,False
39,101,62,-2.731733661804199,False
11,134,123,-2.732111403503418,False
39,125,86,-2.732316172790527,False
85,97,12,-2.7323197061157227,False
24,133,109,-2.7323546630859377,False
39,129,90,-2.732551343078613,False
53,133,80,-2.732959056396484,False
19,140,121,-2.7330609240722654,False
96,155,59,-2.7331335174560545,False
106,116,10,-2.7332286244201662,False
41,138,97,-2.7334208462524416,False
86,97,11,-2.733551887664795,False
50,156,106,-2.7335964044189454,False
44,128,84,-2.733797762145996,False
23,62,39,-2.7340741806030273,False
102,153,51,-2.7343654150390626,False
60,122,62,-2.7344519995117187,False
125,148,23,-2.734811480712891,False
24,93,69,-2.7349519708251955,False
34,142,108,-2.7350788693237305,False
63,152,89,-2.7351049258422853,False
15,56,41,-2.735233975524902,False
37,129,92,-2.7352343225097657,False
55,134,79,-2.73533098236084,False
8,105,97,-2.7356141894531247,False
35,125,90,-2.735639577331543,False
3,149,146,-2.7357300584411623,False
44,137,93,-2.7358883489990236,False
25,42,17,-2.7359009561157226,False
2,45,43,-2.736263056945801,False
16,33,17,-2.7363831024169922,False
36,62,26,-2.736632018890381,False
18,131,113,-2.73688625579834,False
2,30,28,-2.7369340939331055,False
39,145,106,-2.7370115600585936,False
100,118,18,-2.737041962585449,False
63,109,46,-2.737302970275879,False
46,107,61,-2.737376021118164,False
6,137,131,-2.7375478674316405,False
55,79,24,-2.7376347909545897,False
42,132,90,-2.737769067077637,False
63,150,87,-2.7380126690673827,False
35,124,89,-2.7380768338012693,False
83,112,29,-2.738192437438965,False
100,133,33,-2.738306645202637,False
18,35,17,-2.738340215148926,False
14,83,69,-2.738365132141113,False
97,113,16,-2.73857677154541,False
60,146,86,-2.7385794100952148,False
97,129,32,-2.7387003356933595,False
3,41,38,-2.7388478457641603,False
18,41,23,-2.7389420761108396,False
49,124,75,-2.738973348388672,False
104,116,12,-2.7391011196899413,False
48,133,85,-2.7391433712768554,False
18,61,43,-2.7393800805664066,False
79,134,55,-2.7394246350097657,False
37,152,115,-2.7394562733459473,False
21,102,81,-2.7400252418518063,False
26,122,96,-2.740278955688477,False
39,102,63,-2.740401510925293,False
46,132,86,-2.74097058013916,False
20,59,39,-2.741114443054199,False
38,128,90,-2.7411849789428713,False
38,133,95,-2.7415382421875,False
76,155,79,-2.7416418946838377,False
50,91,41,-2.7416876052856445,False
41,111,70,-2.7417137350463867,False
4,80,76,-2.741720207824707,False
20,101,81,-2.741725642852783,False
57,154,97,-2.741924410400391,False
19,59,40,-2.742392112426758,False
67,157,90,-2.7425005728149414,False
53,86,33,-2.7425727378845215,False
72,104,32,-2.7426736407470704,False
136,147,11,-2.742692353820801,False
27,100,73,-2.7432309854125974,False
39,121,82,-2.7432458316040043,False
92,123,31,-2.743382273864746,False
43,114,71,-2.743459284057617,False
12,133,121,-2.743736683959961,False
5,50,45,-2.743981754760742,False
53,136,83,-2.7440204528808594,False
18,36,18,-2.7440519799804686,False
43,136,93,-2.7441717910766603,False
4,79,75,-2.744228970947266,False
47,92,45,-2.744388880004883,False
43,135,92,-2.744427498779297,False
4,47,43,-2.7447737490844726,False
47,133,86,-2.744953468322754,False
12,148,136,-2.74505587310791,False
100,155,55,-2.74527274017334,False
23,63,40,-2.745534926300049,False
14,148,134,-2.7456531069946286,False
136,146,10,-2.745934509277344,False
44,85,41,-2.7459347697448733,False
35,98,63,-2.7460499224853514,False
87,125,38,-2.7460680865478517,False
45,88,43,-2.7461083587646486,False
127,155,28,-2.74611868560791,False
8,132,124,-2.746120864562988,False
39,126,87,-2.7461809982299803,False
15,81,66,-2.746216884765625,False
70,103,33,-2.746282637786865,False
111,139,28,-2.7463499563598632,False
55,81,26,-2.746373123474121,False
34,143,109,-2.7465758724975586,False
46,150,104,-2.7466041331481934,False
14,84,70,-2.747379437713623,False
65,89,24,-2.747477127685547,False
55,123,68,-2.7475142584228514,False
41,142,101,-2.747895274963379,False
34,146,112,-2.7478960232543947,False
30,86,56,-2.747909001159668,False
25,36,11,-2.748151611633301,False
80,156,76,-2.7481579306030275,False
44,142,98,-2.7488223669433594,False
56,146,90,-2.7488961614990233,False
53,101,48,-2.7489097216796874,False
60,148,88,-2.749077569885254,False
103,153,50,-2.749203095703125,False
86,124,38,-2.7493458734130862,False
20,36,16,-2.7494775875854494,False
88,124,36,-2.74979350189209,False
68,104,36,-2.7504482559204098,False
11,149,138,-2.7505722283935548,False
17,33,16,-2.750681383056641,False
100,134,34,-2.750829294128418,False
46,152,106,-2.750846083984375,False
57,106,49,-2.751111752166748,False
111,148,37,-2.7513742059326174,False
38,152,114,-2.7514522848510743,False
8,33,25,-2.7514795796203613,False
104,119,15,-2.7515151376342772,False
68,156,88,-2.751546291503906,False
48,92,44,-2.7516733436584473,False
47,121,74,-2.751824205322266,False
99,130,31,-2.751940368041992,False
11,110,99,-2.751998822937012,False
63,151,88,-2.752184063720703,False
54,113,59,-2.7522072964477537,False
15,63,48,-2.7526702812194825,False
42,133,91,-2.752980753173828,False
41,117,76,-2.7530415884399413,False
61,150,89,-2.7531114889526367,False
62,148,86,-2.753116300048828,False
44,129,85,-2.753124125061035,False
3,48,45,-2.753316173400879,False
19,41,22,-2.753318967285156,False
124,152,28,-2.75344231628418,False
17,144,127,-2.7534745281982422,False
124,157,33,-2.7537157315063476,False
122,154,32,-2.754121891784668,False
108,152,44,-2.7541851193237306,False
47,127,80,-2.7544859655761718,False
43,134,91,-2.7545529339599613,False
14,82,68,-2.754684087219238,False
40,74,34,-2.7546919363403317,False
65,88,23,-2.754711316223145,False
40,68,28,-2.754940444946289,False
7,83,76,-2.755003977050781,False
23,42,19,-2.7553437472534177,False
46,151,105,-2.755372196960449,False
5,38,33,-2.755440817565918,False
51,101,50,-2.7554483923339843,False
87,126,39,-2.7556717776489257,False
144,156,12,-2.7558907528686527,False
25,133,108,-2.7559838229370115,False
56,135,79,-2.7560570370483397,False
52,133,81,-2.756109027404785,False
60,153,93,-2.7561222177124023,False
29,62,33,-2.7562748327636717,False
50,102,52,-2.7563286599731445,False
62,147,85,-2.756430952758789,False
20,113,93,-2.7569179458618165,False
26,123,97,-2.7573294821166994,False
8,47,39,-2.757345146789551,False
84,126,42,-2.7573669091796873,False
43,110,67,-2.7573789364624024,False
33,132,99,-2.757385018310547,False
41,110,69,-2.7575663455200194,False
64,108,44,-2.75767257019043,False
39,122,83,-2.7577692221069334,False
7,82,75,-2.7578711981201174,False
57,153,96,-2.7581881970214845,False
18,102,84,-2.7586976371765135,False
18,81,63,-2.7587888079833984,False
32,81,49,-2.7587902697753903,False
10,101,91,-2.7590233613586426,False
105,116,11,-2.759057918701172,False
36,145,109,-2.759140748901367,False
18,84,66,-2.7592419723510746,False
11,133,122,-2.75935395111084,False
125,146,21,-2.759492796936035,False
53,123,70,-2.7596996984863282,False
54,136,82,-2.759789992675781,False
84,113,29,-2.7598395962524416,False
47,132,85,-2.7599472637939453,False
102,115,13,-2.760004782104492,False
64,144,80,-2.760156910400391,False
4,49,45,-2.760275657043457,False
108,120,12,-2.7603204821777343,False
38,148,110,-2.7603496203613282,False
54,84,30,-2.760484804992676,False
43,144,101,-2.7605242010498046,False
36,105,69,-2.761099201812744,False
54,124,70,-2.7611199487304687,False
13,43,30,-2.761345372314453,False
2,46,44,-2.7613600924682613,False
6,81,75,-2.761500641784668,False
83,156,73,-2.7617541723632812,False
125,147,22,-2.761765392150879,False
37,132,95,-2.7619110229492185,False
14,134,120,-2.762064228515625,False
23,135,112,-2.7621051153564453,False
119,155,36,-2.76216365814209,False
56,155,99,-2.762197515563965,False
2,146,144,-2.762391616821289,False
43,150,107,-2.7623975527954103,False
42,134,92,-2.762482141418457,False
13,99,86,-2.7626515048217772,False
99,115,16,-2.7626604498291014,False
19,35,16,-2.762709476928711,False
42,119,77,-2.7628183404541016,False
55,102,47,-2.7628562884521486,False
13,92,79,-2.762945666503906,False
44,136,92,-2.7631197384643555,False
3,49,46,-2.7634120364379884,False
37,98,61,-2.7636755822753907,False
28,119,91,-2.7637682894897457,False
57,132,75,-2.763848938598633,False
49,80,31,-2.7638876455688477,False
18,34,16,-2.7639466192626956,False
45,89,44,-2.76403342086792,False
93,155,62,-2.7640616690063475,False
42,144,102,-2.76416561920166,False
49,91,42,-2.764776537628174,False
124,156,32,-2.7651041775512697,False
85,125,40,-2.7653470593261718,False
64,147,83,-2.765528288574219,False
15,133,118,-2.7658548721313476,False
20,33,13,-2.76607923034668,False
28,100,72,-2.7662080731201173,False
24,100,76,-2.766476516571045,False
92,124,32,-2.7665537481689455,False
59,122,63,-2.7667461898803714,False
40,122,82,-2.7668473077392575,False
38,132,94,-2.766862019958496,False
39,112,73,-2.766939973449707,False
77,154,77,-2.767188899841309,False
18,129,111,-2.767252409057617,False
59,109,50,-2.7675940139770505,False
44,140,96,-2.7676700543212887,False
40,71,31,-2.767688455200195,False
61,122,61,-2.7677702990722657,False
85,126,41,-2.7678222109985353,False
140,157,17,-2.767919197998047,False
22,128,106,-2.7680727313232425,False
16,34,18,-2.768090793762207,False
48,122,74,-2.76814352355957,False
46,113,67,-2.7681668896484375,False
43,119,76,-2.7681822430419922,False
47,131,84,-2.7682292846679686,False
130,142,12,-2.768683116760254,False
49,92,43,-2.7687181187438967,False
43,137,94,-2.768729468078613,False
91,125,34,-2.768947638549805,False
44,138,94,-2.769207727355957,False
82,156,74,-2.769481531982422,False
86,101,15,-2.769499136657715,False
26,63,37,-2.769772286682129,False
40,132,92,-2.7698023376464844,False
85,156,71,-2.77000430267334,False
34,97,63,-2.770112223510742,False
142,158,16,-2.770233275756836,False
19,114,95,-2.770362698059082,False
5,44,39,-2.770618278808594,False
37,137,100,-2.7706640557861326,False
22,62,40,-2.770675422668457,False
5,148,143,-2.7707355255126953,False
8,88,80,-2.770797975158691,False
45,132,87,-2.770818079833984,False
26,133,107,-2.770849987487793,False
64,145,81,-2.7709025677490233,False
56,132,76,-2.771032473144531,False
23,111,88,-2.7712073617553714,False
77,113,36,-2.7712365072631835,False
48,130,82,-2.7715056146240236,False
135,150,15,-2.7715987677001954,False
53,79,26,-2.7718575427246095,False
56,123,67,-2.771926540527344,False
48,104,56,-2.772290113525391,False
48,80,32,-2.77246591796875,False
21,129,108,-2.7725082852172855,False
42,138,96,-2.772635079345703,False
18,59,41,-2.77264066986084,False
53,78,25,-2.7726767166137694,False
136,149,13,-2.77274416015625,False
53,135,82,-2.772794393310547,False
35,127,92,-2.772833776550293,False
42,151,109,-2.7728794006347655,False
60,147,87,-2.77291991394043,False
48,134,86,-2.7732727087402345,False
4,42,38,-2.773300630493164,False
7,70,63,-2.773389275817871,False
4,45,41,-2.7734725537109375,False
20,129,109,-2.773739671020508,False
48,125,77,-2.7740411895751955,False
84,112,28,-2.7742118157958986,False
125,153,28,-2.7742726541137697,False
2,51,49,-2.7743397482299805,False
71,105,34,-2.7744542971801756,False
25,100,75,-2.774731011505127,False
45,129,84,-2.774774371032715,False
45,90,45,-2.7747848989868165,False
40,110,70,-2.7750407836914066,False
33,115,82,-2.7752458471679686,False
32,61,29,-2.77540918762207,False
40,133,93,-2.7754424978637693,False
4,81,77,-2.7754541082763673,False
64,157,93,-2.7757262890625,False
56,137,81,-2.7760347036743163,False
21,36,15,-2.7762071786499023,False
9,47,38,-2.776261898193359,False
98,129,31,-2.776849689025879,False
63,149,86,-2.776868317260742,False
38,127,89,-2.776910028076172,False
59,153,94,-2.7770338845825195,False
97,117,20,-2.777042078857422,False
41,152,111,-2.7771269528198244,False
47,120,73,-2.777167216796875,False
101,119,18,-2.777268126220703,False
31,61,30,-2.7775066055297852,False
95,153,58,-2.777513241882324,False
37,128,91,-2.777675028991699,False
14,133,119,-2.7779685684204103,False
21,101,80,-2.777986933441162,False
46,131,85,-2.7781349575805665,False
53,124,71,-2.778212558288574,False
15,64,49,-2.778218519897461,False
37,124,87,-2.778265460510254,False
2,54,52,-2.778283417663574,False
47,134,87,-2.778421679382324,False
35,79,44,-2.778559803466797,False
57,135,78,-2.7787976095581053,False
35,121,86,-2.778856714782715,False
55,137,82,-2.7789201007080075,False
65,148,83,-2.7789294555664066,False
16,91,75,-2.7789403338623044,False
49,103,54,-2.779325781402588,False
88,100,12,-2.7794697921752927,False
53,137,84,-2.779503028869629,False
9,149,140,-2.779680132141113,False
40,111,71,-2.7798868310546876,False
61,149,88,-2.7800958743286133,False
16,57,41,-2.7801770883178714,False
36,124,88,-2.780298986816406,False
27,63,36,-2.7804799084472656,False
83,125,42,-2.780511926879883,False
31,106,75,-2.780862471618652,False
12,47,35,-2.780892333679199,False
13,35,22,-2.7809502416992187,False
40,129,89,-2.7811737313842775,False
2,68,66,-2.781239608459473,False
12,35,23,-2.781377108306885,False
42,114,72,-2.7813895932006836,False
8,35,27,-2.7813923974609374,False
74,122,48,-2.7814560787963867,False
86,100,14,-2.78156385345459,False
57,136,79,-2.781637309265137,False
82,127,45,-2.7819459603881835,False
26,37,11,-2.7819706576538086,False
49,121,72,-2.7821038848876953,False
126,153,27,-2.782483004760742,False
74,154,80,-2.782875098876953,False
110,150,40,-2.7830559765625003,False
62,145,83,-2.7831578063964844,False
73,122,49,-2.7833340365600585,False
56,131,75,-2.783388937072754,False
26,92,66,-2.783512276916504,False
13,112,99,-2.7835631381225587,False
80,133,53,-2.7836141259765625,False
24,124,100,-2.783732029418945,False
45,128,83,-2.7837584497070313,False
49,156,107,-2.7838046463012693,False
88,126,38,-2.7840618911743165,False
48,91,43,-2.784085757598877,False
16,55,39,-2.7840996411132815,False
72,105,33,-2.784108263549805,False
56,124,68,-2.7841446939086913,False
108,137,29,-2.784349893798828,False
89,155,66,-2.78456994140625,False
19,33,14,-2.7846627441406246,False
4,46,42,-2.784745234069824,False
36,144,108,-2.7850596765136717,False
39,120,81,-2.7850602279663086,False
69,104,35,-2.785089523925781,False
84,127,43,-2.7851842919921874,False
148,155,7,-2.785253551940918,False
57,109,52,-2.785546863708496,False
75,122,47,-2.7855572831726074,False
123,154,31,-2.785570545654297,False
66,107,41,-2.7856510885620116,False
54,135,81,-2.7857069052124026,False
42,111,69,-2.7858144833374023,False
37,134,97,-2.78617576171875,False
36,128,92,-2.786204598388672,False
21,40,19,-2.786382737426758,False
2,67,65,-2.7864422982788084,False
135,144,9,-2.7864880369567873,False
73,106,33,-2.7865012376403806,False
39,77,38,-2.786617809143066,False
13,47,34,-2.786654998474121,False
71,157,86,-2.7867644467163086,False
3,72,69,-2.7868872540283203,False
95,155,60,-2.787147443847656,False
47,104,57,-2.7873650579833984,False
19,58,39,-2.787432864074707,False
53,102,49,-2.7874929125976564,False
96,141,45,-2.7875359765625,False
41,131,90,-2.7875763586425784,False
3,51,48,-2.787764572143555,False
18,114,96,-2.787855031738281,False
34,130,96,-2.7878801861572264,False
127,143,16,-2.7879290431213377,False
127,153,26,-2.788051178283691,False
37,126,89,-2.7881704135131833,False
94,117,23,-2.788313479309082,False
2,52,50,-2.7884470449829104,False
3,81,78,-2.7885622985839844,False
35,103,68,-2.788717624206543,False
42,130,88,-2.788787380065918,False
29,118,89,-2.788800193786621,False
41,144,103,-2.7888496630859376,False
143,156,13,-2.78885212890625,False
47,151,104,-2.789030083465576,False
47,153,106,-2.789034874572754,False
31,81,50,-2.7893324575805662,False
52,157,105,-2.7893775817871096,False
134,144,10,-2.7895421224975587,False
35,123,88,-2.7897593438720705,False
37,151,114,-2.789801956939697,False
45,83,38,-2.789973768615723,False
36,126,90,-2.790007802734375,False
72,122,50,-2.7901055102539063,False
23,93,70,-2.790154072265625,False
41,119,78,-2.7901720141601563,False
97,112,15,-2.7903108645629886,False
52,137,85,-2.7905536364746095,False
20,35,15,-2.7907941067504884,False
17,61,44,-2.790990962677002,False
132,143,11,-2.7911294544982908,False
37,114,77,-2.791252451171875,False
108,119,11,-2.7912784843444824,False
43,111,68,-2.7913922705078127,False
58,125,67,-2.7921098788452148,False
47,129,82,-2.792307236328125,False
50,79,29,-2.7924882778930664,False
104,118,14,-2.792523835449219,False
2,53,51,-2.79254826751709,False
103,118,15,-2.7926008505249023,False
27,121,94,-2.792644022521973,False
65,150,85,-2.79265674407959,False
81,111,30,-2.7929661979675293,False
21,41,20,-2.79320946685791,False
54,132,78,-2.7932146279907224,False
30,85,55,-2.7934625820922854,False
92,126,34,-2.7934665994262695,False
40,141,101,-2.793599804992676,False
90,115,25,-2.793700540161133,False
96,140,44,-2.7940690176391603,False
43,138,95,-2.7941289117431642,False
5,37,32,-2.794137561340332,False
39,146,107,-2.794999274291992,False
18,40,22,-2.795086315612793,False
18,101,83,-2.7953778994750977,False
40,113,73,-2.795515125732422,False
22,135,113,-2.7955375103759765,False
41,141,100,-2.795705234375,False
2,48,46,-2.795868602294922,False
37,78,41,-2.796041831665039,False
90,125,35,-2.796240702209473,False
44,131,87,-2.796298768615723,False
44,134,90,-2.796400469665527,False
50,122,72,-2.796402162475586,False
102,120,18,-2.796453744659424,False
16,35,19,-2.7965379730224607,False
45,135,90,-2.796553571777344,False
81,114,33,-2.7966263122558592,False
82,126,44,-2.796853819580078,False
3,80,77,-2.796941421508789,False
104,135,31,-2.797083177947998,False
37,135,98,-2.7971804150390627,False
37,122,85,-2.7975320703125,False
15,55,40,-2.7975991891479493,False
82,125,43,-2.7976420501708987,False
104,120,16,-2.797673966369629,False
27,108,81,-2.797681086883545,False
146,158,12,-2.7979868391418456,False
62,146,84,-2.7987243994140627,False
5,149,144,-2.798953695678711,False
51,80,29,-2.7990531829833984,False
87,124,37,-2.7990998300170897,False
56,126,70,-2.7991040188598633,False
3,45,42,-2.7991617462158205,False
63,157,94,-2.7991877865600587,False
18,141,123,-2.7996066528320314,False
44,119,75,-2.7998154205322265,False
37,143,106,-2.7999913272094727,False
52,134,82,-2.8000438903808593,False
92,116,24,-2.8002408831787107,False
18,89,71,-2.800326454162598,False
98,155,57,-2.800361889038086,False
19,36,17,-2.800368133239746,False
49,120,71,-2.800369098815918,False
58,124,66,-2.800426246032715,False
46,137,91,-2.8009186318969723,False
84,124,40,-2.8012323648071287,False
50,80,30,-2.801241152038574,False
49,126,77,-2.801321005859375,False
55,122,67,-2.8013438189697264,False
70,104,34,-2.801485511779785,False
42,136,94,-2.8018865780639652,False
66,157,91,-2.8020073193359374,False
5,42,37,-2.8023665684509274,False
56,130,74,-2.8023708489990233,False
25,110,85,-2.802467413330078,False
19,91,72,-2.802613952331543,False
42,143,101,-2.8028455123901366,False
96,139,43,-2.802968091430664,False
36,114,78,-2.8033503964233395,False
14,62,48,-2.803725335388184,False
80,134,54,-2.8038385137939454,False
95,140,45,-2.8038422570800785,False
35,147,112,-2.8042833956909177,False
42,146,104,-2.8043395135498046,False
87,99,12,-2.8044679119873046,False
65,107,42,-2.804745014953613,False
21,136,115,-2.8048233337402344,False
15,40,25,-2.8048272146606443,False
98,118,20,-2.804878403930664,False
17,57,40,-2.805158857116699,False
9,103,94,-2.8052354455566406,False
35,143,108,-2.8052545578002928,False
11,33,22,-2.8055477476501465,False
24,125,101,-2.8056971881103516,False
98,113,15,-2.8058404486083988,False
4,78,74,-2.805888343200684,False
42,150,108,-2.805956948547363,False
44,116,72,-2.805979508972168,False
56,102,46,-2.8060990274047852,False
22,92,70,-2.806200328063965,False
57,124,67,-2.8063163317871096,False
40,144,104,-2.806364024963379,False
3,79,76,-2.806429928894043,False
55,145,90,-2.806780902404785,False
62,154,92,-2.8068688397216794,False
106,152,46,-2.8069772067260743,False
57,130,73,-2.8070212631225586,False
48,132,84,-2.8070887478637694,False
52,90,38,-2.80734169342041,False
48,121,73,-2.8074609686279297,False
13,49,36,-2.807493445739746,False
5,72,67,-2.807592744445801,False
52,89,37,-2.8076099462890625,False
12,50,38,-2.8076354788208007,False
48,153,105,-2.8077582093811033,False
58,126,68,-2.8077990026855466,False
15,113,98,-2.807888220977783,False
3,74,71,-2.807889021606445,False
37,136,99,-2.8080028604125977,False
100,116,16,-2.808078466491699,False
36,147,111,-2.808128009338379,False
5,46,41,-2.808547764892578,False
45,87,42,-2.8085948587036134,False
34,122,88,-2.8086138595581054,False
34,105,71,-2.8088070193481447,False
46,82,36,-2.808820752410889,False
15,62,47,-2.809248948059082,False
118,155,37,-2.809376976928711,False
3,46,43,-2.809392567138672,False
47,154,107,-2.809427255859375,False
64,150,86,-2.8096031985473635,False
21,39,18,-2.809830281066895,False
41,129,88,-2.809851572265625,False
97,155,58,-2.8100098721313476,False
98,112,14,-2.8101312924194337,False
63,145,82,-2.8102535116577148,False
57,126,69,-2.8102637869262694,False
49,134,85,-2.8102652807617186,False
92,121,29,-2.810309197692871,False
61,126,65,-2.8104844686889647,False
22,111,89,-2.810559261169433,False
48,126,78,-2.810671390075684,False
51,102,51,-2.8108968966674803,False
3,141,138,-2.8109848959350585,False
47,150,103,-2.8110663595581054,False
23,35,12,-2.811578752746582,False
46,116,70,-2.811581831359863,False
14,91,77,-2.811729968566895,False
15,86,71,-2.8119119506835935,False
36,125,89,-2.8120448818969725,False
51,157,106,-2.8121827880859374,False
64,149,85,-2.8124221231079103,False
10,132,122,-2.812803618774414,False
46,128,82,-2.8128895281982422,False
125,150,25,-2.813115041809082,False
16,147,131,-2.813147435302734,False
111,140,29,-2.8132436175537108,False
10,91,81,-2.813252534484863,False
75,113,38,-2.8133521783447266,False
33,116,83,-2.8136921884155273,False
81,112,31,-2.8137262396240237,False
65,147,82,-2.8139022634887696,False
57,122,65,-2.8139577389526367,False
8,135,127,-2.814017594299316,False
54,121,67,-2.81426507232666,False
18,90,72,-2.814620852355957,False
57,131,74,-2.8146543075561525,False
136,148,12,-2.814713595581055,False
91,115,24,-2.81483200088501,False
57,128,71,-2.814918865356445,False
83,124,41,-2.814948585510254,False
35,104,69,-2.814959514770508,False
58,148,90,-2.8151753881835937,False
12,49,37,-2.815181909790039,False
55,82,27,-2.81548999420166,False
53,81,28,-2.8156005194091795,False
31,118,87,-2.8156153964233397,False
58,129,71,-2.815708641967773,False
60,123,63,-2.815807178039551,False
28,87,59,-2.815868782348633,False
43,148,105,-2.8159400817871094,False
35,149,114,-2.816136330566406,False
17,34,17,-2.8162214010620117,False
58,128,70,-2.816291431274414,False
37,125,88,-2.816525927734375,False
47,91,44,-2.816542169647217,False
63,144,81,-2.8165960482788086,False
35,142,107,-2.8170293130493165,False
3,78,75,-2.8170426599121092,False
4,39,35,-2.817095888366699,False
44,150,106,-2.8171404721069337,False
96,129,33,-2.8172318103027343,False
52,88,36,-2.8172821234130856,False
67,156,89,-2.817328687133789,False
36,151,115,-2.817360221862793,False
102,119,17,-2.8175765573120115,False
48,120,72,-2.8177355932617187,False
4,38,34,-2.817793358154297,False
39,134,95,-2.817913073425293,False
40,73,33,-2.8182893450927735,False
126,155,29,-2.818313829345703,False
2,49,47,-2.8184031008911132,False
64,143,79,-2.8184229321289065,False
28,63,35,-2.8184420639038086,False
46,112,66,-2.818539678955078,False
20,41,21,-2.8185475039672854,False
14,64,50,-2.8189534136962893,False
22,63,41,-2.8190820335388183,False
57,123,66,-2.8192378173828123,False
42,141,99,-2.819417126159668,False
13,148,135,-2.8195365936279293,False
9,104,95,-2.819766887359619,False
17,36,19,-2.8198961889648437,False
11,91,80,-2.8199170919799803,False
11,148,137,-2.820029776916504,False
36,138,102,-2.8201273681640626,False
11,101,90,-2.8202052848815917,False
43,116,73,-2.820243715209961,False
97,130,33,-2.8202960067749023,False
96,154,58,-2.820678797302246,False
42,137,95,-2.8206902462768553,False
56,153,97,-2.8207060079956054,False
9,102,93,-2.8208053594970703,False
41,130,89,-2.8208411636352535,False
55,83,28,-2.82084397277832,False
17,91,74,-2.820911442565918,False
23,66,43,-2.8209544105529787,False
101,116,15,-2.820980767822266,False
6,43,37,-2.821261212310791,False
99,155,56,-2.8213355743408206,False
4,139,135,-2.8215288710021973,False
45,84,39,-2.8215690936279296,False
50,125,75,-2.8216074172973635,False
26,38,12,-2.821751075744629,False
14,89,75,-2.8217601113891604,False
61,144,83,-2.821774733581543,False
73,155,82,-2.82232541015625,False
37,123,86,-2.8227084829711915,False
59,145,86,-2.8227119274902344,False
47,147,100,-2.82275594329834,False
55,146,91,-2.822813872680664,False
120,155,35,-2.8228764974975586,False
59,110,51,-2.8230890351867677,False
3,40,37,-2.823156700439453,False
103,116,13,-2.8231973489379882,False
45,137,92,-2.8233602224731444,False
56,122,66,-2.8233743591308595,False
123,156,33,-2.82344141204834,False
12,134,122,-2.8234595379638674,False
82,114,32,-2.8234787799072265,False
53,132,79,-2.8236156881713868,False
45,108,63,-2.8236836834716796,False
51,158,107,-2.823768447113037,False
6,70,64,-2.8239216198730466,False
97,116,19,-2.823975205383301,False
49,125,76,-2.824114569396973,False
5,45,40,-2.824115111999512,False
41,118,77,-2.824120607910156,False
54,103,49,-2.8241774353027345,False
40,146,106,-2.8242454428100587,False
40,127,87,-2.8242879251098634,False
30,117,87,-2.8243032397460937,False
38,114,76,-2.8244343365478515,False
13,34,21,-2.824947528076172,False
120,156,36,-2.825313782653809,False
48,155,107,-2.8255057263183594,False
95,141,46,-2.825837168884277,False
87,127,40,-2.825920205688477,False
31,132,101,-2.825971817626953,False
94,155,61,-2.8259929571533204,False
48,131,83,-2.826015221252441,False
45,131,86,-2.8260385351562496,False
34,98,64,-2.8265950213623046,False
89,124,35,-2.826960671081543,False
16,61,45,-2.826987732086182,False
58,123,65,-2.82710359375,False
37,115,78,-2.8271600100708008,False
25,66,41,-2.827229796142578,False
56,129,73,-2.8276275595092772,False
51,133,82,-2.827747257385254,False
91,124,33,-2.8281770104980466,False
64,142,78,-2.8283492211914063,False
43,115,72,-2.8284904733276366,False
36,122,86,-2.8288262423706056,False
58,147,89,-2.828861007080078,False
33,98,65,-2.8288784594726564,False
40,112,72,-2.828956560974121,False
53,113,60,-2.829106891479492,False
35,148,113,-2.8291325305175783,False
29,86,57,-2.8291657220458983,False
6,80,74,-2.8292637838745116,False
6,150,144,-2.8295577185058596,False
95,139,44,-2.8295902673339848,False
99,117,18,-2.829626292114258,False
82,124,42,-2.829663196563721,False
3,73,70,-2.829671667480469,False
11,35,24,-2.829800938415527,False
13,50,37,-2.8301122729492185,False
97,115,18,-2.83023239364624,False
10,133,123,-2.8303093463134763,False
43,142,99,-2.8305024612426757,False
35,146,111,-2.8306734619140625,False
57,152,95,-2.830719623413086,False
44,115,71,-2.830737912902832,False
60,144,84,-2.8307737326049804,False
27,91,64,-2.8307985192871095,False
32,130,98,-2.830839854736328,False
63,146,83,-2.8309080831909177,False
86,99,13,-2.8310847113037108,False
78,127,49,-2.831300623474121,False
90,124,34,-2.8314436755371095,False
49,104,55,-2.831497579650879,False
39,136,97,-2.831575115661621,False
57,146,89,-2.8316670416259764,False
11,34,23,-2.8316725045776368,False
55,132,77,-2.83171622467041,False
44,112,68,-2.8317868099975585,False
44,146,102,-2.8319783798217775,False
44,114,70,-2.8321298944091797,False
14,81,67,-2.832236747131348,False
34,126,92,-2.8322505377197267,False
57,145,88,-2.832322693786621,False
79,130,51,-2.8323572787475584,False
58,146,88,-2.832753321228027,False
39,144,105,-2.8328115176391604,False
53,121,68,-2.833002512817383,False
141,157,16,-2.833025171813965,False
54,131,77,-2.8336398321533203,False
20,91,71,-2.833749261779785,False
54,126,72,-2.83376005279541,False
61,119,58,-2.8337637951660155,False
60,130,70,-2.833794109802246,False
23,134,111,-2.834466237182617,False
14,60,46,-2.834660430145264,False
23,127,104,-2.8347480416870114,False
76,122,46,-2.834807696838379,False
35,115,80,-2.8349643115234375,False
44,139,95,-2.8350131201171878,False
7,85,78,-2.8350745532226562,False
3,140,137,-2.8352442582702637,False
17,114,97,-2.8352740859985355,False
17,35,18,-2.8354051065063475,False
89,114,25,-2.835680572509766,False
92,153,61,-2.8361353854370117,False
21,62,41,-2.8362332333374023,False
57,147,90,-2.8362808642578123,False
47,81,34,-2.8365024868774413,False
4,72,68,-2.8365150079345702,False
61,123,62,-2.836733982543945,False
57,127,70,-2.8369693041992186,False
33,80,47,-2.8371362844848633,False
122,156,34,-2.8371568283081054,False
107,117,10,-2.8372184996032717,False
77,134,57,-2.837261110839844,False
12,33,21,-2.8373066885375975,False
84,125,41,-2.8374245391845703,False
127,145,18,-2.8375596151733395,False
22,101,79,-2.8376643745422365,False
66,109,43,-2.837702913208008,False
32,99,67,-2.8379257455444336,False
53,126,73,-2.8382691040039063,False
103,119,16,-2.838297349243164,False
3,75,72,-2.8383301632690427,False
40,117,77,-2.8383599157714845,False
57,125,68,-2.838388240356445,False
57,138,81,-2.838543793029785,False
89,126,37,-2.838595347595215,False
46,129,83,-2.838722222595215,False
57,137,80,-2.838743452758789,False
102,118,16,-2.8387899679565427,False
52,126,74,-2.838934015197754,False
85,98,13,-2.838966935119629,False
92,119,27,-2.839076727294922,False
17,64,47,-2.8390956634521483,False
57,129,72,-2.839195894165039,False
17,41,24,-2.8394654641723633,False
8,150,142,-2.8394736349487304,False
41,143,102,-2.8395554638671876,False
36,152,116,-2.8398523043823243,False
51,122,71,-2.8398602575683594,False
90,122,32,-2.839955763549805,False
17,60,43,-2.8400286714172363,False
56,128,72,-2.8401062197875975,False
12,34,22,-2.8402282058715818,False
51,156,105,-2.8403037084960934,False
81,156,75,-2.84038054107666,False
104,136,32,-2.84040839263916,False
145,157,12,-2.840513315124512,False
44,108,64,-2.8405780096435547,False
12,43,31,-2.8407396423339843,False
61,143,82,-2.8407558697509763,False
13,132,119,-2.840772752380371,False
126,154,28,-2.8408287432861328,False
65,144,79,-2.841074888916016,False
77,108,31,-2.8411540174865726,False
60,126,66,-2.841155718078613,False
24,63,39,-2.8411655212402342,False
4,71,67,-2.841202346191406,False
106,135,29,-2.8412838494873047,False
43,146,103,-2.841337238769531,False
82,133,51,-2.8413514334106447,False
42,117,75,-2.841357125549316,False
45,138,93,-2.841378484802246,False
135,145,10,-2.8413801364135742,False
44,148,104,-2.841512869873047,False
53,103,50,-2.8418141772460936,False
27,123,96,-2.8418211199951173,False
43,147,104,-2.8418357717895506,False
66,108,42,-2.841874432067871,False
46,136,90,-2.841929429626465,False
18,83,65,-2.8419926287841797,False
80,113,33,-2.8420159271240233,False
54,130,76,-2.8420344253540035,False
101,135,34,-2.84210085647583,False
14,36,22,-2.8422246978759764,False
89,122,33,-2.8423928533935543,False
70,155,85,-2.842642777709961,False
122,158,36,-2.8426497900390624,False
55,135,80,-2.8427196826171874,False
49,130,81,-2.8428616860961915,False
74,153,79,-2.8428698977661133,False
40,75,35,-2.842889007263184,False
110,149,39,-2.842935828552246,False
13,51,38,-2.842975835571289,False
37,127,90,-2.8429849606323243,False
58,130,72,-2.8429977496337893,False
36,146,110,-2.843140350341797,False
15,89,74,-2.8432136975097655,False
124,151,27,-2.84321634765625,False
50,124,74,-2.8435239669799808,False
120,158,38,-2.843742266845703,False
9,90,81,-2.843761738891602,False
100,117,17,-2.843771616821289,False
64,109,45,-2.843786694030762,False
17,101,84,-2.844280175933838,False
27,122,95,-2.8443314276123046,False
58,145,87,-2.8444808105468753,False
52,79,27,-2.844507200317383,False
79,127,48,-2.844551432189941,False
5,40,35,-2.844579006652832,False
48,105,57,-2.844725704956055,False
78,133,55,-2.8449247131347652,False
7,47,40,-2.8449773233032225,False
46,90,44,-2.8450506848144532,False
14,101,87,-2.8453514059448244,False
43,117,74,-2.8453675942993164,False
12,91,79,-2.8454586627197265,False
76,113,37,-2.8457997973632816,False
16,146,130,-2.8459009619140625,False
20,58,38,-2.845983846130371,False
52,158,106,-2.8460613108825683,False
9,108,99,-2.8462130053710935,False
30,61,31,-2.8462521676635744,False
62,156,94,-2.8466284686279293,False
31,100,69,-2.8467769137573242,False
41,116,75,-2.8468569296264645,False
26,100,74,-2.8469076353454588,False
67,148,81,-2.847082700500488,False
103,117,14,-2.8471247229003906,False
18,140,122,-2.847473479309082,False
103,154,51,-2.847716079406738,False
48,129,81,-2.8478212759399413,False
59,123,64,-2.8479171856689454,False
9,35,26,-2.8480202728271484,False
87,98,11,-2.8482025860595703,False
28,89,61,-2.8484388458251955,False
45,112,67,-2.8485444244384768,False
123,158,35,-2.848586520690918,False
102,154,52,-2.849016844482422,False
52,135,83,-2.849061689453125,False
52,103,51,-2.849062326049805,False
5,79,74,-2.8490696072387696,False
22,34,12,-2.849093753967285,False
9,107,98,-2.84931594543457,False
41,132,91,-2.8493580395507814,False
47,135,88,-2.8493728427124023,False
44,143,99,-2.8494228161621096,False
41,137,96,-2.8495100576782226,False
24,64,40,-2.8495339682006837,False
18,82,64,-2.849678974609375,False
28,88,60,-2.849796593017578,False
55,141,86,-2.8501439016723635,False
94,145,51,-2.8504515814208986,False
41,146,105,-2.8507481359863283,False
50,155,105,-2.851035132446289,False
53,156,103,-2.8510465475463866,False
12,101,89,-2.851089351043701,False
54,82,28,-2.8511566256713867,False
97,153,56,-2.8512385028076173,False
34,120,86,-2.851318088378906,False
65,149,84,-2.851318140258789,False
43,141,98,-2.851498503723145,False
19,62,43,-2.8515128558349607,False
19,139,120,-2.8517025454711913,False
9,34,25,-2.852068586730957,False
35,63,28,-2.8521497158813474,False
51,126,75,-2.852219305114746,False
55,124,69,-2.8523733767700192,False
7,150,143,-2.8526072994995118,False
20,38,18,-2.8526827783203124,False
38,151,113,-2.852760899353027,False
127,154,27,-2.8532363613891603,False
99,132,33,-2.8534200326538084,False
56,154,98,-2.8534201092529297,False
83,133,50,-2.8534479098510745,False
105,152,47,-2.8535414733886717,False
16,64,48,-2.853675741577148,False
39,66,27,-2.85372557800293,False
102,135,33,-2.853983388366699,False
47,128,81,-2.8540514859008788,False
18,85,67,-2.854424454345703,False
118,156,38,-2.854551952209473,False
37,138,101,-2.8547484286499025,False
56,125,69,-2.854756129150391,False
51,125,74,-2.854964493713379,False
56,127,71,-2.855025375061035,False
92,118,26,-2.855094426269531,False
53,130,77,-2.8551387741088865,False
19,40,21,-2.8552931735229494,False
39,152,113,-2.855342743530273,False
99,153,54,-2.8554133761596683,False
6,44,38,-2.855690280151367,False
21,91,70,-2.8556971057128906,False
75,110,35,-2.8557708401489257,False
53,120,67,-2.855798815612793,False
85,127,42,-2.8558001303100586,False
49,105,56,-2.8560021737670898,False
14,63,49,-2.856141131591797,False
41,136,95,-2.8563029748535156,False
39,128,89,-2.8563174606323245,False
56,147,91,-2.8563883532714844,False
36,148,112,-2.857000437011719,False
15,65,50,-2.857146939086914,False
53,112,59,-2.857167739562988,False
22,129,107,-2.8573012796020505,False
53,85,32,-2.8576616146850586,False
58,127,69,-2.857800244750977,False
38,102,64,-2.8578283956909183,False
42,148,106,-2.857890935974121,False
60,134,74,-2.8583380688476563,False
81,115,34,-2.858488321533203,False
82,115,33,-2.858559994506836,False
99,131,32,-2.858668510131836,False
103,120,17,-2.8587137992858884,False
55,144,89,-2.859211020812988,False
46,118,72,-2.859269889221191,False
49,153,104,-2.85937919342041,False
51,123,72,-2.8596151742553713,False
68,122,54,-2.8596288583374023,False
43,118,75,-2.8597051245117187,False
62,150,88,-2.8598116833496094,False
47,138,91,-2.859961924743652,False
18,58,40,-2.8604702459716798,False
24,132,108,-2.8604978463745114,False
36,150,114,-2.8605130575561524,False
92,117,25,-2.860601806335449,False
97,114,17,-2.860696527709961,False
15,60,45,-2.8608599212646486,False
53,84,31,-2.8610473193359374,False
84,133,49,-2.861165803833008,False
77,133,56,-2.8612098287963867,False
7,137,130,-2.8612541874694823,False
51,136,85,-2.861648804321289,False
47,137,90,-2.861736577148437,False
78,112,34,-2.86178801361084,False
28,120,92,-2.8618270928955076,False
122,155,33,-2.8621338980102538,False
54,137,83,-2.862674214172363,False
54,128,74,-2.8627893884277342,False
52,80,28,-2.863175308837891,False
4,52,48,-2.863238313293457,False
32,106,74,-2.8633010260009764,False
38,118,80,-2.863310451049805,False
105,120,15,-2.8634234765624997,False
3,147,144,-2.86353351852417,False
77,144,67,-2.8637542025756835,False
36,121,85,-2.8638087423706056,False
34,131,97,-2.8638117578125,False
41,133,92,-2.8638671652221683,False
42,118,76,-2.8640528363037108,False
34,129,95,-2.864213958129883,False
129,142,13,-2.8644983752441404,False
48,148,100,-2.8645088943481447,False
9,33,24,-2.8645234033203124,False
7,81,74,-2.8645608993530276,False
18,88,70,-2.8645768014526367,False
102,116,14,-2.864603522949219,False
19,103,84,-2.864655859680176,False
46,117,71,-2.8646773553466796,False
32,117,85,-2.8650480947875976,False
7,84,77,-2.8653740615844727,False
38,100,62,-2.8654462826538087,False
25,64,39,-2.8654682846069335,False
87,100,13,-2.865506216125488,False
54,125,71,-2.8655331787109377,False
22,130,108,-2.865567036743164,False
99,116,17,-2.8656125064086915,False
39,127,88,-2.865656981811523,False
54,127,73,-2.8657339413452148,False
52,122,70,-2.8658846133422853,False
35,99,64,-2.8659888510131837,False
35,78,43,-2.866017905883789,False
3,70,67,-2.866051674194336,False
40,142,102,-2.8661165505981443,False
90,126,36,-2.8662762109375004,False
36,127,91,-2.866458930358887,False
69,105,36,-2.866487054138184,False
15,37,22,-2.8665801388549808,False
13,42,29,-2.8667335333251955,False
56,138,82,-2.866881014099121,False
62,152,90,-2.867284977722168,False
60,121,61,-2.8676162789916995,False
48,147,99,-2.867648893432617,False
41,135,94,-2.8676809185791017,False
47,105,58,-2.8679696090698243,False
49,154,105,-2.868120111694336,False
18,86,68,-2.8683457778930666,False
4,41,37,-2.8684588082885742,False
9,132,123,-2.8684753329467774,False
22,131,109,-2.8686118460083008,False
24,110,86,-2.8686401892089846,False
50,90,40,-2.868679360961914,False
40,119,79,-2.868962024536133,False
19,129,110,-2.8691472830200198,False
52,123,71,-2.8692726754760742,False
6,138,132,-2.8692882383728024,False
40,128,88,-2.869344782104492,False
20,39,19,-2.869370050354004,False
74,107,33,-2.869382114715576,False
58,133,75,-2.8695453213500977,False
59,146,87,-2.869563893127441,False
57,104,47,-2.869783713684082,False
50,154,104,-2.8698520654296873,False
123,155,32,-2.8698923986816407,False
45,116,71,-2.869901524963379,False
57,110,53,-2.8699045275878907,False
69,122,53,-2.8700056307983397,False
92,149,57,-2.8700702201843264,False
55,142,87,-2.8701315841674804,False
60,142,82,-2.870160601196289,False
37,141,104,-2.8702726416015625,False
34,121,87,-2.8703690499877927,False
44,109,65,-2.870713758544922,False
59,152,93,-2.8707508438110354,False
41,151,110,-2.8708932165527346,False
37,150,113,-2.871050922393799,False
23,101,78,-2.8711374337768554,False
42,147,105,-2.871206139831543,False
104,117,13,-2.8712436239624024,False
68,105,37,-2.8713192898559567,False
10,33,23,-2.8713586596679685,False
55,126,71,-2.871391191101074,False
96,138,42,-2.8715742694091797,False
50,126,76,-2.871677558288574,False
42,139,97,-2.871991062011719,False
81,127,46,-2.872017753601074,False
125,154,29,-2.872178166503906,False
32,62,30,-2.872255739440918,False
51,134,83,-2.8726060375976563,False
30,84,54,-2.8726718161010742,False
78,134,56,-2.872678858947754,False
46,108,62,-2.8729136389160157,False
54,120,66,-2.873456462097168,False
35,120,85,-2.8734803103637696,False
71,140,69,-2.873638212890625,False
48,152,104,-2.8738555572509767,False
44,147,103,-2.8739061486816406,False
48,144,96,-2.873935549316406,False
23,36,13,-2.874041493835449,False
38,115,77,-2.8740774331665038,False
59,121,62,-2.874124552001953,False
45,148,103,-2.874127364501953,False
48,145,97,-2.8743700482177736,False
65,152,87,-2.874385762939453,False
44,135,91,-2.8743878793334963,False
13,46,33,-2.8743974752807615,False
64,152,88,-2.8744290267944335,False
36,123,87,-2.8747920867919925,False
50,104,54,-2.8748010317993162,False
9,133,124,-2.8749645346069337,False
38,77,39,-2.8750137655639647,False
119,158,39,-2.8751508197021485,False
59,111,52,-2.875517085571289,False
52,156,104,-2.8758458251953125,False
45,136,91,-2.8759048782348633,False
41,114,73,-2.875951578063965,False
45,109,64,-2.8759648052978517,False
49,133,84,-2.8760330044555666,False
40,76,36,-2.876037838439941,False
75,121,46,-2.8760985534667967,False
56,149,93,-2.876206357116699,False
127,144,17,-2.876207103729248,False
15,66,51,-2.876237876586914,False
54,129,75,-2.8763037420654296,False
55,140,85,-2.8763284896850587,False
64,146,82,-2.8763811380004882,False
60,124,64,-2.8763892504882813,False
18,39,21,-2.876450650024414,False
53,105,52,-2.876494100036621,False
29,119,90,-2.876578364868164,False
15,90,75,-2.8767084378051755,False
62,144,82,-2.876901862792969,False
88,127,39,-2.8769910122680664,False
13,45,32,-2.877039341125488,False
62,149,87,-2.8771415463256838,False
18,134,116,-2.8772890966796876,False
101,153,52,-2.877295164489746,False
18,37,19,-2.8774285876464845,False
61,110,49,-2.8774461657714845,False
124,155,31,-2.87763461730957,False
51,132,81,-2.8777854608154296,False
49,127,78,-2.877785928649902,False
98,130,32,-2.877851401977539,False
43,143,100,-2.8780891430664064,False
46,114,68,-2.878098119506836,False
43,139,96,-2.8781894201660156,False
55,138,83,-2.878229220581055,False
54,106,52,-2.8786847186279294,False
22,134,112,-2.8791146615600587,False
79,131,52,-2.879258374938965,False
5,49,44,-2.8792680627441407,False
7,71,64,-2.8792736343383787,False
100,153,53,-2.8792981298828124,False
93,149,56,-2.8793609442138672,False
63,110,47,-2.8797835931396483,False
5,39,34,-2.879818790435791,False
22,40,18,-2.879885237426758,False
80,127,47,-2.8799353186035157,False
22,66,44,-2.8799695053100587,False
15,135,120,-2.880051180114746,False
8,50,42,-2.880171499786377,False
79,140,61,-2.8802675683593746,False
124,154,30,-2.8802730258178713,False
21,35,14,-2.880300438537598,False
47,148,101,-2.8803958950805666,False
98,153,55,-2.8804310879516604,False
74,125,51,-2.880554300537109,False
38,119,81,-2.880731697998047,False
43,149,106,-2.880954213867187,False
107,120,13,-2.8809735023498537,False
65,109,44,-2.8811610974121096,False
48,127,79,-2.8811899993896484,False
17,59,42,-2.8812130865478514,False
18,87,69,-2.8812713378906247,False
119,156,37,-2.8814386550903324,False
40,116,76,-2.8814443765258786,False
47,136,89,-2.881564812927246,False
2,66,64,-2.881625648193359,False
55,113,58,-2.881714299316406,False
19,34,15,-2.8817629837036134,False
22,36,14,-2.881788141784668,False
52,132,80,-2.8818132360839845,False
38,136,98,-2.8820791400146484,False
45,118,73,-2.8821292864990236,False
60,150,90,-2.8822978894042968,False
79,114,35,-2.8823303872680666,False
45,117,72,-2.8823964242553712,False
47,119,72,-2.8824301043701173,False
62,110,48,-2.8826664517211915,False
102,136,34,-2.882696233520508,False
3,77,74,-2.8828615841674803,False
16,132,116,-2.8829434896850588,False
42,116,74,-2.8829927670288087,False
101,118,17,-2.88300893951416,False
5,71,66,-2.8832130480957034,False
50,103,53,-2.8832167501831054,False
4,54,50,-2.883351516113281,False
23,65,42,-2.883446159362793,False
79,112,33,-2.883466252746582,False
53,104,51,-2.883586272277832,False
74,121,47,-2.883631930541992,False
37,142,105,-2.8839057983398435,False
78,131,53,-2.8839404443359373,False
8,49,41,-2.8841358282470706,False
65,108,43,-2.884156790161133,False
46,145,99,-2.884387991027832,False
53,106,53,-2.884454475708008,False
39,147,108,-2.884726943359375,False
61,124,63,-2.8847303353881832,False
62,155,93,-2.8847409436035156,False
3,52,49,-2.8849950314331054,False
22,64,42,-2.885190086212158,False
25,65,40,-2.885496358947754,False
60,151,91,-2.8855712203979493,False
63,142,79,-2.885736412963867,False
77,109,32,-2.886148325958252,False
44,117,73,-2.8861957186889646,False
60,143,83,-2.886198302612305,False
71,141,70,-2.8863750909423826,False
39,135,96,-2.886606837463379,False
40,135,95,-2.886655258483887,False
78,132,54,-2.8867020364379883,False
118,157,39,-2.8868027667236325,False
15,101,86,-2.8868223399353026,False
8,136,128,-2.8869291619873048,False
142,156,14,-2.88692990447998,False
4,70,66,-2.886933468322754,False
55,147,92,-2.8870852777099607,False
122,157,35,-2.887131145935059,False
123,157,34,-2.8871427392578126,False
52,78,26,-2.8872006704711914,False
143,158,15,-2.8873398178100587,False
49,119,70,-2.8874142742919924,False
10,134,124,-2.8878686074829103,False
70,105,35,-2.887897954711914,False
14,147,133,-2.8881149270629884,False
16,62,46,-2.888619354858398,False
54,105,51,-2.888627325439453,False
94,127,33,-2.888796276550293,False
10,35,25,-2.888830117492676,False
14,41,27,-2.8888713421630863,False
76,134,58,-2.8888746304321287,False
28,132,104,-2.8889690063476565,False
9,148,139,-2.889202504272461,False
24,36,12,-2.8892835137939454,False
55,131,76,-2.889287692565918,False
81,133,52,-2.8892995501708985,False
61,120,59,-2.8894712899780273,False
15,59,44,-2.8895164111328127,False
101,136,35,-2.8895622927856444,False
36,78,42,-2.8897523461914063,False
15,88,73,-2.890059319152832,False
72,155,83,-2.8901071157836915,False
77,135,58,-2.8902535049438476,False
58,152,94,-2.890261817626953,False
77,127,50,-2.890375985107422,False
60,129,69,-2.8904645614624025,False
40,136,96,-2.890492427368164,False
21,38,17,-2.8906351748657224,False
48,151,103,-2.8906911096191408,False
50,134,84,-2.8909658374023435,False
53,125,72,-2.8910259185791016,False
13,133,120,-2.8910596475219728,False
63,126,63,-2.8914253970336916,False
47,152,105,-2.891435577545166,False
5,70,65,-2.891549797058105,False
71,144,73,-2.891550693359375,False
128,143,15,-2.8915666697692872,False
3,71,68,-2.891723628234863,False
103,135,32,-2.891884714050293,False
61,113,52,-2.8919737657165525,False
22,35,13,-2.8919946176147464,False
38,116,78,-2.8923645214843754,False
82,140,58,-2.8925513485717773,False
14,59,45,-2.8926599020385746,False
14,86,72,-2.8927595037841796,False
45,114,69,-2.892760768432617,False
26,40,14,-2.8928021957397463,False
47,144,97,-2.892912280883789,False
4,147,143,-2.8931211923217774,False
79,126,47,-2.8931572045898437,False
9,134,125,-2.8932006033325193,False
39,137,98,-2.8934743020629883,False
14,57,43,-2.8935414291381836,False
13,33,20,-2.893544888305664,False
27,90,63,-2.8936027252197265,False
91,122,31,-2.8936306784057617,False
38,101,63,-2.89365130859375,False
54,110,56,-2.893756492614746,False
22,41,19,-2.893985499572754,False
18,38,20,-2.8940673080444332,False
120,157,37,-2.8941024786376954,False
37,104,67,-2.8941917111206052,False
56,144,88,-2.894329739379883,False
40,134,94,-2.894444117126465,False
79,135,56,-2.894773139343262,False
90,123,33,-2.8947858621215823,False
49,155,106,-2.8948350173950197,False
41,150,109,-2.894924941101074,False
21,37,16,-2.8949541339111327,False
45,141,96,-2.8949731619262695,False
145,158,13,-2.8950211477661134,False
36,98,62,-2.8951166873168943,False
48,81,33,-2.89516739654541,False
58,109,51,-2.8951800265502934,False
49,90,41,-2.895245697937012,False
77,136,59,-2.895260709838867,False
22,102,80,-2.895261649169922,False
61,127,66,-2.895425489501953,False
20,130,110,-2.8954285534667967,False
43,140,97,-2.8954486102294923,False
19,64,45,-2.8954722651672364,False
22,37,15,-2.895502117919922,False
35,116,81,-2.895542253112793,False
93,147,54,-2.8956472817993166,False
17,102,85,-2.8958311854553225,False
48,119,71,-2.8958340017700195,False
37,118,81,-2.8960310369873046,False
67,147,80,-2.896040018005371,False
21,112,91,-2.8960421711730957,False
16,41,25,-2.896252363586426,False
65,151,86,-2.89628164855957,False
21,66,45,-2.8963285702514647,False
80,126,46,-2.896365082397461,False
53,145,92,-2.896373122558594,False
38,137,99,-2.8963752783203125,False
59,148,89,-2.896435037536621,False
3,54,51,-2.89645385559082,False
4,51,47,-2.8965965130615237,False
52,86,34,-2.896698928527832,False
77,131,54,-2.896784539489746,False
86,128,42,-2.8968317709350586,False
72,120,48,-2.8969767901611325,False
94,142,48,-2.8969998361206057,False
86,114,28,-2.897221739654541,False
50,123,73,-2.8972273754882814,False
37,116,79,-2.897245374755859,False
15,87,72,-2.89725116607666,False
95,138,43,-2.8973097885131835,False
20,40,20,-2.8977745516967772,False
36,63,27,-2.898069270629883,False
15,147,132,-2.8981598602294922,False
49,129,80,-2.898255562133789,False
13,48,35,-2.8982623611450196,False
57,113,56,-2.8985181463623046,False
45,144,99,-2.898617836303711,False
69,155,86,-2.898778491210938,False
3,145,142,-2.898823935089111,False
133,144,11,-2.899322334289551,False
95,142,47,-2.8994604428100588,False
63,153,90,-2.8994793536376955,False
59,124,65,-2.8996686404418943,False
64,151,87,-2.8997147412109374,False
52,124,72,-2.899834545593262,False
16,89,73,-2.8999023291015624,False
45,85,40,-2.8999695629882813,False
34,62,28,-2.900092961120605,False
25,92,67,-2.9000981845092775,False
56,148,92,-2.900185699768066,False
21,64,43,-2.900286216430664,False
125,152,27,-2.900319924316406,False
15,79,64,-2.9003837881469727,False
67,106,39,-2.900431721496582,False
24,126,102,-2.900447081298828,False
64,156,92,-2.900493665771484,False
54,145,91,-2.9005620071411133,False
23,133,110,-2.9006108914184567,False
111,145,34,-2.900611183166504,False
97,133,36,-2.9007640350341797,False
7,44,37,-2.9009679888916016,False
76,121,45,-2.901192145996094,False
59,147,88,-2.9013702734375,False
40,152,112,-2.9014510095214847,False
20,136,116,-2.9014856665039064,False
4,48,44,-2.9015766802978513,False
33,62,29,-2.9015928018188477,False
71,143,72,-2.9018197302246094,False
109,138,29,-2.901850391845703,False
79,132,53,-2.901877690124512,False
92,143,51,-2.901951065673828,False
16,63,47,-2.901973852233887,False
16,36,20,-2.9022314147949215,False
14,65,51,-2.9023350604248046,False
92,154,62,-2.9023650736999516,False
40,72,32,-2.9024803775024415,False
11,83,72,-2.902499040222168,False
93,153,60,-2.902582144165039,False
4,40,36,-2.9027612515258787,False
45,149,104,-2.9030453968811036,False
16,101,85,-2.903079909362793,False
18,139,121,-2.9031334777832027,False
125,151,26,-2.9031716705322266,False
71,142,71,-2.903645935668945,False
30,83,53,-2.9037475381469724,False
19,63,44,-2.9038518231201174,False
39,74,35,-2.903873999328613,False
94,149,55,-2.9042092208862305,False
18,64,46,-2.9043274774169925,False
6,47,41,-2.904540447998047,False
46,139,93,-2.904974469909668,False
40,137,97,-2.9049830139160155,False
78,154,76,-2.9053148428344726,False
16,82,66,-2.9053406616210937,False
36,115,79,-2.9053857275390627,False
2,61,59,-2.9054454818725586,False
38,135,97,-2.9054511672973633,False
51,129,78,-2.905459378967285,False
64,110,46,-2.905511796875,False
47,139,92,-2.905594215698242,False
65,156,91,-2.9056693533325193,False
36,139,103,-2.9057862799072267,False
14,90,76,-2.9058804196166994,False
58,144,86,-2.905904083557129,False
17,89,72,-2.9059912533569334,False
47,146,99,-2.9060679144287107,False
55,153,98,-2.906220319824219,False
71,122,51,-2.906241167907715,False
4,37,33,-2.9062844456481933,False
53,131,78,-2.906365126647949,False
54,104,50,-2.9063898336791993,False
82,128,46,-2.906416260986328,False
78,126,48,-2.9064272894287106,False
51,135,84,-2.906480254211426,False
39,148,109,-2.9065030828857426,False
110,139,29,-2.9066440179443362,False
77,132,55,-2.9066999938964844,False
56,121,65,-2.9068438375854493,False
21,130,109,-2.9069045407104492,False
42,140,98,-2.9070495266723633,False
26,39,13,-2.9071549737548827,False
48,150,102,-2.9072921713256834,False
68,154,86,-2.907321440429688,False
46,148,102,-2.9073987802124024,False
58,132,74,-2.907522201538086,False
60,125,65,-2.90770407043457,False
6,71,65,-2.9079147189331054,False
15,80,65,-2.9080444778442383,False
105,135,30,-2.908201588134766,False
78,130,52,-2.908439307556152,False
54,153,99,-2.9086922314453125,False
60,127,67,-2.908697712097168,False
77,153,76,-2.9087412884521484,False
49,150,101,-2.908870995788574,False
121,158,37,-2.9088719635009768,False
79,155,76,-2.90894303314209,False
11,135,124,-2.909087168273926,False
66,144,78,-2.9091662149047854,False
56,152,96,-2.9092263244628906,False
55,155,100,-2.9093005828857423,False
81,124,43,-2.9095313677978516,False
77,130,53,-2.909603387145996,False
111,141,30,-2.9096189068603513,False
107,118,11,-2.90965159866333,False
18,80,62,-2.9098179150390626,False
42,115,73,-2.9098262551879883,False
56,141,85,-2.909890914916992,False
78,129,51,-2.909941046447754,False
46,147,101,-2.9102596658325197,False
125,155,30,-2.910395368347168,False
54,109,55,-2.910478458862305,False
67,109,42,-2.910493791503906,False
19,81,62,-2.9104994879150388,False
18,62,44,-2.910525061340332,False
37,119,82,-2.9106436114501952,False
32,131,99,-2.9107651458740236,False
11,50,39,-2.91083194519043,False
72,106,34,-2.9108409008789065,False
38,143,105,-2.910889147644043,False
22,39,17,-2.910933889770508,False
19,113,94,-2.910989943847656,False
20,37,17,-2.9109990597534177,False
92,120,28,-2.9110156192016605,False
47,145,98,-2.9110815875244143,False
86,133,47,-2.911179656982422,False
63,119,56,-2.9114262127685544,False
13,44,31,-2.911489208068848,False
48,137,89,-2.9118690725708007,False
78,144,66,-2.9119388885498045,False
68,155,87,-2.9120792178344725,False
93,127,34,-2.9121310018920896,False
52,125,73,-2.912174033508301,False
46,144,98,-2.9122459609985354,False
98,117,19,-2.91240908203125,False
61,142,81,-2.9125713076782227,False
53,138,85,-2.912623811340332,False
2,60,58,-2.912747060241699,False
17,62,45,-2.912845091094971,False
95,154,59,-2.9129293536376952,False
5,41,36,-2.913093296661377,False
21,103,82,-2.913104221191406,False
62,119,57,-2.9131291445922853,False
52,87,35,-2.913161983642578,False
79,115,36,-2.913225852050781,False
54,155,101,-2.91349196472168,False
47,118,71,-2.9135532446289063,False
60,110,50,-2.9135838934326173,False
45,147,102,-2.9136748770141603,False
86,153,67,-2.913890093688965,False
88,155,67,-2.9139099694824218,False
51,124,73,-2.9145207678222653,False
97,154,57,-2.91454831451416,False
60,149,89,-2.9146159381103516,False
96,142,46,-2.914665603027344,False
19,89,70,-2.914666924133301,False
3,76,73,-2.9146757818603515,False
49,135,86,-2.915119682006836,False
18,132,114,-2.915121644897461,False
17,37,20,-2.915153309326172,False
50,130,80,-2.915293112792969,False
65,153,88,-2.9154416610717773,False
11,90,79,-2.9154921658325192,False
36,143,107,-2.915687375793457,False
50,113,63,-2.91573301940918,False
71,137,66,-2.9157484313964845,False
14,55,41,-2.9157499505615236,False
8,148,140,-2.9158334661865233,False
57,148,91,-2.9158816845703126,False
10,34,24,-2.9160196395874025,False
45,110,65,-2.91634658996582,False
98,115,17,-2.916402336730957,False
58,121,63,-2.916567649536133,False
54,119,65,-2.9165839764404295,False
62,153,91,-2.916711655883789,False
14,66,52,-2.916782448425293,False
6,36,30,-2.9168171612548828,False
30,132,102,-2.916888196105957,False
69,120,51,-2.916898658294678,False
79,118,39,-2.9169564491271975,False
19,137,118,-2.9170220950317383,False
22,132,110,-2.917076222229004,False
19,130,111,-2.917468162536621,False
77,122,45,-2.9175326864624025,False
19,37,18,-2.9176782751464843,False
63,118,55,-2.917700126953125,False
48,82,34,-2.917725022277832,False
16,145,129,-2.9177289965820314,False
59,126,67,-2.917863779602051,False
61,118,57,-2.9180741827392582,False
56,120,64,-2.918154120178223,False
78,136,58,-2.9181702838134767,False
90,116,26,-2.918246546630859,False
52,112,60,-2.918269292297363,False
76,126,50,-2.9184157321166992,False
6,72,66,-2.9184867987060548,False
31,101,70,-2.9184994369506834,False
133,152,19,-2.9186027493286133,False
76,154,78,-2.9187800390625,False
70,120,50,-2.9188087084960936,False
48,135,87,-2.918818018188477,False
39,114,75,-2.9188905407714842,False
10,148,138,-2.9189433404541014,False
91,123,32,-2.9191625759887696,False
105,119,14,-2.9191631822204593,False
12,48,36,-2.9191958795166015,False
15,58,43,-2.9192362454223635,False
8,48,40,-2.9192638912963864,False
58,110,52,-2.919452332763672,False
29,132,103,-2.919690543212891,False
64,122,58,-2.9197244674682614,False
48,154,106,-2.919741256103516,False
45,145,100,-2.919754821472168,False
63,141,78,-2.9197743032836914,False
36,120,84,-2.9197778677368165,False
67,144,77,-2.920005192871094,False
78,118,40,-2.9202420690917967,False
81,126,45,-2.9203119122314454,False
50,121,71,-2.920357038574219,False
90,121,31,-2.920378935546875,False
16,60,44,-2.920393912963867,False
14,135,121,-2.9205904736328128,False
23,92,69,-2.9207600720214844,False
19,39,20,-2.9213164306640627,False
32,118,86,-2.921343107910156,False
32,119,87,-2.9214726943969724,False
98,114,16,-2.921497226257324,False
46,89,43,-2.9215124508666994,False
5,51,46,-2.921513981933594,False
46,83,37,-2.9215392456054685,False
50,133,83,-2.921793006591797,False
54,146,92,-2.92205844329834,False
16,85,69,-2.9221428631591797,False
21,34,13,-2.9221747341918944,False
71,120,49,-2.922442901611328,False
12,51,39,-2.922491407775879,False
75,134,59,-2.922574575805664,False
86,115,29,-2.922604138336182,False
86,98,12,-2.922644122161865,False
29,100,71,-2.9226618383789065,False
94,141,47,-2.9228955090332027,False
59,113,54,-2.923111554412842,False
55,130,75,-2.923114052429199,False
67,120,53,-2.9231493017578125,False
99,133,34,-2.9231828024291993,False
46,115,69,-2.923316362915039,False
17,143,126,-2.923430480041504,False
37,99,62,-2.9235331381225587,False
12,46,34,-2.923701032409668,False
51,81,30,-2.9237308679199216,False
78,115,37,-2.9237866680908207,False
41,148,107,-2.92397712890625,False
42,149,107,-2.9242160220336912,False
60,133,73,-2.924226629486084,False
46,109,63,-2.924279531555176,False
32,129,97,-2.924316181945801,False
50,135,85,-2.924537461242676,False
71,148,77,-2.9247377072143554,False
17,132,115,-2.9248161688232424,False
11,61,50,-2.924831273498535,False
53,119,66,-2.924846107788086,False
81,134,53,-2.9250522286987306,False
55,103,48,-2.925248853149414,False
89,153,64,-2.9252705722045897,False
77,126,49,-2.925314193115234,False
89,123,34,-2.9253166406249997,False
51,90,39,-2.925329546508789,False
16,86,70,-2.925331304321289,False
16,133,117,-2.925423299560547,False
78,135,57,-2.9254444189453124,False
76,136,60,-2.92555133392334,False
71,136,65,-2.9255969818115233,False
81,140,59,-2.925688229675293,False
39,119,80,-2.9259232650756837,False
105,136,31,-2.925967689819336,False
77,137,60,-2.926182467346192,False
2,59,57,-2.9264180014038086,False
80,115,35,-2.9266654333496094,False
74,126,52,-2.9267219387817383,False
24,66,42,-2.926852310180664,False
38,150,112,-2.9269166741943358,False
85,133,48,-2.927045124206543,False
77,118,41,-2.9271049114990233,False
62,126,64,-2.9271457888793946,False
20,64,44,-2.9271466189575195,False
17,86,69,-2.927192142944336,False
121,155,34,-2.9272405337524416,False
64,119,55,-2.9273104595947266,False
78,114,36,-2.9274861816406252,False
55,125,70,-2.927554646911621,False
19,90,71,-2.9276519342041016,False
36,141,105,-2.9279586434936524,False
11,67,56,-2.9281123898315427,False
26,41,15,-2.9282516482543945,False
53,127,74,-2.928290502624512,False
32,63,31,-2.9284364739990236,False
75,126,51,-2.9285808215332034,False
108,151,43,-2.928793208312988,False
35,119,84,-2.9289520425415043,False
68,153,85,-2.929070291748047,False
59,129,70,-2.929072007751465,False
37,149,112,-2.9291749177551267,False
71,106,35,-2.9294297891235352,False
17,81,64,-2.9294699600219727,False
74,152,78,-2.9295988989257813,False
19,38,19,-2.9297184759521486,False
44,118,74,-2.929721245422363,False
66,147,81,-2.9297733041381835,False
96,130,34,-2.929817847290039,False
29,63,34,-2.929853624267578,False
87,133,46,-2.9298811346435545,False
89,115,26,-2.929946163024902,False
4,75,71,-2.9301856924438474,False
8,149,141,-2.9302083917236326,False
33,130,97,-2.930208497009277,False
41,147,106,-2.9302935104370116,False
31,62,31,-2.9304671517944336,False
18,63,45,-2.9305105474853517,False
78,153,75,-2.930588116455078,False
65,143,78,-2.9305888912963867,False
74,113,39,-2.930802422790527,False
40,147,107,-2.930943249206543,False
21,63,42,-2.9309951168823245,False
7,149,142,-2.931164754333496,False
91,126,35,-2.931370364074707,False
107,119,12,-2.9315066032409667,False
79,116,37,-2.9320702627563477,False
28,86,58,-2.932167401428223,False
20,131,111,-2.9321759997558594,False
95,149,54,-2.932185087890625,False
40,148,108,-2.932254674072266,False
51,137,86,-2.9322551235961916,False
38,141,103,-2.9323476403808595,False
63,156,93,-2.9323941876220703,False
41,134,93,-2.9323977420043947,False
94,143,49,-2.9324051208496096,False
84,155,71,-2.9325359432983396,False
49,81,32,-2.932540473327637,False
51,131,80,-2.9326251947021484,False
4,53,49,-2.93278840423584,False
56,150,94,-2.9328056536865232,False
14,56,42,-2.9328923876953126,False
50,112,62,-2.933040921173096,False
75,154,79,-2.933105512084961,False
47,83,36,-2.9331290884399417,False
142,157,15,-2.933172272644043,False
90,153,63,-2.9332070312500003,False
48,83,35,-2.9332912496948245,False
36,104,68,-2.933302463378906,False
17,58,41,-2.9333942193603515,False
60,113,53,-2.9334649656677247,False
32,100,68,-2.933518238220215,False
50,127,77,-2.9336956866455077,False
68,148,80,-2.93370486328125,False
93,142,49,-2.9338332861328125,False
17,38,21,-2.9338477395629883,False
77,110,33,-2.9341540760803224,False
75,133,58,-2.934293489074707,False
5,48,43,-2.934392955932617,False
70,122,52,-2.934517802734375,False
35,102,67,-2.934570484924316,False
80,139,59,-2.9346397283935546,False
97,139,42,-2.9347836056518553,False
45,142,97,-2.9348401171875,False
76,110,34,-2.9348796713256835,False
17,79,62,-2.9349924707031247,False
11,47,36,-2.9349971240234374,False
78,122,44,-2.935007558288574,False
96,133,37,-2.9353578665161133,False
78,138,60,-2.9354145547485353,False
94,148,54,-2.9357037857055666,False
63,143,80,-2.9358214849853517,False
60,141,81,-2.9358817471313476,False
102,117,15,-2.935975877075195,False
109,150,41,-2.9360084881591795,False
7,43,36,-2.936084172668457,False
54,112,58,-2.936125793762207,False
82,129,47,-2.9364606103515625,False
103,136,33,-2.9365417727661134,False
58,131,73,-2.9366507733154297,False
92,147,55,-2.93697030456543,False
15,38,23,-2.936993200073242,False
33,106,73,-2.937219830322266,False
45,146,101,-2.9372308349609377,False
93,143,50,-2.937254833068848,False
94,144,50,-2.9372970989990237,False
78,125,47,-2.937325109558105,False
57,121,64,-2.9374290713500977,False
17,63,46,-2.937439170532227,False
57,144,87,-2.9375080392456057,False
52,131,79,-2.9376149572753905,False
53,146,93,-2.937637607116699,False
60,111,51,-2.9377396846008303,False
79,111,32,-2.9379062243652343,False
4,145,141,-2.9379585000610353,False
19,83,64,-2.9381437872314455,False
35,100,65,-2.93821864440918,False
88,129,41,-2.938261407470703,False
38,117,79,-2.938433684387207,False
16,87,71,-2.9385322119140627,False
22,65,43,-2.9386122665405274,False
70,140,70,-2.9386185174560544,False
24,92,68,-2.938629258117676,False
13,134,121,-2.938795516662598,False
7,45,38,-2.938907958374023,False
31,103,72,-2.938965682373047,False
47,82,35,-2.9391127801513672,False
19,138,119,-2.9391167459106446,False
54,138,84,-2.9391413058471683,False
65,118,53,-2.9391624203491213,False
14,40,26,-2.9393639739990234,False
67,118,51,-2.939406218261719,False
126,152,26,-2.9394080963134765,False
61,125,64,-2.939465606994629,False
54,83,29,-2.939530217285156,False
76,133,57,-2.939604920654297,False
61,121,60,-2.9398917782592777,False
79,129,50,-2.9400598403930664,False
40,118,78,-2.940141182861328,False
46,146,100,-2.940220459289551,False
55,129,74,-2.9403588677978516,False
71,155,84,-2.9405278854370116,False
48,146,98,-2.940562339477539,False
22,133,111,-2.940727459106445,False
94,147,53,-2.9407367111206058,False
14,80,66,-2.9407668365478514,False
25,101,76,-2.9409204783630374,False
20,34,14,-2.940942868347168,False
55,127,72,-2.9410824911499023,False
59,130,71,-2.9412075567626954,False
37,64,27,-2.941231870117188,False
6,45,39,-2.941249472351074,False
19,136,117,-2.9412747625732423,False
88,145,57,-2.9414765322875978,False
97,140,43,-2.941601108093262,False
34,125,91,-2.9417149420166018,False
17,65,48,-2.9417309149169926,False
41,139,98,-2.941890839538574,False
47,116,69,-2.941941276550293,False
38,149,111,-2.9420036770629885,False
64,118,54,-2.9421310186767577,False
72,121,49,-2.9421471875000003,False
64,141,77,-2.9422797506713865,False
78,140,62,-2.942305,False
40,138,98,-2.9423422900390626,False
144,157,13,-2.9424851806640624,False
131,152,21,-2.9426287506103517,False
82,139,57,-2.942695238647461,False
11,64,53,-2.9427351306152345,False
79,139,60,-2.942809776611328,False
34,128,94,-2.942934539794922,False
2,62,60,-2.943017982788086,False
94,140,46,-2.9431017117309572,False
56,142,86,-2.9432273846435546,False
62,122,60,-2.9432372259521484,False
36,142,106,-2.943253233337402,False
92,142,50,-2.943402049255371,False
9,48,39,-2.9435237350463863,False
130,152,22,-2.943626547241211,False
9,89,80,-2.943750387573242,False
59,144,85,-2.943873695373535,False
36,140,104,-2.9439073593139646,False
126,151,25,-2.944057936401367,False
56,109,53,-2.9441208273315427,False
53,82,29,-2.9443105947875976,False
2,55,53,-2.9444289111328126,False
31,102,71,-2.9444405688476563,False
49,116,67,-2.94444106842041,False
55,121,66,-2.94448198425293,False
40,143,103,-2.9444973141479496,False
77,115,38,-2.9445352795410153,False
37,103,66,-2.9446641433715817,False
70,148,78,-2.9447183404541013,False
5,147,142,-2.9450380194091794,False
38,142,104,-2.9450722592163086,False
78,145,67,-2.9450829904174802,False
22,91,69,-2.945176987915039,False
77,116,39,-2.9452011779785154,False
66,156,90,-2.9452452728271483,False
78,116,38,-2.9456272259521485,False
11,49,38,-2.945673831176758,False
63,154,91,-2.946017484436035,False
52,130,78,-2.946206474609375,False
37,140,103,-2.9463211499023436,False
11,82,71,-2.946323494567871,False
16,144,128,-2.94633053527832,False
22,104,82,-2.9466054763793945,False
127,152,25,-2.9466613412475584,False
17,40,23,-2.9466854248046874,False
49,149,100,-2.946946194458008,False
39,67,28,-2.9469734252929687,False
55,139,84,-2.947232170715332,False
27,88,61,-2.9473595623779296,False
39,141,102,-2.9473929339599607,False
66,148,82,-2.947447990417481,False
59,125,66,-2.9475796896362305,False
17,142,125,-2.947605863037109,False
7,64,57,-2.947660863952637,False
29,85,56,-2.9480396640014646,False
70,144,74,-2.9480482669067385,False
2,65,63,-2.9484329519653323,False
41,149,108,-2.948544024658203,False
78,139,61,-2.9486521615600587,False
82,134,52,-2.9487049273681643,False
41,115,74,-2.9488649322509763,False
62,151,89,-2.9489055679321288,False
18,66,48,-2.9489460507202145,False
95,128,33,-2.9489639944458004,False
63,122,59,-2.9493699966430666,False
60,112,52,-2.9494023196411137,False
29,84,55,-2.949468728942871,False
57,116,59,-2.9495179122924804,False
46,142,96,-2.9495903948974607,False
14,38,24,-2.949649532775879,False
126,146,20,-2.9497619851684567,False
55,143,88,-2.9499480068969723,False
88,114,26,-2.949965934753418,False
87,145,58,-2.9502099298095703,False
37,117,80,-2.9503258984375003,False
97,134,37,-2.950413850402832,False
32,105,73,-2.95043255645752,False
88,122,34,-2.950462104187012,False
7,148,141,-2.9506087924194335,False
49,151,102,-2.9506446035766603,False
49,131,82,-2.950664562072754,False
27,64,37,-2.950690616455078,False
73,121,48,-2.9507667306518557,False
20,63,43,-2.9507786085510253,False
18,79,61,-2.9508956243896485,False
7,69,62,-2.951139727478027,False
30,62,32,-2.951194169311523,False
65,110,45,-2.95150722442627,False
5,73,68,-2.951577306213379,False
77,138,61,-2.9516105450439456,False
10,62,52,-2.9516229626464843,False
73,153,80,-2.951656818847656,False
18,113,95,-2.9517903463745117,False
50,153,103,-2.951823511657715,False
110,148,38,-2.9518376458740234,False
45,115,70,-2.9518788467407227,False
55,148,93,-2.9521283752441407,False
53,83,30,-2.952180964355469,False
50,131,81,-2.952371865234375,False
34,99,65,-2.9525185388183592,False
86,155,69,-2.9526992651367188,False
7,138,131,-2.9527678958129884,False
6,42,36,-2.952888462524414,False
18,133,115,-2.9528934564208984,False
21,65,44,-2.9529110736083988,False
104,152,48,-2.9531203826904298,False
73,154,81,-2.9531410076904296,False
78,142,64,-2.953271584777832,False
53,129,76,-2.9533301318359375,False
94,153,59,-2.9533375158691406,False
31,63,32,-2.953389926452637,False
46,88,42,-2.953527836608887,False
111,147,36,-2.9535600378417968,False
13,54,41,-2.9536774349975587,False
34,117,83,-2.9536780877685547,False
34,123,89,-2.9537978048706055,False
70,141,71,-2.953808092346191,False
12,61,49,-2.9538826889038083,False
21,135,114,-2.954042261352539,False
69,148,79,-2.954540715637207,False
56,113,57,-2.9546218844604493,False
6,46,40,-2.9548069512939454,False
64,126,62,-2.9548275482177737,False
12,44,32,-2.954856612548828,False
44,149,105,-2.9548816571044925,False
97,141,44,-2.9548906344604493,False
71,145,74,-2.954902127380371,False
24,65,41,-2.954978332824707,False
93,145,52,-2.9550352154541017,False
10,90,80,-2.955302235412598,False
98,116,18,-2.9553595709228517,False
50,129,79,-2.9553756420898436,False
55,128,73,-2.955637166442871,False
49,147,98,-2.955730648803711,False
44,110,66,-2.9557397955322267,False
79,136,57,-2.955814276733398,False
81,125,44,-2.956008832092285,False
80,143,63,-2.956011912841797,False
106,136,30,-2.9562581814575197,False
23,132,109,-2.95637951171875,False
12,38,26,-2.956379819946289,False
82,116,34,-2.956495641479492,False
30,118,88,-2.956502651977539,False
49,132,83,-2.956552040405273,False
4,62,58,-2.9568972213745117,False
91,116,25,-2.957002320556641,False
62,143,81,-2.9570132489013674,False
15,102,87,-2.9575320768737794,False
51,104,53,-2.9575818872070316,False
134,145,11,-2.9576043032836914,False
93,148,55,-2.9579412899780273,False
51,130,79,-2.9581513482666013,False
57,150,93,-2.958181314086914,False
80,114,34,-2.958275842590332,False
144,158,14,-2.9583387783813477,False
31,105,74,-2.9583443667602536,False
7,46,39,-2.9584058236694335,False
47,140,93,-2.9585103823852537,False
47,113,66,-2.9585223400878906,False
55,154,99,-2.958771693725586,False
74,123,49,-2.9588031115722657,False
82,130,48,-2.9588084356689452,False
7,67,60,-2.9588275512695312,False
17,66,49,-2.9589929760742186,False
81,143,62,-2.959059258422852,False
32,80,48,-2.959061601257324,False
10,47,37,-2.9592574099731443,False
135,146,11,-2.9594000482177734,False
79,144,65,-2.9594332504272463,False
16,88,72,-2.9594774822998047,False
50,105,55,-2.959572244873047,False
58,136,78,-2.9596073672485352,False
36,149,113,-2.959778316040039,False
38,138,100,-2.9599319653320313,False
67,113,46,-2.9600276626586917,False
17,87,70,-2.9600290734863277,False
5,54,49,-2.960059106140137,False
58,134,76,-2.960115067138672,False
67,107,40,-2.9601408374023435,False
63,155,92,-2.9601927310180662,False
16,90,74,-2.960217295532227,False
59,112,53,-2.9602574502563477,False
92,145,53,-2.960260537414551,False
107,137,30,-2.9602746365356447,False
34,119,85,-2.9603136029052735,False
19,131,112,-2.9604064865112307,False
81,116,35,-2.960542139892578,False
126,150,24,-2.9605886975097655,False
61,112,51,-2.9606160986328125,False
60,119,59,-2.960694568786621,False
143,157,14,-2.960703574523926,False
60,128,68,-2.960753855895996,False
17,88,71,-2.9608334817504884,False
31,119,88,-2.9609158392333983,False
9,106,97,-2.9610598690795897,False
49,82,33,-2.9611691790771486,False
85,128,43,-2.961209296569824,False
83,134,51,-2.9612526354980466,False
16,59,43,-2.9612783197021484,False
17,113,96,-2.961394897155762,False
39,73,34,-2.9614340533447265,False
16,84,68,-2.961505270690918,False
75,123,48,-2.9615138339233398,False
106,120,14,-2.9615509007263183,False
93,154,61,-2.961666526184082,False
94,139,45,-2.9616881427001953,False
3,146,143,-2.961984853515625,False
57,151,94,-2.9620022998046873,False
87,130,43,-2.9620968676757813,False
33,131,98,-2.9621121517944333,False
57,141,84,-2.962293348083496,False
78,143,65,-2.962318896484375,False
128,144,16,-2.962437037353516,False
75,125,50,-2.962490954284668,False
40,140,100,-2.9626938458251955,False
19,84,65,-2.9627909158325196,False
74,151,77,-2.963031637878418,False
76,135,59,-2.963102263793945,False
29,83,54,-2.963275252380371,False
49,148,99,-2.963338834838867,False
101,117,16,-2.963356562805176,False
8,46,38,-2.9635466177368164,False
56,140,84,-2.963617749023437,False
52,138,86,-2.9636339450073246,False
13,52,39,-2.963666899719238,False
80,144,64,-2.9639106887817386,False
18,135,117,-2.963923503112793,False
44,111,67,-2.964031298828125,False
19,105,86,-2.964042864379883,False
57,112,55,-2.9640882885742186,False
19,104,85,-2.964213204345703,False
14,112,98,-2.964217538757324,False
15,39,24,-2.9646222018432615,False
27,132,105,-2.96467595703125,False
48,141,93,-2.964689985961914,False
87,114,27,-2.9646903405761718,False
53,155,102,-2.9647426126098635,False
23,110,87,-2.9649799920654294,False
25,132,107,-2.9650133374023437,False
26,109,83,-2.965033963623047,False
96,136,40,-2.9650884643554685,False
99,154,55,-2.9651094833374025,False
31,104,73,-2.9653087527465822,False
74,120,46,-2.9653348541259765,False
48,136,88,-2.96535213684082,False
22,38,16,-2.965432903442383,False
4,140,136,-2.9654526026916503,False
11,147,136,-2.965549129333496,False
39,115,76,-2.965574071044922,False
13,61,48,-2.965599507446289,False
72,148,76,-2.9656137130737306,False
50,106,56,-2.965626949462891,False
83,128,45,-2.96591041015625,False
16,134,118,-2.965979318237305,False
6,149,143,-2.9660568130493163,False
48,128,80,-2.9661470135498047,False
25,40,15,-2.9663566326904296,False
7,49,42,-2.966507413330078,False
39,151,112,-2.966635346374512,False
49,128,79,-2.9666516470336917,False
75,136,61,-2.9666884729003904,False
32,103,71,-2.967058174133301,False
45,86,41,-2.9671194442749025,False
58,113,55,-2.9673404306030275,False
23,102,79,-2.967377696838379,False
80,132,52,-2.967454417114258,False
61,128,67,-2.967485384216309,False
87,128,41,-2.967634228820801,False
26,64,38,-2.9676417288208006,False
14,67,53,-2.9676700155639653,False
49,145,96,-2.968124798278809,False
54,141,87,-2.9681384307861327,False
92,146,54,-2.9683263748168947,False
17,134,117,-2.968531768798828,False
52,85,33,-2.968720835876465,False
12,90,78,-2.968934440307617,False
94,154,60,-2.969246982727051,False
50,81,31,-2.9692573623657226,False
53,141,88,-2.9692735397338867,False
40,115,75,-2.9693982168579103,False
14,88,74,-2.9695862503051758,False
126,148,22,-2.969604668884277,False
7,48,41,-2.9697711730957033,False
95,143,48,-2.969780504760742,False
66,110,44,-2.9698046209716797,False
52,120,68,-2.9698084823608397,False
78,111,33,-2.9698178836059568,False
11,102,91,-2.9698857794189455,False
4,73,69,-2.9699651641845706,False
107,151,44,-2.9700443688964846,False
4,146,142,-2.9701004513549805,False
83,130,47,-2.9701545248413086,False
27,89,62,-2.9701627346801756,False
6,148,142,-2.970372314453125,False
49,83,34,-2.970404520263672,False
80,112,32,-2.9705553152465822,False
39,116,77,-2.970563565673828,False
67,110,43,-2.9706447021484377,False
10,61,51,-2.9707930743408206,False
70,143,73,-2.97080268951416,False
65,145,80,-2.971030544128418,False
94,146,52,-2.9710406964111327,False
49,136,87,-2.971096141357422,False
47,106,59,-2.97116680267334,False
77,140,63,-2.9711756036376955,False
79,122,43,-2.971277687988281,False
86,129,43,-2.9713746621704105,False
11,62,51,-2.971464967651367,False
22,77,55,-2.971575796508789,False
12,147,135,-2.971624804992676,False
87,153,66,-2.9718736614990235,False
38,134,96,-2.971890500488281,False
39,70,31,-2.9718905923461914,False
11,46,35,-2.971949519958496,False
70,153,83,-2.972028199157715,False
5,52,47,-2.972111293640137,False
19,66,47,-2.9721789138793944,False
129,152,23,-2.972201291809082,False
26,91,65,-2.972361597595215,False
69,154,85,-2.9725007553100586,False
58,143,85,-2.9725239083862305,False
11,63,52,-2.9725649853515628,False
46,141,95,-2.972579669189453,False
126,149,23,-2.972592156066894,False
131,151,20,-2.9726168945312503,False
16,81,65,-2.972678062438965,False
68,144,76,-2.972684584350586,False
52,104,52,-2.9726866720581056,False
3,69,66,-2.9727448217773436,False
100,135,35,-2.97276229095459,False
61,129,68,-2.9728520666503906,False
4,74,70,-2.972931916809082,False
56,112,56,-2.9729778265380857,False
20,62,42,-2.9730035324096677,False
62,120,58,-2.973511951599121,False
57,149,92,-2.973542401123047,False
76,153,77,-2.9736842742919922,False
80,131,51,-2.9737217156982423,False
40,114,74,-2.9737309973144535,False
50,132,82,-2.9738524325561526,False
131,143,12,-2.9738951484680176,False
111,144,33,-2.9740161712646485,False
50,120,70,-2.9740396759033203,False
27,101,74,-2.974154994812012,False
63,117,54,-2.974670218811035,False
100,154,54,-2.9747277825927734,False
82,132,50,-2.974803056335449,False
39,117,78,-2.9749538610839843,False
29,107,78,-2.9750185470581054,False
39,69,30,-2.97504020324707,False
56,139,83,-2.9750691921997072,False
17,82,65,-2.9751241180419923,False
50,136,86,-2.9751477029418942,False
52,119,67,-2.9751767633056643,False
13,38,25,-2.9753183868408204,False
45,140,95,-2.9755208071899415,False
57,142,85,-2.9755842605590823,False
121,156,35,-2.975630364685059,False
67,122,55,-2.975922189025879,False
63,113,50,-2.9760448471069334,False
60,131,71,-2.976058140869141,False
96,132,36,-2.976083585205078,False
16,65,49,-2.9761475912475586,False
20,103,83,-2.9765016998291016,False
67,141,74,-2.97657099029541,False
55,120,65,-2.976671446838379,False
5,145,140,-2.9768311819458004,False
35,101,66,-2.9769203924560546,False
46,149,103,-2.9770483265686036,False
49,117,68,-2.977129158935547,False
70,154,84,-2.9771292337036135,False
6,38,32,-2.9771615036010743,False
80,125,45,-2.9771790335083006,False
21,80,59,-2.97718704498291,False
32,104,72,-2.977419803161621,False
84,153,69,-2.977725773010254,False
80,141,61,-2.97778944152832,False
5,139,134,-2.9778431156921386,False
56,151,95,-2.978002837524414,False
35,117,82,-2.978132998046875,False
76,137,61,-2.9783244204711914,False
93,144,51,-2.9783369650268554,False
76,140,64,-2.9785113330078126,False
10,102,92,-2.9786131311035158,False
99,138,39,-2.978689448547363,False
47,117,70,-2.978762660522461,False
92,144,52,-2.9792341119384766,False
88,128,40,-2.9792356787109378,False
3,142,139,-2.97925218963623,False
84,130,46,-2.979273973083496,False
15,146,131,-2.9792788232421876,False
48,149,101,-2.979331624755859,False
77,143,66,-2.979390662536621,False
60,120,60,-2.9795146322631836,False
22,110,88,-2.9795723181152343,False
18,103,85,-2.9796845040893554,False
93,146,53,-2.9799035656738284,False
46,110,64,-2.979922233886719,False
59,120,61,-2.9800042764282226,False
18,138,120,-2.980035658874512,False
35,118,83,-2.980058817443848,False
87,115,28,-2.9800667776489256,False
101,154,53,-2.9800834344482423,False
78,137,59,-2.980116112670898,False
80,130,50,-2.980208654785156,False
21,134,113,-2.980446742858887,False
80,136,56,-2.9805290274047853,False
68,147,79,-2.980534120483399,False
7,36,29,-2.9806761642456054,False
64,116,52,-2.9808198944091795,False
74,110,36,-2.98100783203125,False
89,121,32,-2.981091845703125,False
3,53,50,-2.9812270892333985,False
84,128,44,-2.981448129577637,False
8,82,74,-2.9814773989868164,False
61,117,56,-2.98151792388916,False
86,116,30,-2.9816636181640623,False
89,127,38,-2.9817910037231448,False
16,102,86,-2.98180969329834,False
82,136,54,-2.981817434692383,False
11,89,78,-2.9820219314575196,False
57,107,50,-2.9821389440917967,False
48,142,94,-2.9822261196899413,False
91,121,30,-2.9823903646850587,False
91,149,58,-2.9824373892211917,False
37,139,102,-2.9824876705932617,False
52,113,61,-2.982539836425781,False
48,90,42,-2.9827404580688475,False
16,66,50,-2.98289841796875,False
82,143,61,-2.983053946838379,False
85,153,68,-2.983166289367676,False
60,117,57,-2.983362917175293,False
77,117,40,-2.983540760192871,False
74,136,62,-2.9837460476684567,False
76,115,39,-2.98396106048584,False
67,143,76,-2.9839752560424806,False
85,129,44,-2.984049332275391,False
53,153,100,-2.984095722045898,False
51,150,99,-2.9841060031127933,False
70,142,72,-2.9843405532836913,False
9,46,37,-2.984370208129883,False
46,143,97,-2.984383946533203,False
28,107,79,-2.984459728393555,False
48,140,92,-2.9844922943115235,False
78,147,69,-2.98456311706543,False
89,129,40,-2.98460479309082,False
53,139,86,-2.984667105407715,False
104,137,33,-2.9848364871215822,False
17,39,22,-2.9849241278076173,False
58,151,93,-2.985110649719238,False
14,37,23,-2.985119631652832,False
65,122,57,-2.9855271463012696,False
68,152,84,-2.9855305273437502,False
65,119,54,-2.985610559387207,False
74,150,76,-2.985757929077148,False
81,123,42,-2.985835746459961,False
53,128,75,-2.985954928588867,False
48,116,68,-2.9861913479614257,False
78,117,39,-2.9862520626831057,False
23,75,52,-2.9863284564208987,False
89,149,60,-2.98633953125,False
83,144,61,-2.986409530944824,False
49,106,57,-2.986419259643555,False
92,152,60,-2.986465350036621,False
79,125,46,-2.9864709521484376,False
41,140,99,-2.986472124328613,False
53,118,65,-2.9864839959716796,False
6,54,48,-2.9866245361328128,False
34,127,93,-2.9866281167602535,False
21,81,60,-2.9866405401611327,False
20,66,46,-2.9866509323120116,False
13,41,28,-2.9866588244628907,False
99,134,35,-2.9870352456665037,False
28,64,36,-2.9870435494995116,False
77,123,46,-2.9870721392822266,False
27,85,58,-2.9870955029296873,False
58,119,61,-2.9871711364746094,False
17,133,116,-2.987177144470215,False
73,120,47,-2.9872539880371094,False
69,153,84,-2.987292777099609,False
52,145,93,-2.98731727935791,False
17,90,73,-2.9873733236694333,False
67,145,78,-2.9875099719238283,False
16,79,63,-2.9875664227294925,False
59,151,92,-2.9878917175292967,False
111,142,31,-2.9879475729370117,False
11,48,37,-2.9880612615966795,False
60,137,77,-2.9881498664855957,False
87,122,35,-2.9881574642944337,False
60,138,78,-2.9882657331848144,False
77,129,52,-2.9882922161865233,False
16,83,67,-2.988467258605957,False
54,144,90,-2.9885279718017577,False
57,143,86,-2.988741622314453,False
12,89,77,-2.9889481454467774,False
39,150,111,-2.989028405151367,False
53,154,101,-2.9890725604248045,False
53,109,56,-2.9890912243652346,False
14,58,44,-2.9891950849914553,False
31,80,49,-2.9893215921020504,False
2,64,62,-2.9893505462646486,False
3,62,59,-2.9893689593505863,False
71,121,50,-2.989433099975586,False
53,140,87,-2.989610964050293,False
51,103,52,-2.989668585205078,False
80,155,75,-2.989670294799805,False
39,149,110,-2.9898132257080077,False
71,153,82,-2.9898485055541992,False
8,87,79,-2.989897758483887,False
60,118,58,-2.9899706460571287,False
17,80,63,-2.990056774597168,False
82,153,71,-2.9901459783935547,False
76,118,42,-2.9903382049560547,False
29,120,91,-2.990510740661621,False
40,151,111,-2.9909171920776365,False
61,130,69,-2.990960651550293,False
66,118,52,-2.9909918124389647,False
129,143,14,-2.9910785510253906,False
24,101,77,-2.9910914981079104,False
111,146,35,-2.991124525756836,False
67,119,52,-2.9912679614257813,False
23,67,44,-2.9915440890502927,False
30,82,52,-2.9915466857910156,False
78,146,68,-2.9916909744262696,False
58,149,91,-2.991738510131836,False
39,142,103,-2.9917425646972657,False
91,153,62,-2.9917629315185548,False
66,143,77,-2.991797731628418,False
91,117,26,-2.991888461914063,False
7,80,73,-2.9920169345092775,False
21,78,57,-2.9920735061645507,False
58,150,92,-2.992142738037109,False
27,87,60,-2.9924134573364256,False
34,118,84,-2.9924189263916015,False
68,151,83,-2.9924209982299805,False
13,91,78,-2.9924477600097656,False
81,142,61,-2.9929512130737304,False
12,45,33,-2.9929512228393556,False
74,134,60,-2.9930379681396486,False
19,82,63,-2.9930439532470703,False
54,114,60,-2.993145700378418,False
77,112,35,-2.99316219543457,False
108,150,42,-2.9932874072265627,False
51,113,62,-2.99340094543457,False
81,144,63,-2.993669196166992,False
52,105,53,-2.9936723767089846,False
21,131,110,-2.9936898751831054,False
54,154,100,-2.993691231994629,False
4,64,60,-2.993773748779297,False
74,145,71,-2.99377683013916,False
66,141,75,-2.993857629699707,False
83,143,60,-2.994061491699219,False
37,77,40,-2.994077449645996,False
79,143,64,-2.994121184997559,False
49,146,97,-2.994143412475586,False
108,138,30,-2.9944664321899412,False
67,152,85,-2.994503148803711,False
90,154,64,-2.994563233947754,False
14,102,88,-2.9946149420166015,False
36,119,83,-2.9946699530029295,False
12,135,123,-2.99474860168457,False
4,69,65,-2.994961918334961,False
10,67,57,-2.9949854693603517,False
57,115,58,-2.995115688476562,False
80,111,31,-2.9951674505615236,False
13,101,88,-2.9951805253601074,False
16,58,42,-2.9951944250488283,False
80,116,36,-2.995207091674805,False
46,140,94,-2.9952831658935546,False
18,137,119,-2.9956820700073243,False
70,145,75,-2.9959848468017576,False
93,150,57,-2.9964644064331054,False
60,136,76,-2.9964715759277345,False
65,146,81,-2.9965072958374024,False
101,137,36,-2.996582551574707,False
11,80,69,-2.9965829614257813,False
4,63,59,-2.9966110699462893,False
59,117,58,-2.9968669775390624,False
87,131,44,-2.9968677883911132,False
95,136,41,-2.996912502746582,False
83,153,70,-2.997020302734375,False
78,128,50,-2.9972283624267577,False
128,152,24,-2.997243854675293,False
97,138,41,-2.9973296447753905,False
86,130,44,-2.9973362771606444,False
74,112,38,-2.997374170837402,False
23,128,105,-2.997396583557129,False
28,85,57,-2.9975753103637692,False
8,83,75,-2.9976018493652345,False
39,71,32,-2.9977533963012695,False
93,141,48,-2.9977895193481445,False
76,108,32,-2.997827272338867,False
7,42,35,-2.997907048034668,False
11,81,70,-2.9980141928100585,False
13,53,40,-2.998111979370117,False
88,115,27,-2.9981307931518555,False
25,124,99,-2.9981686929321287,False
34,124,90,-2.998173819885254,False
87,123,36,-2.9982864489746093,False
2,58,56,-2.998511711730957,False
3,144,141,-2.9987950578308107,False
72,153,81,-2.9988053820800777,False
97,137,40,-2.998834765625,False
68,140,72,-2.9988419598388676,False
76,130,54,-2.998875620727539,False
57,111,54,-2.998891129760742,False
51,155,104,-2.998895771484375,False
25,125,100,-2.9990188385009766,False
17,83,66,-2.9991477032470706,False
81,128,47,-2.9992087158203127,False
56,103,47,-2.9993004446411136,False
74,149,75,-2.9994497048950195,False
75,109,34,-2.999625640869141,False
81,151,70,-2.999753857421875,False
6,48,42,-2.9999850598144535,False
10,48,38,-3.000009961853027,False
76,127,51,-3.0000857501220706,False
34,79,45,-3.0000925283813475,False
62,113,51,-3.0000950631713867,False
59,141,82,-3.0001664157104493,False
48,139,91,-3.0001685073852538,False
106,119,13,-3.0002380281066894,False
77,145,68,-3.000363899230957,False
81,139,58,-3.0005240893554688,False
75,120,45,-3.0005879193115232,False
67,108,41,-3.0006237817382813,False
6,50,44,-3.00070058013916,False
74,129,55,-3.0007834387207035,False
28,101,73,-3.000989354248047,False
39,68,29,-3.0010224975585937,False
71,154,83,-3.0011211660766604,False
51,128,77,-3.0012049337768554,False
5,69,64,-3.0013998025512696,False
39,140,101,-3.001435055541992,False
59,149,90,-3.0015424844360354,False
77,114,37,-3.0018890829467773,False
49,152,103,-3.00201268371582,False
39,138,99,-3.0020820687866214,False
91,119,28,-3.002144256591797,False
92,150,58,-3.0021719738769534,False
75,147,72,-3.002266080322266,False
80,137,57,-3.002272268066406,False
95,145,50,-3.0024190335083007,False
9,135,126,-3.002423486328125,False
49,137,88,-3.0024731381225584,False
56,143,87,-3.0024797790527344,False
5,78,73,-3.0025266748046873,False
55,152,97,-3.0025307678222655,False
87,144,57,-3.0026086544799804,False
81,132,51,-3.002611031188965,False
17,141,124,-3.002643645019531,False
63,116,53,-3.002782063293457,False
61,138,77,-3.0029405332946775,False
107,150,43,-3.0029544259643552,False
87,129,42,-3.00300287109375,False
88,133,45,-3.0030506787109372,False
33,79,46,-3.003280696411133,False
85,114,29,-3.003646555480957,False
33,105,72,-3.0036732434082034,False
38,140,102,-3.0038885076904296,False
100,136,36,-3.0039380224609373,False
62,142,80,-3.004145182800293,False
11,60,49,-3.0042360607910155,False
79,153,74,-3.0042829803466793,False
59,119,60,-3.004371947631836,False
52,121,69,-3.0044140423583983,False
74,135,61,-3.004462172241211,False
39,118,79,-3.0045467349243165,False
25,38,13,-3.0046257199096678,False
23,37,14,-3.004753582458496,False
11,51,40,-3.0047704183959962,False
121,157,36,-3.0047829165649413,False
76,116,40,-3.004831791381836,False
57,119,62,-3.0049133377075194,False
89,145,56,-3.004915173034668,False
58,137,79,-3.0049730178833007,False
68,120,52,-3.005199509887695,False
97,131,34,-3.005294624633789,False
39,143,104,-3.0053547817993165,False
83,114,31,-3.0053755895996095,False
12,36,24,-3.005412968444824,False
75,135,60,-3.0055228079223633,False
88,123,35,-3.0055333450317385,False
56,111,55,-3.0055841589355468,False
48,138,90,-3.0056200753784177,False
85,123,38,-3.0060072567749025,False
11,38,27,-3.0062071417236327,False
36,116,80,-3.0062280072021483,False
76,138,62,-3.0062401126098637,False
45,143,98,-3.006383049926758,False
13,62,49,-3.0066752947998046,False
8,137,129,-3.006703892822266,False
78,123,45,-3.006705165405273,False
22,76,54,-3.006974984741211,False
73,123,50,-3.0070032025146487,False
75,112,37,-3.0070113647460937,False
95,137,42,-3.0071101821899413,False
77,125,48,-3.007357437438965,False
96,150,54,-3.0074181564331055,False
82,123,41,-3.0074712225341798,False
21,111,90,-3.0076138247680664,False
66,145,79,-3.0076762954711915,False
16,113,97,-3.00775900390625,False
80,135,55,-3.007804259033203,False
62,138,76,-3.0078059419250485,False
21,104,83,-3.007926133728027,False
14,79,65,-3.0079625033569335,False
7,54,47,-3.008120477294922,False
10,63,53,-3.0081326821899412,False
79,145,66,-3.008175644226074,False
17,84,67,-3.0082090032958986,False
52,127,75,-3.008429267883301,False
37,101,64,-3.0084310858154297,False
12,64,52,-3.0084453726196285,False
61,111,50,-3.0086989894104006,False
12,42,30,-3.0087332431030274,False
23,74,51,-3.008881606750488,False
47,143,96,-3.008926428833008,False
45,111,66,-3.0089332778930666,False
21,77,56,-3.0089460742187497,False
47,115,68,-3.0091964294433593,False
50,150,100,-3.009466744995117,False
9,49,40,-3.009512344055176,False
6,73,67,-3.0095319244384764,False
27,107,80,-3.009544463806152,False
76,144,68,-3.0097309231567384,False
53,144,91,-3.010053529968262,False
57,120,63,-3.010053727111816,False
96,143,47,-3.0100571517944337,False
14,146,132,-3.010137348937988,False
74,133,59,-3.010209904174805,False
65,116,51,-3.010460233154297,False
25,37,12,-3.010465441894531,False
23,129,106,-3.0104716513061525,False
74,140,66,-3.010645465698242,False
91,127,36,-3.0106462603759767,False
81,141,60,-3.0107857080078126,False
97,132,35,-3.0107921408081055,False
76,109,33,-3.0108834341430666,False
63,125,62,-3.0109032458496094,False
62,124,62,-3.010906943664551,False
58,120,62,-3.0111527478027345,False
59,133,74,-3.011225955200195,False
53,110,57,-3.011260697937012,False
76,143,67,-3.0112809735107424,False
84,131,47,-3.0113187149047853,False
5,64,59,-3.0113607360839842,False
17,85,68,-3.0113933639526365,False
48,118,70,-3.0114338967895504,False
30,63,33,-3.011534479064941,False
64,130,66,-3.0115459399414064,False
10,66,56,-3.011590851135254,False
84,134,50,-3.0117342944335936,False
6,40,34,-3.011893778076172,False
25,126,101,-3.011957410583496,False
62,121,59,-3.0119859786987306,False
91,145,54,-3.0119951095581055,False
96,137,41,-3.01202434387207,False
90,120,30,-3.012139554748535,False
65,141,76,-3.0122204223632814,False
84,123,39,-3.0122218811035157,False
50,151,101,-3.0122575701904295,False
70,136,66,-3.0123519534301755,False
60,132,72,-3.01241375,False
54,147,93,-3.0124341122436524,False
63,130,67,-3.0129459802246097,False
119,157,38,-3.0129697409057616,False
10,54,44,-3.013115281066894,False
82,145,63,-3.0132798422241214,False
12,102,90,-3.0133255685424807,False
66,126,60,-3.013357567138672,False
2,63,61,-3.013390721130371,False
57,114,57,-3.0135170919799803,False
47,149,102,-3.01364197845459,False
19,88,69,-3.0136429934692384,False
59,134,75,-3.0136604391479493,False
40,150,110,-3.0137344705200197,False
54,142,88,-3.0137788467407227,False
35,77,42,-3.0137830407714845,False
84,154,70,-3.013823670959473,False
46,84,38,-3.013843547668457,False
45,139,94,-3.0138888690185546,False
62,111,49,-3.013931283569336,False
55,150,95,-3.013997940979004,False
51,82,31,-3.014055773925781,False
52,129,77,-3.0140667922973634,False
83,155,72,-3.0141229998779293,False
86,122,36,-3.0143661871337892,False
18,136,118,-3.0145989727783205,False
96,149,53,-3.0146146200561525,False
35,64,29,-3.0146560546875003,False
83,122,39,-3.014683868713379,False
4,68,64,-3.014758163146973,False
51,119,68,-3.0148358865356446,False
27,86,59,-3.0148466882324216,False
65,142,77,-3.0149464614868164,False
39,75,36,-3.014954595031738,False
58,108,50,-3.0149634539794925,False
52,146,94,-3.015148866882324,False
24,76,52,-3.0152120928955077,False
62,123,61,-3.015280556640625,False
58,141,83,-3.0153186471557616,False
14,87,73,-3.0154083081054686,False
91,118,27,-3.0154369595336914,False
52,153,101,-3.0155203991699215,False
83,123,40,-3.015703627319336,False
4,76,72,-3.015717985229492,False
68,150,82,-3.0157777197265623,False
55,149,94,-3.015886385498047,False
57,139,82,-3.0159470632934573,False
105,118,13,-3.015995654296875,False
48,117,69,-3.0160636822509765,False
55,110,55,-3.016212178039551,False
59,128,69,-3.0163059899902342,False
69,106,37,-3.016355280456543,False
4,60,56,-3.0165161480712888,False
2,57,55,-3.0165468411254883,False
90,129,39,-3.016787848205566,False
20,89,69,-3.016823758239746,False
15,67,52,-3.016879189453125,False
38,139,101,-3.017005894775391,False
30,81,51,-3.0170075579833986,False
88,144,56,-3.0170345184326175,False
26,66,40,-3.0170459634399416,False
21,79,58,-3.0171174432373045,False
111,143,32,-3.0171462307739256,False
76,132,56,-3.0172180087280274,False
26,101,75,-3.0172213928222655,False
36,99,63,-3.0172639105224612,False
5,53,48,-3.0174679690551756,False
11,66,55,-3.017507229309082,False
74,116,42,-3.0175233612060546,False
51,127,76,-3.0177176348876955,False
65,120,55,-3.0177296502685547,False
4,141,137,-3.0177834437561035,False
40,149,109,-3.0178855783081056,False
57,108,51,-3.01789121383667,False
89,154,65,-3.018000360412598,False
83,115,32,-3.018253405456543,False
83,140,57,-3.0182699053955075,False
56,115,59,-3.018358452758789,False
62,125,63,-3.0184552337646484,False
21,110,89,-3.0184778164672847,False
85,130,45,-3.0186552102661133,False
86,134,48,-3.0187031738281247,False
87,155,68,-3.018761063232422,False
12,81,69,-3.018814430541992,False
72,140,68,-3.0188882974243163,False
74,115,41,-3.0189240631103518,False
47,107,60,-3.0189727423095705,False
77,147,70,-3.018992911682129,False
75,137,62,-3.0192862200927735,False
11,36,25,-3.0193659317016603,False
70,113,43,-3.0194194567871095,False
99,139,40,-3.0195294467163087,False
70,119,49,-3.019620397949219,False
16,143,127,-3.019634605102539,False
67,153,86,-3.0196772842407227,False
7,72,65,-3.0198977438354495,False
12,62,50,-3.0201530975341795,False
66,150,84,-3.0202162591552737,False
86,143,57,-3.0203765307617187,False
71,119,48,-3.0204554153442382,False
67,123,56,-3.020575098266602,False
51,120,69,-3.0209637612915037,False
135,147,12,-3.0209912973022464,False
64,139,75,-3.021371332702637,False
74,148,74,-3.0215678421020504,False
63,123,60,-3.021579506530762,False
13,40,27,-3.0216973464965817,False
51,145,94,-3.0217300311279294,False
71,113,42,-3.0217324179077147,False
31,120,89,-3.021798478088379,False
86,145,59,-3.021867677001953,False
47,141,94,-3.021990539855957,False
47,90,43,-3.0221936334228516,False
66,113,47,-3.022342925415039,False
72,143,71,-3.022375509033203,False
59,127,68,-3.0223808700561525,False
91,120,29,-3.022381312866211,False
52,84,32,-3.022594136352539,False
81,131,50,-3.022811184387207,False
82,144,62,-3.022815378112793,False
102,152,50,-3.0228905419921874,False
19,65,46,-3.0228946621704105,False
3,143,140,-3.0229157009887695,False
75,127,52,-3.0229446203613284,False
23,76,53,-3.022974133605957,False
64,123,59,-3.023430675354004,False
72,136,64,-3.0237273071289064,False
52,83,31,-3.0238257537841795,False
22,103,81,-3.02393520904541,False
48,143,95,-3.0239358517456054,False
25,77,52,-3.023969280090332,False
130,143,13,-3.024045815124512,False
110,140,30,-3.0240526193237303,False
71,116,45,-3.0240947525024415,False
62,127,65,-3.0241894528198245,False
78,124,46,-3.024190153503418,False
56,105,49,-3.0242472259521485,False
51,121,70,-3.0244169702148436,False
80,118,38,-3.0246828811645505,False
91,143,52,-3.024762798461914,False
128,145,17,-3.024778046569824,False
61,114,53,-3.0248156112670896,False
12,54,42,-3.0248672680664064,False
89,140,51,-3.0249971392822266,False
57,140,83,-3.0249985156249997,False
66,122,56,-3.0250391394042966,False
66,142,76,-3.0250550466918944,False
50,128,78,-3.0252561895751953,False
21,90,69,-3.0252622393798827,False
14,145,131,-3.0254091735839843,False
82,122,40,-3.025418773498535,False
81,118,37,-3.0254772064208986,False
38,65,27,-3.025594184875488,False
10,49,39,-3.0257790802001954,False
72,154,82,-3.0258725103759767,False
39,76,37,-3.0259209664916993,False
75,153,78,-3.0259280938720705,False
59,136,77,-3.0259373413085937,False
77,121,44,-3.0262408200073243,False
11,136,125,-3.0262472647094727,False
8,64,56,-3.0263319525146484,False
77,119,42,-3.0263716873168947,False
26,132,106,-3.0265861865234376,False
15,145,130,-3.026611921386719,False
19,80,61,-3.0266347674560548,False
51,105,54,-3.0268252038574217,False
86,132,46,-3.0268347772216795,False
10,64,54,-3.0268922482299803,False
80,138,58,-3.026907145690918,False
6,41,35,-3.0269719345092776,False
68,121,53,-3.027143557434082,False
19,79,60,-3.027251012878418,False
95,144,49,-3.027391099853516,False
54,107,53,-3.027470481567383,False
20,77,57,-3.027506291503906,False
80,153,73,-3.027607439880371,False
51,151,100,-3.0276559225463866,False
86,144,58,-3.0276879318237304,False
12,146,134,-3.0277255014038085,False
8,81,73,-3.02785341217041,False
13,147,134,-3.0279329846191407,False
15,136,121,-3.02807700012207,False
82,131,49,-3.0281555862426757,False
6,49,43,-3.0283773724365233,False
71,138,67,-3.028396921386719,False
76,123,47,-3.0284316928100585,False
71,110,39,-3.028559265136719,False
82,155,73,-3.02861769317627,False
77,152,75,-3.0286204568481443,False
86,131,45,-3.0288168338012698,False
72,118,46,-3.0289759573364257,False
59,137,78,-3.0292489053344727,False
51,112,61,-3.029280993347168,False
33,99,66,-3.029403494567871,False
100,138,38,-3.0294896600341796,False
58,142,84,-3.0296584790039063,False
70,137,67,-3.0296617639160157,False
20,90,70,-3.029705953979492,False
74,127,53,-3.029746421813965,False
20,112,92,-3.029779754638672,False
47,114,67,-3.0299106478881837,False
54,140,86,-3.0299673931884765,False
49,112,63,-3.0301105355834963,False
33,129,96,-3.0303139636230467,False
72,144,72,-3.030326854858399,False
52,81,29,-3.0303895922851565,False
72,113,41,-3.0304823678588866,False
54,139,85,-3.030518712158203,False
127,151,24,-3.030579075012207,False
47,142,95,-3.030626069641113,False
88,130,42,-3.0307126803588864,False
56,116,60,-3.030747491760254,False
13,39,26,-3.030790394897461,False
16,40,24,-3.0308312716674806,False
26,77,51,-3.0309201440429687,False
49,118,69,-3.0309860937499997,False
79,137,58,-3.031013800048828,False
36,118,82,-3.0310408914184572,False
96,144,48,-3.0311100311279295,False
67,140,73,-3.0311117098999025,False
10,135,125,-3.031123918762207,False
100,139,39,-3.0311276428222653,False
63,129,66,-3.0311766244506835,False
22,75,53,-3.031237868041992,False
55,109,54,-3.0312942874145508,False
75,108,33,-3.0314128784179686,False
64,140,76,-3.031637013244629,False
58,135,77,-3.0318128228759766,False
37,102,65,-3.032017420654297,False
75,138,63,-3.0320608847045896,False
57,118,61,-3.032089851074219,False
83,145,62,-3.0321310473632814,False
76,139,63,-3.0322986846923827,False
24,129,105,-3.032644416809082,False
76,131,55,-3.0327010272216794,False
60,135,75,-3.0327800289916995,False
72,119,47,-3.033090726013184,False
98,154,56,-3.0332360748291016,False
82,135,53,-3.0335467572021484,False
57,117,60,-3.0335854559326174,False
79,117,38,-3.033778341369629,False
83,116,33,-3.033833642883301,False
52,150,98,-3.033968151855469,False
90,127,37,-3.0341880221557616,False
63,124,61,-3.0342278591918945,False
48,106,58,-3.0343715689086914,False
85,155,70,-3.034389073486328,False
80,124,44,-3.0344232791137697,False
81,122,41,-3.0344258215332034,False
49,113,64,-3.0344306408691404,False
53,143,90,-3.0346474612426757,False
22,78,56,-3.0348283084106447,False
7,66,59,-3.034834167175293,False
49,144,95,-3.034851813354492,False
12,60,48,-3.0349761685180665,False
132,152,20,-3.035099084472656,False
73,136,63,-3.035222473449707,False
67,149,82,-3.035223327636719,False
9,105,96,-3.0353090856933593,False
129,151,22,-3.0354087814331057,False
55,119,64,-3.0356350741577147,False
63,139,76,-3.035676217956543,False
84,129,45,-3.0356773666381835,False
75,129,54,-3.0358532257080078,False
23,41,18,-3.0358903945922853,False
79,154,75,-3.0359151055908202,False
49,89,40,-3.0360452893066405,False
75,115,40,-3.03644584777832,False
34,104,70,-3.0365166845703127,False
63,111,48,-3.0369183081054687,False
83,129,46,-3.0370813711547853,False
134,151,17,-3.037086703491211,False
85,115,30,-3.037208509216309,False
87,143,56,-3.0373450463867186,False
67,150,83,-3.037370665283203,False
88,121,33,-3.0374021215820313,False
37,67,30,-3.0375562890624996,False
62,118,56,-3.037602054748535,False
46,85,39,-3.037623503112793,False
59,150,91,-3.0377895227050784,False
61,139,78,-3.037841722869873,False
82,152,70,-3.037855498046875,False
64,125,61,-3.037872529602051,False
4,77,73,-3.037897738952637,False
77,150,73,-3.037951389160156,False
74,124,50,-3.038012533874512,False
24,38,14,-3.0381220501708985,False
75,130,55,-3.0381772576904296,False
74,137,63,-3.0382059393310548,False
63,120,57,-3.0382459045410157,False
12,82,70,-3.038355081176758,False
46,111,65,-3.038596283569336,False
86,154,68,-3.0387126934814455,False
69,140,71,-3.0387351181030273,False
86,123,37,-3.0388043841552737,False
126,147,21,-3.0389432833862307,False
74,130,56,-3.038958757019043,False
74,118,44,-3.0391067874145508,False
59,142,83,-3.0391482424926757,False
3,60,57,-3.03934252532959,False
8,51,43,-3.039373707733154,False
102,137,35,-3.03938615814209,False
89,144,55,-3.0393954290771483,False
36,103,67,-3.0394578802490235,False
18,65,47,-3.0395270349121093,False
26,108,82,-3.039579356994629,False
6,69,63,-3.039776447143555,False
53,142,89,-3.0398288140869143,False
54,116,62,-3.0399310748291013,False
3,68,65,-3.0399514764404296,False
135,149,14,-3.0400264135742185,False
74,119,45,-3.0400584115600586,False
80,142,62,-3.0401923944091798,False
23,68,45,-3.040207272644043,False
11,43,32,-3.04040125579834,False
127,146,19,-3.0405249349975585,False
63,138,75,-3.0405325021362306,False
64,120,56,-3.0405428973388675,False
81,153,72,-3.0406158987426757,False
47,112,65,-3.0406369985961916,False
84,144,60,-3.0408034661865235,False
36,64,28,-3.0408835104370118,False
59,116,57,-3.0409956753540035,False
82,137,55,-3.0410069418334964,False
56,110,54,-3.041010251159668,False
11,54,43,-3.0410162185668943,False
61,134,73,-3.0410431637573243,False
89,141,52,-3.04121405670166,False
90,145,55,-3.04127576171875,False
51,144,93,-3.041297928161621,False
91,142,51,-3.0413377947998046,False
26,124,98,-3.0414114834594725,False
11,84,73,-3.0414189755249024,False
65,154,89,-3.041573878479004,False
9,136,127,-3.0416072564697267,False
50,82,32,-3.0416322311401367,False
96,134,38,-3.0419855151367186,False
81,155,74,-3.04198752746582,False
51,106,55,-3.0421445837402343,False
71,135,64,-3.042186527709961,False
87,132,45,-3.042202186584473,False
75,116,41,-3.042287370910645,False
13,36,23,-3.042334565124512,False
32,64,32,-3.0424092150878908,False
88,143,55,-3.0426096240234375,False
81,129,48,-3.0427063476562504,False
9,43,34,-3.0427834002685548,False
80,123,43,-3.04279400970459,False
78,152,74,-3.042980549621582,False
39,139,100,-3.042985796813965,False
24,109,85,-3.0429909213256834,False
66,119,53,-3.0432703482055663,False
77,146,69,-3.0432759213256837,False
50,89,39,-3.043312957763672,False
50,137,87,-3.0437462921142577,False
59,118,59,-3.0439043453979493,False
54,152,98,-3.04391167388916,False
64,117,53,-3.043957724609375,False
75,140,65,-3.0442125305175782,False
19,78,59,-3.044370443725586,False
71,107,36,-3.0443729052734376,False
52,154,102,-3.0445362509155274,False
50,147,97,-3.044542166748047,False
12,109,97,-3.044594938354492,False
72,142,70,-3.044626625061035,False
54,118,64,-3.0446510430908207,False
75,146,71,-3.0448311328125,False
97,142,45,-3.044846963195801,False
32,101,69,-3.0449005725097655,False
75,118,43,-3.0449806369018555,False
54,151,97,-3.0451193505859377,False
82,142,60,-3.0451691061401367,False
14,39,25,-3.045274550170898,False
8,43,35,-3.045428036804199,False
24,127,103,-3.0454878375244143,False
23,77,54,-3.045708040466309,False
18,67,49,-3.045710788574219,False
7,52,45,-3.045761392211914,False
84,151,67,-3.0458743298339845,False
74,144,70,-3.0460891510009764,False
40,139,99,-3.0462427935791014,False
4,144,140,-3.0462928466796875,False
5,67,62,-3.0463376623535154,False
71,117,46,-3.0463845834350587,False
55,114,59,-3.0465317349243164,False
20,81,61,-3.046718520202637,False
76,117,41,-3.04676311920166,False
9,50,41,-3.0467902682495116,False
24,131,107,-3.046858528137207,False
98,131,33,-3.046885131530762,False
68,149,81,-3.0470709951782227,False
17,67,50,-3.04708556640625,False
20,134,114,-3.0472091229248046,False
98,139,41,-3.047288165588379,False
50,119,69,-3.0472899081420897,False
81,130,49,-3.047301414489746,False
10,55,45,-3.047487626037598,False
74,147,73,-3.0475517318725585,False
79,138,59,-3.0475819485473634,False
7,63,56,-3.0476561056518556,False
68,106,38,-3.047675441894531,False
95,133,38,-3.04772395111084,False
33,128,95,-3.047909999389648,False
5,65,60,-3.0479391717529296,False
98,132,34,-3.048097377319336,False
76,120,44,-3.048118087463379,False
64,113,49,-3.0481303222656253,False
56,119,63,-3.0481971942138673,False
75,142,67,-3.0482601696777345,False
59,143,84,-3.0482745767211914,False
15,144,129,-3.0483188342285157,False
71,149,78,-3.048339045715332,False
7,50,43,-3.04837669342041,False
19,133,114,-3.048423815917969,False
25,109,84,-3.0485059060668944,False
67,151,84,-3.0485186807250977,False
53,150,97,-3.048772215576172,False
5,146,141,-3.0488115716552735,False
53,151,98,-3.048867987060547,False
8,52,44,-3.0489462142944337,False
67,155,88,-3.048999020385742,False
24,41,17,-3.0490199310302737,False
69,121,52,-3.0491004385375975,False
50,116,66,-3.049112755432129,False
129,144,15,-3.0491268124389648,False
77,128,51,-3.049141361694336,False
22,81,59,-3.049235157470703,False
62,141,79,-3.04973345703125,False
13,82,69,-3.0497478024291995,False
53,117,64,-3.049898705444336,False
88,153,65,-3.0499001126098633,False
19,134,115,-3.0499558087158203,False
90,119,29,-3.0499645413208007,False
77,142,65,-3.050051232910156,False
84,140,56,-3.050092031555176,False
50,110,60,-3.0501436904907226,False
84,114,30,-3.0503001019287113,False
63,121,58,-3.0503851272583007,False
6,64,58,-3.0504721667480466,False
49,138,89,-3.0504797604370117,False
30,119,89,-3.0505461645507816,False
78,141,63,-3.0507300909423827,False
76,112,36,-3.0508453720092774,False
100,140,40,-3.0508508920288087,False
68,107,39,-3.0509103955078123,False
48,84,36,-3.0509489739990237,False
6,52,46,-3.0510058016967774,False
20,79,59,-3.0510687692260743,False
71,139,68,-3.051098341979981,False
106,117,11,-3.05118396774292,False
91,154,63,-3.0512701135253906,False
70,116,46,-3.0513625009155274,False
8,45,37,-3.0513930010986328,False
69,147,78,-3.0514479431152344,False
21,89,68,-3.0515621603393557,False
70,106,36,-3.0516838897705076,False
88,140,52,-3.051825239562988,False
76,129,53,-3.0518717211914064,False
25,39,14,-3.051883972473145,False
64,124,60,-3.0519031408691406,False
74,111,37,-3.051979375610352,False
68,123,55,-3.052023038330078,False
25,76,51,-3.0521688504028317,False
66,153,87,-3.052237019958496,False
67,142,75,-3.0524176983642577,False
10,103,93,-3.052446468811035,False
52,111,59,-3.052464504089355,False
3,63,60,-3.052481777954102,False
77,139,62,-3.052483663024902,False
29,101,72,-3.0525107815551755,False
54,143,89,-3.0525934875488283,False
14,68,54,-3.052657002868652,False
53,149,96,-3.05266124420166,False
71,147,76,-3.0528841833496094,False
87,134,47,-3.05338065612793,False
55,112,57,-3.0534238067626953,False
63,112,49,-3.0535260653686525,False
58,138,80,-3.053615414428711,False
106,151,45,-3.053829491882324,False
50,114,64,-3.054005914001465,False
3,55,52,-3.0540864260864256,False
89,130,41,-3.054202532348633,False
60,116,56,-3.054241993408203,False
82,151,69,-3.0547491867065433,False
75,132,57,-3.054895530395508,False
68,141,73,-3.054909934692383,False
7,68,61,-3.054984485778809,False
12,67,55,-3.055053469543457,False
92,148,56,-3.0550624630737304,False
96,152,56,-3.0550978170776366,False
2,56,54,-3.0552722717285157,False
50,145,95,-3.0552875286865233,False
80,154,74,-3.0553061215209962,False
65,117,52,-3.0553604421997074,False
66,151,85,-3.0555599127197266,False
60,139,79,-3.055736778869629,False
29,82,53,-3.055766665649414,False
79,142,63,-3.0558869073486328,False
31,122,91,-3.0558889794921873,False
61,137,76,-3.055931419525147,False
85,148,63,-3.055950737915039,False
90,117,27,-3.0566667669677736,False
73,135,62,-3.0567989096069335,False
14,69,55,-3.057011366271973,False
13,60,47,-3.0571449435424802,False
84,152,68,-3.057222306518555,False
85,131,46,-3.0574174392700195,False
16,37,21,-3.057631199645996,False
76,125,49,-3.05766234161377,False
92,151,59,-3.057670538635254,False
63,127,64,-3.05804400390625,False
65,121,56,-3.0580787268066407,False
97,136,39,-3.058244819946289,False
58,116,58,-3.058263405456543,False
98,138,40,-3.0583219357299805,False
8,86,78,-3.058455665893555,False
10,51,41,-3.058464537963867,False
4,61,57,-3.058471875305176,False
23,38,15,-3.058622320251465,False
84,122,38,-3.0587121380615234,False
66,149,83,-3.0588581198120117,False
52,106,54,-3.0589967916870116,False
56,114,58,-3.059096922607422,False
66,120,54,-3.0592453762817384,False
23,109,86,-3.059561454467773,False
8,70,62,-3.059574453735352,False
95,135,40,-3.0596591915893554,False
135,148,13,-3.059786750488281,False
64,153,89,-3.0598367440795897,False
10,79,69,-3.059921559753418,False
75,152,77,-3.0599246087646486,False
79,128,49,-3.0599719735717774,False
67,146,79,-3.0600221353149415,False
48,89,41,-3.0600226376342774,False
33,120,87,-3.060134374694824,False
24,39,15,-3.0602815365600584,False
52,82,30,-3.060318798828125,False
19,85,66,-3.0604354885864256,False
21,133,112,-3.0605289611816406,False
10,83,73,-3.060542206726074,False
75,145,70,-3.0608252124023436,False
68,118,50,-3.0608792114257812,False
62,129,67,-3.060902349853516,False
74,132,58,-3.061134468383789,False
128,151,23,-3.061205548095703,False
128,150,22,-3.06122157043457,False
66,152,86,-3.061289588317871,False
94,136,42,-3.0613239758300783,False
61,133,72,-3.06133152923584,False
69,152,83,-3.061416878051758,False
18,78,60,-3.06155333404541,False
131,150,19,-3.061569098510742,False
72,141,69,-3.0616708255004883,False
72,147,75,-3.0619473348999025,False
90,141,51,-3.0622174127197264,False
38,68,30,-3.0622183798217772,False
58,117,59,-3.062309483947754,False
94,137,43,-3.0623154028320316,False
4,59,55,-3.062394449157715,False
103,137,34,-3.0624481954956053,False
52,155,103,-3.062548045654297,False
36,101,65,-3.062612463378906,False
54,150,96,-3.0629364813232423,False
22,67,45,-3.0630837539672853,False
130,151,21,-3.063146686706543,False
48,115,67,-3.063212539367676,False
82,118,36,-3.0632290438842773,False
64,129,65,-3.063231078186035,False
56,108,52,-3.0632433181762697,False
69,118,49,-3.0632511654663084,False
83,132,49,-3.0633357150268554,False
75,150,75,-3.0633419378662112,False
92,141,49,-3.063394900817871,False
55,104,49,-3.0634260168457033,False
11,137,126,-3.063640589599609,False
32,79,47,-3.063722503662109,False
85,134,49,-3.063751133117676,False
10,70,60,-3.0637634533691402,False
6,53,47,-3.0638137545776365,False
26,85,59,-3.063855432434082,False
3,61,58,-3.063991010131836,False
32,120,88,-3.0640097247314455,False
81,150,69,-3.0640644720458985,False
105,117,12,-3.0640772177124025,False
70,147,77,-3.0641174835205076,False
70,135,65,-3.064133117980957,False
8,67,59,-3.064169216308594,False
46,87,41,-3.0643739953613283,False
96,131,35,-3.06443217376709,False
12,83,71,-3.06450080657959,False
10,52,42,-3.0647682525634763,False
127,150,23,-3.0648004116821292,False
69,119,50,-3.0648081231689455,False
73,145,72,-3.0648407647705076,False
6,51,45,-3.064851213989258,False
25,91,66,-3.0652745578002927,False
82,120,38,-3.06534853515625,False
68,145,77,-3.06538489440918,False
69,123,54,-3.065451383972168,False
11,109,98,-3.0656074188232423,False
81,135,54,-3.065613657836914,False
83,131,48,-3.0656143853759765,False
51,146,95,-3.0658090756225587,False
38,67,29,-3.065843900146484,False
4,67,63,-3.0659484298706055,False
50,152,102,-3.0660502166748045,False
53,111,58,-3.066103571166992,False
89,116,27,-3.0661943725585936,False
55,151,96,-3.0662034451293945,False
20,65,45,-3.066357589416504,False
32,126,94,-3.0664783544921876,False
72,116,44,-3.0664939822387693,False
74,131,57,-3.0665611572265625,False
64,154,90,-3.066593973999024,False
87,147,60,-3.0666179263305664,False
71,152,81,-3.066638206481934,False
72,145,73,-3.066643588867188,False
24,77,53,-3.0667819107055663,False
81,154,73,-3.066796160583496,False
65,113,48,-3.067187025756836,False
91,146,55,-3.0672653002929686,False
10,109,99,-3.0674781561279296,False
52,142,90,-3.0675999572753905,False
74,138,64,-3.0676531289672853,False
53,148,95,-3.067655804748535,False
75,144,69,-3.067753657531738,False
73,125,52,-3.0677665155029294,False
47,84,37,-3.0678239669799803,False
28,121,93,-3.067903609924316,False
20,78,58,-3.067985134887695,False
72,137,65,-3.0680072302246097,False
23,69,46,-3.0680466369628907,False
89,146,57,-3.068055672607422,False
34,103,69,-3.068135022277832,False
100,137,37,-3.0682299615478517,False
65,115,50,-3.0686049810791016,False
61,131,70,-3.0686378759765622,False
5,68,63,-3.0686388247680663,False
81,145,64,-3.068668949584961,False
13,89,76,-3.0689108551025392,False
59,114,55,-3.0689256210327147,False
98,134,36,-3.069094911804199,False
62,139,77,-3.0691482308959963,False
103,152,49,-3.0692393167114256,False
84,132,48,-3.069328882751465,False
5,76,71,-3.0693936373901365,False
8,38,30,-3.0694005471801757,False
61,141,80,-3.0695088320922848,False
77,124,47,-3.0696581576538087,False
6,67,61,-3.0699770581054686,False
20,105,85,-3.069977399902344,False
33,117,84,-3.070079493713379,False
25,67,42,-3.070136782836914,False
62,137,75,-3.0701869120788574,False
70,152,82,-3.0702041485595704,False
71,118,47,-3.0702708239746093,False
12,145,133,-3.0703049566650393,False
18,76,58,-3.0706873724365233,False
93,152,59,-3.0708827713012696,False
32,128,96,-3.0709573025512698,False
32,102,70,-3.070999264526367,False
69,137,68,-3.0710192443847655,False
64,111,47,-3.0711737741088867,False
51,111,60,-3.0713252029418947,False
80,150,70,-3.0714126797485353,False
85,116,31,-3.0714513549804687,False
51,141,90,-3.071451583557129,False
69,141,72,-3.0715714611816405,False
62,140,78,-3.0716161029052733,False
15,78,63,-3.07166651763916,False
11,37,26,-3.071702991027832,False
58,118,60,-3.071805893249512,False
74,142,68,-3.0718449298095702,False
12,65,53,-3.0719165185546875,False
64,115,51,-3.0721927517700194,False
38,66,28,-3.072223148803711,False
92,127,35,-3.072238091125488,False
74,139,65,-3.0722488909912107,False
75,111,36,-3.0722738348388674,False
76,147,71,-3.0722785195922855,False
96,135,39,-3.072433507080078,False
74,141,67,-3.072513648986816,False
29,64,35,-3.0725574279785155,False
89,120,31,-3.072998885498047,False
70,110,40,-3.0731049337768552,False
24,37,13,-3.073230110473633,False
85,122,37,-3.073815237426758,False
21,69,48,-3.073882242736816,False
74,109,35,-3.0740081057739257,False
10,136,126,-3.0741736645507816,False
84,147,63,-3.074265191345215,False
19,77,58,-3.0743472073364257,False
75,139,64,-3.0743768743896487,False
66,112,46,-3.0745419039916992,False
5,66,61,-3.074554158630371,False
133,145,12,-3.074632430114746,False
19,132,113,-3.0748171990966795,False
72,149,77,-3.0748256793212887,False
4,55,51,-3.0750386837768557,False
79,123,44,-3.0751646487426756,False
13,64,51,-3.0751808157348632,False
74,146,72,-3.075310609741211,False
93,140,47,-3.0753681997680666,False
95,150,55,-3.0753878622436526,False
24,40,16,-3.0754726821899414,False
25,41,16,-3.075508902282715,False
51,148,97,-3.0755120474243163,False
89,147,58,-3.075611594543457,False
55,115,60,-3.075644481201172,False
132,144,12,-3.075726723022461,False
6,37,31,-3.0758292065429687,False
49,115,66,-3.0758630419921875,False
66,116,50,-3.07592446685791,False
49,141,92,-3.075976153869629,False
33,126,93,-3.076081333312988,False
62,117,55,-3.0761238473510746,False
51,89,38,-3.0762013192749023,False
76,114,38,-3.0763268231201173,False
88,131,43,-3.0766698706054685,False
93,151,58,-3.076674808349609,False
33,63,30,-3.076817698059082,False
10,46,36,-3.0768554531860355,False
70,139,69,-3.077059964294434,False
70,118,48,-3.0770648046874998,False
54,148,94,-3.0771932180786132,False
98,133,35,-3.077371071166992,False
77,120,43,-3.077402182006836,False
13,63,50,-3.0775528607177733,False
73,152,79,-3.077786167297363,False
3,64,61,-3.0780262872314452,False
47,108,61,-3.078095060424805,False
75,151,76,-3.078134642944336,False
23,104,81,-3.0781619284057617,False
80,122,42,-3.0783644738769533,False
96,145,49,-3.0784940313720703,False
87,140,53,-3.078630577697754,False
21,76,55,-3.078705938720703,False
132,151,19,-3.0787224981689456,False
48,113,65,-3.078925546875,False
73,148,75,-3.079162110595703,False
90,142,52,-3.0791973794555667,False
77,141,64,-3.0792148840332034,False
31,130,99,-3.0793004953002927,False
75,143,68,-3.079443172302246,False
78,119,41,-3.0795092657470704,False
66,140,74,-3.0795377636718753,False
8,84,76,-3.0796517712402345,False
70,121,51,-3.079733098449707,False
62,130,68,-3.079842787475586,False
93,130,37,-3.0800439682006835,False
7,62,55,-3.0800645388793946,False
53,116,63,-3.0801437451171876,False
72,123,51,-3.080166159667969,False
20,135,115,-3.0801739160156254,False
67,116,49,-3.0801848153686526,False
80,129,49,-3.0802661221313477,False
25,69,44,-3.080348715515137,False
59,132,73,-3.080355415649414,False
24,68,44,-3.080371611328125,False
96,151,55,-3.0803944522094726,False
88,146,58,-3.0804826440429687,False
83,151,68,-3.0807003524780274,False
51,153,102,-3.080944176940918,False
54,117,63,-3.0810949380493162,False
82,117,35,-3.081172774963379,False
82,138,56,-3.081197493286133,False
70,112,42,-3.081289344787598,False
19,69,50,-3.081503508605957,False
3,67,64,-3.081544292907715,False
9,81,72,-3.081597655944824,False
69,149,80,-3.0816052008056642,False
105,137,32,-3.081676348876953,False
80,128,48,-3.0817427993774418,False
4,66,62,-3.08178157409668,False
63,115,52,-3.0817928198242184,False
28,84,56,-3.0820572888183593,False
52,141,89,-3.082062854614258,False
20,104,84,-3.0823192596435547,False
13,59,46,-3.082873129272461,False
90,149,59,-3.082978153076172,False
56,106,50,-3.0830093225097657,False
10,89,79,-3.083247780456543,False
62,112,50,-3.083318153076172,False
12,57,45,-3.083819333190918,False
81,136,55,-3.083987294921875,False
72,139,67,-3.084107943725586,False
36,77,41,-3.0841401358032225,False
21,88,67,-3.084185844116211,False
55,105,50,-3.0842052795410155,False
7,147,140,-3.084229353027344,False
19,67,48,-3.084355487976074,False
51,110,59,-3.0845006298828124,False
10,50,40,-3.0845578009033203,False
53,147,94,-3.084773364868164,False
76,142,66,-3.0848931674194335,False
85,132,47,-3.084987474975586,False
9,51,42,-3.085039405822754,False
94,133,39,-3.085100803527832,False
5,141,136,-3.085114900817871,False
10,69,59,-3.085126500854492,False
101,139,38,-3.0853852111816407,False
11,45,34,-3.085510162963867,False
95,152,57,-3.0857021780395506,False
89,143,54,-3.085879098815918,False
51,154,103,-3.0858840136718753,False
9,82,73,-3.085898410339355,False
51,138,87,-3.0859392163085935,False
5,140,135,-3.0859447985839843,False
30,100,70,-3.085969596557617,False
38,74,36,-3.085986552429199,False
94,138,44,-3.0860271838378908,False
11,70,59,-3.086080804748535,False
68,113,45,-3.0861919427490236,False
8,85,77,-3.086275716552734,False
68,143,75,-3.086316412963867,False
59,115,56,-3.0863314047241213,False
59,135,76,-3.0864503381347657,False
85,136,51,-3.0865530627441404,False
73,140,67,-3.0865808197021485,False
74,117,43,-3.0866791583251953,False
50,148,98,-3.0867107287597655,False
11,103,92,-3.0867755114746096,False
69,144,75,-3.086986311645508,False
75,119,44,-3.0869866876220704,False
75,117,42,-3.087096701965332,False
12,63,51,-3.0871677655029295,False
11,59,48,-3.0875648913574216,False
22,79,57,-3.087688310241699,False
28,123,95,-3.087710562133789,False
7,41,34,-3.0879324670410155,False
10,38,28,-3.0879404135131834,False
13,81,68,-3.087951873168945,False
21,105,84,-3.0879854608154296,False
22,74,52,-3.088045255432129,False
26,125,99,-3.0880874475097655,False
70,117,47,-3.0880942352294922,False
59,131,72,-3.0881702822875976,False
55,106,51,-3.08840499206543,False
85,145,60,-3.0884336859130856,False
75,148,73,-3.0884560275268553,False
67,121,54,-3.0885584356689453,False
80,145,65,-3.088559927062988,False
30,80,50,-3.088568928527832,False
33,119,86,-3.088834870300293,False
73,151,78,-3.088933693847656,False
49,140,91,-3.089176981811524,False
20,83,63,-3.0892164031982423,False
85,154,69,-3.0892366104125975,False
76,152,76,-3.0892565072631837,False
27,102,75,-3.089648628845215,False
75,124,49,-3.089745354309082,False
84,136,52,-3.0897537490844726,False
99,140,41,-3.0898705364990233,False
87,146,59,-3.089873701171875,False
89,142,53,-3.089901509399414,False
20,133,113,-3.0899340005493166,False
8,36,28,-3.0899685369873047,False
73,126,53,-3.0899713879394533,False
12,37,25,-3.0899737417602537,False
12,88,76,-3.0900217599487307,False
90,143,53,-3.0900501235961917,False
37,100,63,-3.090145375366211,False
48,88,40,-3.090168547668457,False
127,149,22,-3.0901734259033207,False
9,38,29,-3.0902098416137695,False
83,118,35,-3.090426083984375,False
76,119,43,-3.0904748818969727,False
68,142,74,-3.0905531118774414,False
75,131,56,-3.090644757080078,False
62,128,66,-3.0907848107910154,False
93,136,43,-3.0908096533203127,False
75,114,39,-3.0909608721923827,False
19,135,116,-3.0909694833374024,False
10,82,72,-3.0909904443359375,False
86,136,50,-3.0910665631103518,False
49,107,58,-3.0911761328125,False
64,138,74,-3.0912046347045896,False
109,149,40,-3.0913116076660154,False
78,121,43,-3.091331383972168,False
9,44,35,-3.091431485900879,False
71,151,80,-3.0915911706542967,False
27,84,57,-3.0916642443847655,False
79,124,45,-3.0917115625,False
106,118,12,-3.0917610340881345,False
52,139,87,-3.0917891165161135,False
83,152,69,-3.0918327001953125,False
52,149,97,-3.0919042141723634,False
27,124,97,-3.091930441589356,False
13,146,133,-3.092114865112305,False
5,74,69,-3.0921310974121092,False
51,147,96,-3.092289991149902,False
84,145,61,-3.092300116882324,False
71,112,41,-3.0924250540161133,False
81,152,71,-3.0925259390258786,False
56,117,61,-3.09268175567627,False
51,114,63,-3.0928291284179688,False
71,134,63,-3.0928714739990233,False
24,130,106,-3.0930313885498046,False
22,69,47,-3.0931792904663085,False
50,115,65,-3.093258352050781,False
83,150,67,-3.0934739266967775,False
37,71,34,-3.093693911437988,False
107,138,31,-3.0937224237060548,False
51,88,37,-3.093726519165039,False
72,117,45,-3.0937644314575197,False
70,134,64,-3.093809511413574,False
67,154,87,-3.093848693847656,False
11,79,68,-3.0938680432128907,False
83,136,53,-3.0938800515747067,False
65,123,58,-3.094074866027832,False
66,139,73,-3.094106332397461,False
7,38,31,-3.094145652770996,False
21,75,54,-3.0942396182250977,False
68,137,69,-3.094315127868652,False
50,83,33,-3.0945238009643554,False
79,152,73,-3.094566470336914,False
18,77,59,-3.094622025756836,False
6,39,33,-3.094704289855957,False
90,130,40,-3.0947761697387697,False
20,132,112,-3.0949752597045896,False
82,154,72,-3.095183772583008,False
90,144,54,-3.09526110168457,False
11,57,46,-3.095573260803223,False
49,84,35,-3.0956104129028317,False
49,142,93,-3.095614936828613,False
6,79,73,-3.0957191946411133,False
55,111,56,-3.095781004638672,False
15,137,122,-3.0959648135375977,False
22,80,58,-3.0960722570800785,False
80,152,72,-3.096251900024414,False
31,64,33,-3.0962582739257813,False
7,55,48,-3.0963031213378907,False
101,138,37,-3.0963064816284183,False
134,146,12,-3.09692804107666,False
87,154,67,-3.097397775878906,False
55,116,61,-3.0974005004882814,False
105,151,46,-3.0974155587768557,False
52,140,88,-3.0975782510375978,False
5,144,139,-3.0975884118652344,False
87,136,49,-3.097892133178711,False
51,142,91,-3.097912792053223,False
52,128,76,-3.0980704428100587,False
73,144,71,-3.0980792910766604,False
79,146,67,-3.0983030108642575,False
36,100,64,-3.0983267053222656,False
7,65,58,-3.0984450720214847,False
37,66,29,-3.0984604043579105,False
8,147,139,-3.0984791522216795,False
23,40,17,-3.0986268658447265,False
81,117,36,-3.098752600708008,False
28,122,94,-3.098952793884277,False
9,45,36,-3.0989880279541016,False
81,119,38,-3.099080914916992,False
15,77,62,-3.099080987854004,False
7,40,33,-3.0991962788391114,False
52,151,99,-3.0995193304443363,False
47,89,42,-3.099779853820801,False
50,146,96,-3.099926751098633,False
10,68,58,-3.1000071691894533,False
25,78,53,-3.100039002685547,False
24,67,43,-3.1002357025146483,False
11,53,42,-3.1003485989379884,False
15,68,53,-3.1004718524169923,False
54,149,95,-3.1004871813964843,False
15,103,88,-3.100550151977539,False
95,148,53,-3.1005684454345706,False
85,143,58,-3.1006821875,False
77,151,74,-3.1007232049560547,False
21,132,111,-3.100787037963867,False
89,128,39,-3.1009939959716797,False
32,122,90,-3.1009958438110354,False
63,140,77,-3.1009975039672852,False
47,109,62,-3.1011089187622067,False
82,121,39,-3.1012296316528323,False
36,117,81,-3.1018590310668945,False
50,144,94,-3.1019200701904297,False
84,143,59,-3.1021446020507812,False
84,115,31,-3.102160927734375,False
65,155,90,-3.1022343762207027,False
76,148,72,-3.102331165161133,False
25,70,45,-3.1024735464477535,False
68,146,78,-3.102490390625,False
70,151,81,-3.102687431335449,False
86,146,60,-3.1027980743408206,False
66,123,57,-3.103002312927246,False
81,120,39,-3.1030168954467774,False
51,107,56,-3.10310692779541,False
82,141,59,-3.103118854675293,False
54,108,54,-3.103158563232422,False
10,80,70,-3.1032275961303712,False
73,149,76,-3.1032819259643554,False
23,39,16,-3.103291306152344,False
90,147,57,-3.1033582162475586,False
20,67,47,-3.1033956326293946,False
68,139,71,-3.1034622729492187,False
95,147,52,-3.1036624456787107,False
70,149,79,-3.1037498419189453,False
65,111,46,-3.1038191345214843,False
19,86,67,-3.1038869833374023,False
23,131,108,-3.1039269525146485,False
49,114,65,-3.103950820617676,False
77,148,71,-3.1039754388427734,False
25,104,79,-3.1040955615234376,False
16,38,22,-3.1041413430786133,False
69,136,67,-3.1041427603149416,False
81,138,57,-3.1044431677246096,False
21,83,62,-3.1044586935424805,False
11,65,54,-3.104791194152832,False
13,145,132,-3.104864266357422,False
29,80,51,-3.1049698699951174,False
17,68,51,-3.1050488275146484,False
4,65,61,-3.105081212463379,False
73,124,51,-3.1052412899780273,False
61,116,55,-3.1052545938110354,False
84,150,66,-3.1053331359863283,False
63,114,51,-3.10538796295166,False
73,137,64,-3.1054594744873047,False
65,112,47,-3.1056435617065428,False
24,102,78,-3.1056732873535156,False
24,69,45,-3.105734905395508,False
39,72,33,-3.105807014770508,False
9,36,27,-3.1061959094238283,False
91,144,53,-3.1064728546142577,False
33,100,67,-3.1065429467773438,False
10,104,94,-3.106603206787109,False
83,137,54,-3.106634875793457,False
73,134,61,-3.1067503863525388,False
9,88,79,-3.1068274865722656,False
90,118,28,-3.106860542602539,False
63,128,65,-3.106946792907715,False
67,126,59,-3.107289339904785,False
28,83,55,-3.107373145141602,False
52,110,58,-3.107470643005371,False
10,147,137,-3.107513710327148,False
53,152,99,-3.1077981478881833,False
72,146,74,-3.1078838568115232,False
59,138,79,-3.107926469421387,False
95,129,34,-3.1079337869262695,False
88,132,44,-3.108117312927246,False
10,45,35,-3.108181438293457,False
26,78,52,-3.1083061367797855,False
19,112,93,-3.1084904837036134,False
13,65,52,-3.1085338314819335,False
64,121,57,-3.1085598013305664,False
12,136,124,-3.108643762512207,False
48,107,59,-3.108707141113281,False
64,112,48,-3.1087467535400393,False
11,68,57,-3.108906961669922,False
8,80,72,-3.108949247741699,False
24,75,51,-3.1090943478393553,False
69,145,76,-3.109099413757324,False
34,102,68,-3.1091359445190427,False
24,128,104,-3.109374730834961,False
25,108,83,-3.1095014923095703,False
13,83,70,-3.1095034509277344,False
67,115,48,-3.109528589477539,False
77,149,72,-3.1096024813842775,False
66,146,80,-3.109800155944824,False
54,115,61,-3.109947944030762,False
76,150,74,-3.110257169494629,False
20,68,48,-3.110260642700195,False
60,114,54,-3.110303817749023,False
8,42,34,-3.1103976889038085,False
33,101,68,-3.110520026245117,False
21,68,47,-3.110944908447266,False
67,139,72,-3.1109493466186526,False
12,66,54,-3.1110364669799804,False
85,144,59,-3.1110736810302733,False
31,121,90,-3.1111010208129883,False
12,41,29,-3.111163791809082,False
50,149,99,-3.111234303588867,False
61,140,79,-3.111284868774414,False
72,112,40,-3.111630158081055,False
130,144,14,-3.1117222564697267,False
12,39,27,-3.1118281713867186,False
11,146,135,-3.111828778381348,False
60,140,80,-3.111982858581543,False
51,83,32,-3.112143951416016,False
13,37,24,-3.1121860363769533,False
54,111,57,-3.112530640563965,False
73,119,46,-3.112587004089355,False
61,115,54,-3.1125893496704102,False
6,139,133,-3.1129953091430664,False
55,107,52,-3.1132354470825194,False
65,140,75,-3.113310158996582,False
107,149,42,-3.1134933001708984,False
88,147,59,-3.1135161300659178,False
51,149,98,-3.1135211590576173,False
37,70,33,-3.113674289550781,False
75,149,74,-3.11378704864502,False
78,151,73,-3.113876632080078,False
68,126,58,-3.1139064334106443,False
72,115,43,-3.1143300845336914,False
23,130,107,-3.1145832562255857,False
4,142,138,-3.114616748352051,False
106,137,31,-3.1147510125732425,False
61,132,71,-3.1148414154052735,False
51,84,33,-3.1148920422363284,False
51,152,101,-3.114902095947266,False
72,151,79,-3.1149422009277346,False
68,119,51,-3.115033603210449,False
34,63,29,-3.115101226501465,False
76,149,73,-3.1152210766601565,False
4,143,139,-3.115242118682861,False
82,146,64,-3.11531792175293,False
7,139,132,-3.1154025952148436,False
98,140,42,-3.115441887207031,False
78,150,72,-3.115489150390625,False
29,81,52,-3.1156884344482423,False
19,87,68,-3.115928723449707,False
16,39,23,-3.1159748547363284,False
69,151,82,-3.1160101904296873,False
12,103,91,-3.116024831237793,False
30,120,90,-3.1162616180419924,False
99,135,36,-3.116305442199707,False
11,52,41,-3.11632485534668,False
8,71,63,-3.1163694033813476,False
93,128,35,-3.116554436340332,False
50,107,57,-3.1165598739624025,False
58,140,82,-3.116763239746094,False
10,137,127,-3.117290805969238,False
83,154,71,-3.1174327264404296,False
52,144,92,-3.1175198989868163,False
48,85,37,-3.117580588989258,False
85,147,62,-3.1176596383666992,False
61,136,75,-3.1176999546813966,False
95,146,51,-3.11779279876709,False
80,151,71,-3.117971723632812,False
71,146,75,-3.1180072387695312,False
6,68,62,-3.1181402545166015,False
55,108,53,-3.1181476330566404,False
81,137,56,-3.118346663513184,False
69,113,44,-3.1187165954589844,False
16,80,64,-3.1187876647949215,False
9,40,31,-3.1191440490722657,False
76,146,70,-3.1192155856323245,False
91,141,50,-3.119394801940918,False
50,117,67,-3.1194018307495117,False
95,130,35,-3.119453393859863,False
49,139,90,-3.119493345031738,False
67,124,57,-3.1195454074096682,False
9,80,71,-3.119750893249512,False
129,150,21,-3.1197821878051757,False
73,118,45,-3.119841867675781,False
134,150,16,-3.1201740716552733,False
82,150,68,-3.12020641204834,False
70,123,53,-3.120286853027344,False
12,59,47,-3.120551358642578,False
22,68,46,-3.120559348144531,False
127,148,21,-3.120608087768555,False
70,146,76,-3.1207699603271486,False
23,70,47,-3.1208882482910156,False
28,102,74,-3.1209175720214843,False
72,138,66,-3.12095474029541,False
11,86,75,-3.120970210571289,False
7,53,46,-3.1212152389526366,False
12,80,68,-3.1212363436889645,False
56,104,48,-3.1214640362548827,False
85,140,55,-3.12174111907959,False
58,111,53,-3.1217999237060545,False
15,69,54,-3.1219464541625976,False
12,40,28,-3.122073777770996,False
15,112,97,-3.1221696514892576,False
84,148,64,-3.122320700683594,False
56,118,62,-3.1225286151123046,False
94,128,34,-3.1226577386474608,False
29,66,37,-3.1228013961791996,False
67,117,50,-3.1230417214965818,False
74,143,69,-3.1230950564575197,False
76,141,65,-3.1231708364868163,False
73,107,34,-3.123246406555176,False
10,60,50,-3.123256734924316,False
85,151,66,-3.123291649169922,False
67,114,47,-3.1233438421630857,False
6,63,57,-3.123358226013184,False
37,68,31,-3.1233599435424804,False
27,67,40,-3.12338408203125,False
10,108,98,-3.123410891418457,False
87,137,50,-3.123579864501953,False
94,152,58,-3.1236143127441407,False
7,145,138,-3.123643907775879,False
132,150,18,-3.1237957238769534,False
26,90,64,-3.1239092709350587,False
88,141,53,-3.124052413330078,False
88,154,66,-3.1242815563964843,False
97,135,38,-3.1243188009643554,False
91,128,37,-3.1243324838256834,False
30,106,76,-3.124440516662598,False
51,140,89,-3.1244757751464847,False
12,53,41,-3.124513519592285,False
93,131,38,-3.124546657104492,False
33,104,71,-3.1246278073120117,False
69,107,38,-3.124706041870117,False
58,112,54,-3.1247151486206053,False
5,75,70,-3.1248084225463866,False
51,87,36,-3.124829703979492,False
23,71,48,-3.1248895040893556,False
89,133,44,-3.124914665222168,False
16,67,51,-3.124988525390625,False
97,152,55,-3.1250492700195314,False
21,67,46,-3.1252219326782225,False
71,133,62,-3.125372520141602,False
6,65,59,-3.125381349182129,False
78,120,42,-3.1255349417114258,False
67,112,45,-3.1256578884887696,False
66,125,59,-3.125739829101563,False
11,71,60,-3.125755043334961,False
31,129,98,-3.1258002072143554,False
58,115,57,-3.1261490490722657,False
110,141,31,-3.1261590283203127,False
9,70,61,-3.12617205078125,False
69,139,70,-3.1261977529907226,False
22,105,83,-3.1262289041137694,False
50,138,88,-3.126427083129883,False
15,143,128,-3.1266576416015623,False
68,108,40,-3.1268518719482423,False
66,115,49,-3.1268996484375,False
85,152,67,-3.127080932922363,False
102,138,36,-3.1270858279418947,False
66,121,55,-3.1271041229248047,False
69,112,43,-3.12716786529541,False
34,100,66,-3.1272122229003907,False
109,139,30,-3.127227914428711,False
91,147,56,-3.1273314697265624,False
108,139,31,-3.1275320648193357,False
86,137,51,-3.1277455523681637,False
90,140,50,-3.1277855841064452,False
31,79,48,-3.1278402966308594,False
10,65,55,-3.1282327188110353,False
69,150,81,-3.128452699584961,False
71,111,40,-3.128623065185547,False
7,37,30,-3.1292009960937497,False
11,44,33,-3.1292924929809574,False
91,152,61,-3.1296124768066407,False
76,151,75,-3.129833207397461,False
25,68,43,-3.129877073364258,False
66,138,72,-3.1299042752075197,False
58,114,56,-3.1301497076416016,False
26,76,50,-3.1302334689331053,False
13,66,53,-3.1303942404174805,False
70,109,39,-3.1305996154785154,False
56,107,51,-3.130999002685547,False
26,84,58,-3.1311638787841796,False
50,143,93,-3.1312166589355472,False
46,86,40,-3.1312433911132813,False
23,105,82,-3.1312857757568358,False
65,124,59,-3.131496025390625,False
3,59,56,-3.1316395065307616,False
73,147,74,-3.131808608703613,False
21,74,53,-3.132043105163574,False
23,103,80,-3.132411336364746,False
9,69,60,-3.1325180834960937,False
65,125,60,-3.132795162963867,False
99,137,38,-3.1328913439941406,False
12,84,72,-3.1329578637695312,False
72,152,80,-3.1330507708740236,False
73,113,40,-3.1330641470336915,False
16,103,87,-3.133203536987305,False
133,151,18,-3.1332382855224608,False
21,84,63,-3.1332507568359373,False
47,110,63,-3.1333428695678713,False
66,155,89,-3.1333633151245115,False
38,76,38,-3.1335208312988283,False
83,139,56,-3.1337451181030276,False
65,126,61,-3.133850170593262,False
52,148,96,-3.1339088357543945,False
63,133,70,-3.1340324649047853,False
64,155,91,-3.1340350775146484,False
11,88,77,-3.1340751080322264,False
21,85,64,-3.134089321289063,False
130,145,15,-3.1342855560302736,False
50,111,61,-3.134304958190918,False
7,73,66,-3.1343481912231446,False
24,91,67,-3.134483517150879,False
30,101,71,-3.134532995300293,False
84,141,57,-3.134868229675293,False
24,104,80,-3.134909113769531,False
79,119,40,-3.1349892550659177,False
91,129,38,-3.135236477661133,False
8,44,36,-3.135311857910156,False
97,144,47,-3.1353413256835934,False
90,152,62,-3.1353976736450195,False
9,67,58,-3.1356442361450196,False
94,150,56,-3.1356776235961914,False
110,147,37,-3.1358064700317385,False
5,55,50,-3.136044851989746,False
9,42,33,-3.136127496948242,False
78,148,70,-3.136214305419922,False
22,70,48,-3.1362231576538084,False
20,84,64,-3.1363031170654296,False
71,123,52,-3.136365258483887,False
28,129,101,-3.136480098571777,False
6,66,60,-3.1366834799194336,False
31,131,100,-3.1367353912353515,False
18,69,51,-3.136764691162109,False
49,143,94,-3.1368933731079105,False
85,121,36,-3.13725251373291,False
20,75,55,-3.1372722720336914,False
8,138,130,-3.137656398010254,False
12,56,44,-3.137665768127442,False
20,80,60,-3.137701223754883,False
21,106,85,-3.137704727783203,False
74,114,40,-3.137727021179199,False
72,150,78,-3.137958720703125,False
23,91,68,-3.138111831970215,False
8,145,137,-3.1381193951416018,False
6,55,49,-3.1381630599975585,False
68,110,42,-3.1382336044311523,False
17,140,123,-3.138248594055176,False
9,68,59,-3.138329718322754,False
11,58,47,-3.1386584701538083,False
9,83,74,-3.1387190762329102,False
88,142,54,-3.138841575012207,False
64,127,63,-3.139068397216797,False
80,147,67,-3.1393419924926755,False
34,101,67,-3.1393602139282226,False
62,136,74,-3.1394056575012206,False
72,135,63,-3.139451313171387,False
9,64,55,-3.1395655746459963,False
18,68,50,-3.139568190612793,False
34,78,44,-3.1395771307373046,False
25,84,59,-3.139674010925293,False
79,141,62,-3.139949172668457,False
69,117,48,-3.140104596862793,False
66,154,88,-3.1401130877685546,False
84,137,53,-3.1402020611572263,False
48,87,39,-3.1402904946899413,False
73,150,77,-3.140636849975586,False
62,114,52,-3.140637019958496,False
84,116,32,-3.140686203918457,False
129,145,16,-3.1407761691284177,False
38,70,32,-3.140824990234375,False
65,139,74,-3.140901542663574,False
93,139,46,-3.1412436160278316,False
60,115,55,-3.1414698114013673,False
68,109,41,-3.1415079309082032,False
72,111,39,-3.1415283166503905,False
22,90,68,-3.1415708044433592,False
64,134,70,-3.141591265411377,False
6,147,141,-3.1416072116088865,False
4,57,53,-3.1418249908447264,False
73,139,66,-3.141848000793457,False
33,122,89,-3.141855829772949,False
20,76,56,-3.1418706710815427,False
7,39,32,-3.1420008746337893,False
48,112,64,-3.142802190551758,False
70,107,37,-3.142917223510742,False
90,128,38,-3.142998695678711,False
3,57,54,-3.1430633337402343,False
17,103,86,-3.1433187100219726,False
69,116,47,-3.1433388302612304,False
28,82,54,-3.143363037109375,False
89,148,59,-3.14356509979248,False
25,102,77,-3.143618426208496,False
71,150,79,-3.143824244995117,False
91,148,57,-3.1439253103637697,False
108,149,41,-3.1439486410522464,False
20,69,49,-3.1439564807128906,False
15,138,123,-3.144032414855957,False
26,88,62,-3.1441232144165037,False
53,107,54,-3.1441768170166013,False
24,74,50,-3.144209638061523,False
22,109,87,-3.144391507568359,False
69,108,39,-3.1444126318359373,False
19,76,57,-3.1444141552734375,False
128,146,18,-3.144475871887207,False
102,139,37,-3.1445146966552735,False
55,117,62,-3.1450783135986327,False
14,144,130,-3.1450956497192384,False
14,136,122,-3.1451385568237304,False
48,114,66,-3.14561371673584,False
89,119,30,-3.1456503512573244,False
10,36,26,-3.1458134170532226,False
22,84,62,-3.145893602600098,False
79,147,68,-3.1460222909545896,False
70,150,80,-3.1460740213012697,False
7,140,133,-3.1462555300903317,False
51,139,88,-3.1463074029541014,False
9,66,57,-3.146386332092285,False
33,78,45,-3.146453486022949,False
21,82,61,-3.146454292602539,False
92,128,36,-3.146535147399902,False
53,114,61,-3.1465551171875,False
64,114,50,-3.1466787417602538,False
36,102,66,-3.1466863748168947,False
83,146,63,-3.1467259381103516,False
25,85,60,-3.1468859707641603,False
76,145,69,-3.14724234954834,False
94,151,57,-3.1476215066528317,False
59,140,81,-3.1479449011230467,False
5,63,58,-3.1480726181030274,False
15,70,55,-3.14853998046875,False
10,43,33,-3.148547983703613,False
14,78,64,-3.1486100875854492,False
20,74,54,-3.148859302978516,False
80,119,39,-3.1489410989379882,False
93,129,36,-3.149070661315918,False
65,138,73,-3.1491400048828124,False
104,138,34,-3.1494840286254884,False
9,63,54,-3.1495061276245115,False
64,133,69,-3.1495835604858398,False
50,118,68,-3.1497609609985355,False
97,149,52,-3.149798188171387,False
9,147,138,-3.1498470184326175,False
73,116,43,-3.149883122558594,False
18,70,52,-3.149981880187988,False
17,139,122,-3.1503984744262694,False
11,69,58,-3.1504279449462893,False
58,139,81,-3.150701296691895,False
10,81,71,-3.1511145028686522,False
73,138,65,-3.151142594909668,False
69,109,40,-3.1513808193969726,False
99,136,37,-3.1515020501708984,False
6,145,139,-3.1518424334716797,False
29,74,45,-3.1520172116088867,False
89,131,42,-3.1520227600097654,False
72,110,38,-3.152201762084961,False
84,146,62,-3.152398363342285,False
20,88,68,-3.152532977905273,False
79,121,42,-3.1525978796386718,False
9,137,128,-3.1527870806884764,False
35,65,30,-3.1528228161621095,False
31,66,35,-3.1529864724731445,False
19,70,51,-3.1531268533325196,False
62,116,54,-3.1532404669189456,False
86,140,54,-3.153271005554199,False
84,139,55,-3.153341559753418,False
69,143,74,-3.153377968444824,False
74,108,34,-3.1534439389038083,False
50,109,59,-3.1534745553588865,False
92,140,48,-3.153518011169434,False
52,116,64,-3.1535815512084957,False
79,151,72,-3.153907156677246,False
12,52,40,-3.15397140045166,False
47,85,38,-3.153977395019531,False
21,70,49,-3.1544432485961913,False
95,134,39,-3.1544975833129882,False
9,62,53,-3.1545872216796873,False
94,130,36,-3.154973002319336,False
6,78,72,-3.155218121032715,False
6,74,68,-3.1554458203125,False
86,121,35,-3.155514546813965,False
33,118,85,-3.155579703979492,False
87,116,29,-3.1559444998168944,False
51,143,92,-3.1559718209838867,False
9,79,70,-3.1560929452514648,False
21,87,66,-3.1562436785888672,False
23,108,85,-3.156426845703125,False
16,78,62,-3.156480828552246,False
32,127,95,-3.156515495300293,False
8,66,58,-3.15654057220459,False
68,136,68,-3.1565736624145506,False
13,90,77,-3.156644997253418,False
52,117,65,-3.1566543362426756,False
52,147,95,-3.15693979888916,False
88,116,28,-3.1569828427124023,False
24,78,54,-3.156985589904785,False
49,86,37,-3.157351113586426,False
3,56,53,-3.1575810488891602,False
73,112,39,-3.1576306283569338,False
134,148,14,-3.1581087734985354,False
50,141,91,-3.158143248901367,False
50,88,38,-3.15816590423584,False
19,68,49,-3.1582408560180664,False
5,77,72,-3.158362308654785,False
89,139,50,-3.1584090017700195,False
8,40,32,-3.1584186752319336,False
83,147,64,-3.1585120629882812,False
96,148,52,-3.158623867492676,False
3,65,62,-3.1586785614013673,False
73,146,73,-3.15878049041748,False
28,66,38,-3.1587929614257813,False
19,71,52,-3.1590061666870115,False
25,75,50,-3.159293452758789,False
26,87,61,-3.1593936016845703,False
86,142,56,-3.1594219058227537,False
52,143,91,-3.159549077453613,False
10,107,97,-3.1596402154541017,False
70,115,45,-3.159658098449707,False
55,118,63,-3.159784345703125,False
49,88,39,-3.159879965515137,False
11,145,134,-3.160076867980957,False
17,69,52,-3.1601942346191407,False
52,109,57,-3.1603615811157226,False
93,133,40,-3.1603720501708983,False
80,117,37,-3.1605712072753906,False
69,110,41,-3.160601522521973,False
71,108,37,-3.160625659484863,False
87,142,55,-3.160960629272461,False
71,115,44,-3.160991953125,False
51,116,65,-3.1610478048706057,False
13,67,54,-3.161101527404785,False
66,117,51,-3.1611147686767582,False
77,111,34,-3.1612286544799804,False
12,144,132,-3.1614413430786135,False
98,137,39,-3.1616178353881836,False
87,139,52,-3.161619215393066,False
10,53,43,-3.1617271841430665,False
11,42,31,-3.161757025756836,False
28,130,102,-3.162024621887207,False
81,146,65,-3.162078793334961,False
23,73,50,-3.162155640563965,False
49,85,36,-3.162307987976074,False
83,117,34,-3.1623657986450198,False
66,133,67,-3.162394733276367,False
69,115,46,-3.1624641687011716,False
73,110,37,-3.162578776245117,False
4,58,54,-3.1628126947021484,False
37,65,28,-3.163341858825684,False
33,127,94,-3.1633468127441406,False
67,125,58,-3.1636358502197264,False
20,82,62,-3.1637048709106446,False
21,86,65,-3.163800831604004,False
90,146,56,-3.163834608154297,False
26,86,60,-3.1638580480957033,False
14,103,89,-3.1638735549926755,False
11,85,74,-3.1638813067626956,False
48,86,38,-3.1639640576171875,False
62,134,72,-3.1641611778259273,False
18,73,55,-3.164242018737793,False
20,85,65,-3.164572005004883,False
84,138,54,-3.164738278808594,False
66,124,58,-3.164802613525391,False
69,138,69,-3.1648799166870116,False
8,63,55,-3.165065703125,False
18,104,86,-3.1650669314575195,False
51,109,58,-3.1651019119262696,False
15,139,124,-3.1651777337646485,False
88,139,51,-3.165427028198242,False
21,73,52,-3.165651654052734,False
7,51,44,-3.165703947753906,False
27,66,39,-3.1658352746582032,False
17,135,118,-3.166012410888672,False
19,74,55,-3.166024852600098,False
73,129,56,-3.166077319946289,False
30,64,34,-3.1665308947753905,False
38,75,37,-3.166766112060547,False
85,149,64,-3.1667770458984377,False
81,121,40,-3.166887102050781,False
63,137,74,-3.16689542388916,False
8,146,138,-3.16694727142334,False
8,68,60,-3.1670720431518555,False
10,146,136,-3.167160350952148,False
82,119,37,-3.167162784729004,False
134,147,13,-3.1672013229370117,False
13,55,42,-3.167247464904785,False
8,65,57,-3.167283682861328,False
12,107,95,-3.1673012234497073,False
13,85,72,-3.1676188531494143,False
68,112,44,-3.1677509112548825,False
87,121,34,-3.1678741567993165,False
32,78,46,-3.168049450073242,False
63,132,69,-3.1683529385375975,False
15,76,61,-3.1684671945190432,False
97,145,48,-3.1685110848999023,False
68,117,49,-3.1686107788085938,False
11,77,66,-3.168718813781738,False
32,123,91,-3.1688659356689453,False
80,146,66,-3.168906249694824,False
86,148,62,-3.169017434387207,False
51,118,67,-3.169128963012695,False
71,109,38,-3.169129928588867,False
5,62,57,-3.1694530996704104,False
86,147,61,-3.1695099658203127,False
89,150,61,-3.1695149951171873,False
3,58,55,-3.169801097717285,False
32,121,89,-3.170052825012207,False
95,151,56,-3.1703128936767575,False
16,112,96,-3.1704941244506832,False
52,118,66,-3.1705113787841794,False
85,139,54,-3.1705529785156252,False
3,66,63,-3.1706230181884765,False
50,84,34,-3.1710447348022464,False
18,112,94,-3.171277814025879,False
68,115,47,-3.171432350463867,False
91,150,59,-3.1714807434082033,False
95,131,36,-3.1715734548950194,False
11,78,67,-3.171830635986328,False
63,134,71,-3.172311241912842,False
22,83,61,-3.1723164282226564,False
70,111,41,-3.172466164855957,False
72,125,53,-3.1725087551879882,False
52,107,55,-3.172565163269043,False
50,139,89,-3.1725764978027344,False
63,136,73,-3.1728050718688965,False
24,108,84,-3.172812861022949,False
7,146,139,-3.1732069485473633,False
27,125,98,-3.1734402401733397,False
10,57,47,-3.1735017025756838,False
50,142,92,-3.173616635131836,False
11,55,44,-3.1738646075439454,False
72,107,35,-3.173906787414551,False
104,151,47,-3.174278391113281,False
74,128,54,-3.1743629623413083,False
53,108,55,-3.1744184063720704,False
32,125,93,-3.174517367248535,False
26,126,100,-3.174536033630371,False
25,131,106,-3.1748005798339842,False
87,141,54,-3.175012670288086,False
5,143,138,-3.1750659893798825,False
86,117,31,-3.1751217578125,False
133,150,17,-3.1751474014282226,False
76,111,35,-3.175190065307617,False
94,135,41,-3.175241352844238,False
31,78,47,-3.175419921875,False
72,114,42,-3.175454170532227,False
92,129,37,-3.1755056985473633,False
28,67,39,-3.1757289657592773,False
70,138,68,-3.1759984759521482,False
28,103,75,-3.1761652252197266,False
25,79,54,-3.176285196838379,False
14,77,63,-3.1764704486083986,False
9,54,45,-3.176585167541504,False
70,108,38,-3.1765863836669923,False
52,152,100,-3.177024122924805,False
64,128,64,-3.1772954049682616,False
95,132,37,-3.177349069519043,False
10,44,34,-3.1773924752807616,False
21,71,50,-3.1777221170043943,False
8,54,46,-3.177835637207031,False
107,139,32,-3.1779533557128907,False
89,134,45,-3.1780323455810544,False
4,56,52,-3.178140170288086,False
84,135,51,-3.178237840270996,False
68,138,70,-3.1784432086181638,False
24,71,47,-3.178489183654785,False
13,84,71,-3.1786168273925783,False
27,81,54,-3.1787594033813478,False
68,116,48,-3.1787755010986327,False
69,146,77,-3.178830177001953,False
128,147,19,-3.178835644226074,False
51,115,64,-3.1788983380126954,False
70,133,63,-3.178911795349121,False
8,69,61,-3.179286421508789,False
86,139,53,-3.1793670016479494,False
89,136,47,-3.17950028717041,False
28,105,77,-3.1795760806274416,False
64,136,72,-3.1798172283935546,False
5,60,55,-3.1798661096191405,False
64,131,67,-3.179945172424316,False
90,148,58,-3.180003280944824,False
47,88,41,-3.180035838623047,False
10,40,30,-3.180095336608887,False
83,119,36,-3.180176521301269,False
75,141,66,-3.18036086517334,False
21,109,88,-3.1803789178466797,False
8,62,54,-3.180437416687012,False
62,133,71,-3.1805011654663087,False
53,115,62,-3.1807059185791013,False
98,141,43,-3.1809963052368166,False
26,65,39,-3.1811030166625978,False
81,148,67,-3.181163595581055,False
20,86,66,-3.181217855834961,False
31,67,36,-3.1813604260253907,False
90,136,46,-3.1813916171264647,False
16,142,126,-3.1814473767089844,False
97,143,46,-3.1815895346069336,False
108,140,32,-3.1816888192749024,False
11,87,76,-3.18171278503418,False
26,74,48,-3.1817252532958986,False
134,149,15,-3.1818724713134765,False
89,132,43,-3.181883737487793,False
38,73,35,-3.1819500976562503,False
106,150,44,-3.181988581237793,False
73,117,44,-3.182246663818359,False
79,150,71,-3.1825370993041995,False
23,78,55,-3.1829909939575196,False
109,140,31,-3.1834665527343753,False
65,114,49,-3.1835009368896485,False
81,147,66,-3.1838151620483397,False
83,141,58,-3.184366112670898,False
34,77,43,-3.184615432434082,False
96,146,50,-3.184636035461426,False
109,148,39,-3.184683148498535,False
5,142,137,-3.1847252033996583,False
90,150,60,-3.185213637084961,False
65,134,69,-3.1853271942138672,False
12,58,46,-3.1853366213989256,False
28,106,78,-3.1853655383300783,False
22,73,51,-3.1855356930541996,False
66,134,68,-3.1856365673828124,False
127,147,20,-3.185742919311523,False
11,40,29,-3.185822582092285,False
13,56,43,-3.1859489825439455,False
11,39,28,-3.1861905657958984,False
48,108,60,-3.186273363342285,False
100,152,52,-3.186532222595215,False
69,142,73,-3.186547759399414,False
72,134,62,-3.1866504916381837,False
7,79,72,-3.186861792297363,False
62,132,70,-3.1869813552856447,False
49,108,59,-3.1871959161376955,False
106,138,32,-3.1872487557983398,False
63,131,68,-3.187813836669922,False
13,135,122,-3.1879077163696286,False
11,106,95,-3.187995365600586,False
90,133,43,-3.188067738952637,False
96,147,51,-3.1881164376831057,False
51,85,34,-3.1881910580444335,False
85,135,50,-3.188511573486328,False
10,106,96,-3.1887741952514648,False
73,141,68,-3.1889499209594723,False
10,42,32,-3.189348525085449,False
33,121,88,-3.1895432861328126,False
25,74,49,-3.189660666198731,False
80,148,68,-3.18970033782959,False
17,78,61,-3.189804769592285,False
38,71,33,-3.189827457885742,False
8,41,33,-3.1898725509643553,False
104,139,35,-3.1900958868408202,False
27,83,56,-3.190243426513672,False
109,141,32,-3.1903387786865234,False
103,138,35,-3.1905823834228513,False
87,138,51,-3.190769601135254,False
130,150,20,-3.190941401977539,False
22,85,63,-3.1911941635131837,False
62,115,53,-3.1912333056640625,False
33,125,92,-3.191653418273926,False
80,149,69,-3.192060808105469,False
25,71,46,-3.1921691955566405,False
12,104,92,-3.192260280456543,False
9,65,56,-3.1922781143188477,False
9,61,52,-3.1926638861083982,False
26,79,53,-3.1926981442260742,False
93,135,42,-3.1928123010253904,False
27,74,47,-3.1931919717407227,False
133,147,14,-3.1932651333618165,False
99,141,42,-3.1934648712158205,False
87,148,61,-3.19366149017334,False
85,150,65,-3.19385913269043,False
27,77,50,-3.1938616500854495,False
78,149,71,-3.1938705801391603,False
83,138,55,-3.193897926940918,False
11,56,45,-3.1940308352661133,False
7,61,54,-3.1940373291015627,False
30,105,75,-3.194241075439453,False
88,136,48,-3.1944000747680663,False
49,87,38,-3.194475267333984,False
73,115,42,-3.1945244958496093,False
27,82,55,-3.1945449151611327,False
85,146,61,-3.194849021606445,False
9,78,69,-3.1949417391967776,False
25,90,65,-3.1949785809326174,False
71,125,54,-3.1950721682739256,False
7,78,71,-3.1951955560302734,False
89,152,63,-3.195326557617187,False
93,137,44,-3.195421614074707,False
20,87,67,-3.195552870788574,False
91,130,39,-3.195589620666504,False
133,146,13,-3.195885670471191,False
33,103,70,-3.1959404025268556,False
59,139,80,-3.1959428494262694,False
86,152,66,-3.1959810272216798,False
17,70,53,-3.196179302368164,False
133,148,15,-3.1963911740112305,False
8,55,47,-3.1964782983398434,False
68,114,46,-3.196803317871094,False
30,102,72,-3.196869555053711,False
83,135,52,-3.1970588656616212,False
29,79,50,-3.197231695251465,False
97,148,51,-3.197331648864746,False
20,73,53,-3.197483578796387,False
31,70,39,-3.1975108203125,False
22,71,49,-3.1975637017822267,False
9,41,32,-3.1976358633422852,False
52,108,56,-3.197806593017578,False
88,134,46,-3.198238503112793,False
68,125,57,-3.1982520568847654,False
25,129,104,-3.1982575769042967,False
8,72,64,-3.1984449548339846,False
51,117,66,-3.198454429626465,False
73,143,70,-3.198792931518555,False
22,89,67,-3.1989131100463863,False
20,71,51,-3.1990620397949217,False
88,149,61,-3.1992059979248046,False
28,131,103,-3.1994208703613283,False
12,108,96,-3.200150159912109,False
73,133,60,-3.2002600372314456,False
93,138,45,-3.2002775799560546,False
69,134,65,-3.200278979797363,False
91,151,60,-3.200361253967285,False
17,112,95,-3.2005326623535155,False
27,73,46,-3.200608007202148,False
84,142,58,-3.2011211410522464,False
28,104,76,-3.2012628039550783,False
14,137,123,-3.2016924252319336,False
73,127,54,-3.2021505841064455,False
5,57,52,-3.2026486203002933,False
83,148,65,-3.202677737121582,False
13,80,67,-3.20322993347168,False
81,149,68,-3.2032757385253907,False
67,138,71,-3.203299970092773,False
83,121,38,-3.203709992980957,False
22,88,66,-3.203742009277344,False
26,89,63,-3.2041290551757813,False
11,104,93,-3.2042093423461915,False
13,57,44,-3.204303179626465,False
72,126,54,-3.2043368447875977,False
33,123,90,-3.204363304748535,False
82,147,65,-3.2046439794921873,False
16,68,52,-3.2047343539428708,False
66,111,45,-3.2047435006713867,False
19,75,56,-3.2048225112915043,False
38,69,31,-3.204866278076172,False
68,124,56,-3.2051214480590824,False
12,85,73,-3.2053686154174805,False
6,76,70,-3.2054820639038084,False
71,114,43,-3.2057541473388675,False
26,83,57,-3.2060192138671875,False
65,130,65,-3.2061433166503903,False
8,79,71,-3.206441070556641,False
31,123,92,-3.2073004766845705,False
10,37,27,-3.2073405764770504,False
9,145,136,-3.2076021377563477,False
128,149,21,-3.207716982116699,False
86,141,55,-3.2077803250122074,False
9,71,62,-3.207798619995117,False
5,59,54,-3.2081514468383787,False
10,78,68,-3.2081779684448244,False
7,74,67,-3.2084926394653324,False
73,109,36,-3.2084986477661133,False
17,138,121,-3.2087818142700195,False
16,69,53,-3.208797817993164,False
73,142,69,-3.2088296340942386,False
94,131,37,-3.208989136047363,False
110,145,35,-3.2092992080688476,False
61,135,74,-3.209441460723877,False
67,137,70,-3.2098032128906246,False
79,120,41,-3.2099452133178707,False
85,120,35,-3.210284542236328,False
25,130,105,-3.2103429721069334,False
14,76,62,-3.210418959350586,False
11,72,61,-3.2104382000732423,False
19,73,54,-3.2105799066162106,False
9,52,43,-3.210635781555176,False
26,67,41,-3.210668420715332,False
10,105,95,-3.2108260797119144,False
131,149,18,-3.2110158682250978,False
50,140,90,-3.211032862243653,False
6,77,71,-3.2112779101562503,False
88,120,32,-3.211336397705078,False
35,74,39,-3.2115416644287107,False
24,70,46,-3.2115682623291013,False
89,135,46,-3.211602836914062,False
101,140,39,-3.211756659851074,False
27,68,41,-3.211868083496094,False
14,104,90,-3.211871484375,False
37,69,32,-3.2123232266235346,False
76,124,48,-3.212431218566895,False
47,86,39,-3.212436405639649,False
71,126,55,-3.2124931954956053,False
18,75,57,-3.2125870776367185,False
33,124,91,-3.212691908874512,False
82,148,66,-3.212778445129395,False
49,110,61,-3.212824529724121,False
48,109,61,-3.2128531625366206,False
21,72,51,-3.2130235482788088,False
29,104,75,-3.213367478942871,False
69,124,55,-3.2141784896850587,False
16,135,119,-3.2142148715209964,False
29,106,77,-3.214276057434082,False
80,120,40,-3.2143454922485355,False
66,114,48,-3.2144290582275388,False
86,135,49,-3.2145470230102537,False
29,105,76,-3.2147068817138673,False
97,150,53,-3.2148215267944336,False
17,77,60,-3.2148865982055668,False
76,128,52,-3.2149553659057615,False
85,137,52,-3.215003959655762,False
10,56,46,-3.2151126541137693,False
29,102,73,-3.2152692440795896,False
32,67,35,-3.215391116027832,False
9,146,137,-3.2161398556518557,False
7,60,53,-3.2162501141357422,False
80,121,41,-3.216502853088379,False
13,79,66,-3.2169207281494137,False
13,144,131,-3.2170151837158203,False
24,72,48,-3.217122883911133,False
13,88,75,-3.2171238375854494,False
10,145,135,-3.2171849478149412,False
89,117,28,-3.2174015872192383,False
83,142,59,-3.2174084075927736,False
101,152,51,-3.2174102734375,False
18,71,53,-3.217693577270508,False
85,142,57,-3.217700036010742,False
24,85,61,-3.2178077456665037,False
79,148,69,-3.217822444458008,False
85,138,53,-3.217855469970703,False
11,41,30,-3.2178857797241216,False
26,81,55,-3.2179426974487306,False
12,55,43,-3.2179957925415037,False
17,137,120,-3.2180168182373046,False
16,104,88,-3.2181178555297856,False
70,125,55,-3.2182133322143556,False
128,148,20,-3.218268578796387,False
26,102,76,-3.218297666320801,False
29,123,94,-3.2184218441772456,False
98,152,54,-3.218443720092773,False
65,135,70,-3.218506114196777,False
82,149,67,-3.218823991394043,False
37,74,37,-3.2189749533081056,False
87,135,48,-3.2189809210205076,False
28,65,37,-3.219002501831055,False
50,108,58,-3.2190118930053715,False
131,145,14,-3.2190998159790043,False
9,55,46,-3.21918921081543,False
17,136,119,-3.21929656829834,False
8,37,29,-3.219458161010742,False
27,72,45,-3.2197702404785153,False
26,75,49,-3.2200500695800782,False
13,68,55,-3.2201219229125977,False
94,134,40,-3.2202072299194335,False
88,148,60,-3.220303597106933,False
71,127,56,-3.220336110534668,False
98,136,38,-3.2206705105590823,False
51,86,35,-3.220727957763672,False
25,86,61,-3.2207888305664065,False
75,128,53,-3.2207997024536135,False
84,118,34,-3.2210529547119138,False
131,144,13,-3.221374157104492,False
29,121,92,-3.2213797540283204,False
11,76,65,-3.2218499755859376,False
65,136,71,-3.221935243530273,False
91,140,49,-3.2221500976562503,False
66,130,64,-3.2223571112060547,False
104,140,36,-3.222410732421875,False
71,124,53,-3.222816632995605,False
98,135,37,-3.2228594601440426,False
65,133,68,-3.2230999783325194,False
35,67,32,-3.223325936279297,False
14,70,56,-3.223431788635254,False
24,90,66,-3.2234823651123046,False
17,76,59,-3.2235279724121093,False
25,83,58,-3.2236107122802737,False
9,37,28,-3.2236449148559574,False
69,135,66,-3.224686519165039,False
7,141,134,-3.2247580072021487,False
25,72,47,-3.224792521057129,False
110,142,32,-3.22493313293457,False
26,80,54,-3.2250033404541014,False
84,119,35,-3.225706401672363,False
103,139,36,-3.2258084014892576,False
37,76,39,-3.225826242370606,False
12,79,67,-3.2258619812011715,False
20,70,50,-3.22586325592041,False
92,136,44,-3.2259368743896486,False
69,125,56,-3.2259604830932616,False
19,106,87,-3.2262166622924804,False
9,85,76,-3.2262678567504883,False
110,146,36,-3.226370285949707,False
22,86,64,-3.226684589233398,False
16,105,89,-3.226831540527344,False
83,120,37,-3.226918695068359,False
69,126,57,-3.227176349487305,False
67,136,69,-3.2273551263427733,False
110,143,33,-3.227878010559082,False
26,107,81,-3.2279036523437497,False
13,102,89,-3.2283593936157224,False
30,79,49,-3.2284046951293943,False
62,131,69,-3.2285018090820317,False
8,78,70,-3.2285563400268558,False
102,140,38,-3.228706640930176,False
35,66,31,-3.2287635858154298,False
50,87,37,-3.22883345123291,False
97,151,54,-3.229116085205078,False
10,41,31,-3.229686902770996,False
22,72,50,-3.2297266720581055,False
9,84,75,-3.2298281576538086,False
106,139,33,-3.230369788818359,False
11,108,97,-3.2305664752197267,False
7,59,52,-3.231335,False
23,72,49,-3.2313917443847657,False
15,140,125,-3.2315597399902343,False
15,104,89,-3.231952565307617,False
12,87,75,-3.232283511352539,False
67,111,44,-3.2323832415771485,False
27,106,79,-3.2324152523803713,False
22,108,86,-3.2324580371093754,False
27,103,76,-3.2329093014526364,False
52,115,63,-3.233280226745605,False
105,138,33,-3.233585101623535,False
27,105,78,-3.2338531494140623,False
79,149,70,-3.2338776181030275,False
24,105,81,-3.2339654635620114,False
11,144,133,-3.2339676269531252,False
15,142,127,-3.234026622009277,False
49,109,60,-3.2341624374389646,False
93,132,39,-3.234851125793457,False
9,138,129,-3.2354292102050777,False
19,111,92,-3.235521575012207,False
6,146,140,-3.235539655456543,False
11,107,96,-3.2358066497802733,False
10,59,49,-3.236216435852051,False
18,74,56,-3.2362391079711914,False
27,65,38,-3.236606552124024,False
9,39,30,-3.2371339056396486,False
28,68,40,-3.2371741284179683,False
25,87,62,-3.2377537368774414,False
92,130,38,-3.2379508218383792,False
5,58,53,-3.2379557281494145,False
29,130,101,-3.2380992172241214,False
89,118,29,-3.238318621520996,False
10,84,74,-3.2384172024536135,False
24,103,79,-3.238655951538086,False
11,138,127,-3.2390949017333988,False
15,141,126,-3.239249458618164,False
11,105,94,-3.2392873028564453,False
36,65,29,-3.239808519897461,False
70,124,54,-3.2400284045410155,False
90,151,61,-3.240106773376465,False
86,138,52,-3.240110832519531,False
33,64,31,-3.2401593457031246,False
9,57,48,-3.240329780883789,False
25,80,55,-3.240597039489746,False
90,131,41,-3.2411896566772462,False
64,137,73,-3.241303638305664,False
28,125,97,-3.24147187713623,False
73,111,38,-3.2414750125122067,False
107,140,33,-3.2418830444335938,False
25,105,80,-3.2419274325561522,False
12,86,74,-3.2422463653564457,False
84,149,65,-3.2423924588012696,False
22,82,60,-3.242544776306153,False
20,111,91,-3.2425879473876953,False
27,131,104,-3.2428827542114256,False
12,68,56,-3.242993489379883,False
24,89,65,-3.243069378356934,False
10,71,61,-3.2432387905883786,False
32,74,42,-3.2434181036376954,False
94,129,35,-3.243543999633789,False
7,57,50,-3.243594244689942,False
8,53,45,-3.243647713317871,False
10,77,67,-3.2439058224487303,False
13,58,45,-3.2439173468017577,False
132,145,13,-3.244070343017578,False
16,141,125,-3.2440928869628904,False
66,136,70,-3.2441162210083005,False
28,124,96,-3.2441461315917968,False
24,88,64,-3.244539544677734,False
51,108,57,-3.244570623779297,False
72,133,61,-3.2448173568725585,False
9,72,63,-3.245097347717285,False
133,149,16,-3.245166578979492,False
25,127,102,-3.2454315075683597,False
100,141,41,-3.245821492614746,False
94,132,38,-3.2460038897705075,False
8,39,31,-3.2460462307739255,False
25,88,63,-3.2463029324340824,False
9,77,68,-3.246428363037109,False
33,75,42,-3.2466868640136717,False
6,141,135,-3.2467058964538573,False
90,132,42,-3.2468529583740233,False
33,77,44,-3.246873333435059,False
66,129,63,-3.2469036294555664,False
27,80,53,-3.2470300588989263,False
105,139,34,-3.247161203918457,False
27,130,103,-3.247378413391113,False
85,141,56,-3.2476383639526367,False
65,137,72,-3.2476853112792967,False
10,88,78,-3.247804868774414,False
30,103,73,-3.2479574456787113,False
87,152,65,-3.248316450805664,False
31,65,34,-3.248327887573242,False
29,67,38,-3.248508258666992,False
69,111,42,-3.2490437469482423,False
88,138,50,-3.2490880255126955,False
23,85,62,-3.249112997436524,False
10,58,48,-3.249135546264648,False
64,132,68,-3.2495490747070312,False
10,39,29,-3.249865493774414,False
29,78,49,-3.2501626809692383,False
33,102,69,-3.2503269186401367,False
88,137,49,-3.2508840142822266,False
50,86,36,-3.250957560424805,False
7,144,137,-3.251194807434082,False
99,152,53,-3.2514550006103518,False
92,137,45,-3.2515040322875977,False
84,117,33,-3.2515806805419922,False
21,108,87,-3.251811170959473,False
8,144,136,-3.2519750558471676,False
66,135,69,-3.252023974304199,False
72,108,36,-3.2522834329223635,False
5,61,56,-3.252620639038086,False
103,140,37,-3.2527045687866214,False
88,135,47,-3.252742517700195,False
31,126,95,-3.2527482510375973,False
70,126,56,-3.2530059091186523,False
32,77,45,-3.253323131103516,False
47,111,64,-3.253597488098144,False
67,134,67,-3.2538073382568355,False
30,104,74,-3.2538636056518557,False
31,71,40,-3.2539266009521484,False
26,71,45,-3.253981643066406,False
21,107,86,-3.253997254333496,False
50,85,35,-3.2540203878784184,False
68,134,66,-3.2546952590942384,False
68,133,65,-3.2552559387207034,False
12,106,94,-3.2554646719360347,False
87,149,62,-3.255839940795899,False
89,137,48,-3.255904899291992,False
24,79,55,-3.2564003469848637,False
108,141,33,-3.2564183071899415,False
108,148,40,-3.2565983657836917,False
86,149,63,-3.256908298950195,False
14,143,129,-3.257041181640625,False
27,71,44,-3.25713854888916,False
16,70,54,-3.257314352416992,False
48,110,62,-3.257644112548828,False
9,76,67,-3.257682594299317,False
28,81,53,-3.2578883456420895,False
14,138,124,-3.258877556457519,False
73,130,57,-3.2588778509521483,False
129,146,17,-3.258957000427246,False
29,131,102,-3.25898884185791,False
63,135,72,-3.259234371948242,False
72,124,52,-3.259289337158203,False
72,109,37,-3.259606444091797,False
110,144,34,-3.2598050854492184,False
25,89,64,-3.259844865112305,False
31,77,46,-3.2605248486328122,False
31,69,38,-3.2607696908569337,False
86,118,32,-3.2609613815307616,False
36,66,30,-3.261122607421875,False
25,103,78,-3.2612110009765622,False
12,71,59,-3.2612315585327147,False
29,122,93,-3.2622186322021482,False
6,140,134,-3.2625785565185543,False
66,137,71,-3.2633726092529294,False
92,139,47,-3.2636316513061523,False
48,111,63,-3.2637475250244146,False
67,133,66,-3.264485741577148,False
98,142,44,-3.2644916452026367,False
90,139,49,-3.264591574401855,False
70,114,44,-3.265035817260742,False
83,149,66,-3.265256828308105,False
22,107,85,-3.265262270202637,False
6,60,54,-3.2655113278198242,False
29,129,100,-3.265513435974121,False
6,62,56,-3.2660030267333986,False
87,118,31,-3.266142752990723,False
71,132,61,-3.2662203887939456,False
73,132,59,-3.266232125854492,False
27,104,77,-3.266860357055664,False
32,66,34,-3.2671069396972654,False
16,136,120,-3.2671470281982424,False
90,137,47,-3.267213432922363,False
106,140,34,-3.2673614920043947,False
92,138,46,-3.2676179135131833,False
97,147,50,-3.267620194702148,False
30,121,91,-3.2679022952270507,False
27,70,43,-3.268081029968262,False
27,126,99,-3.2683440533447268,False
22,106,84,-3.2683458605957028,False
9,60,51,-3.2686576599121095,False
84,120,36,-3.2690211746215825,False
52,114,62,-3.2692522772216797,False
23,84,61,-3.2696225143432613,False
49,111,62,-3.269692421875,False
129,148,19,-3.2697032147216794,False
15,71,56,-3.269809276428223,False
8,61,53,-3.270002710571289,False
37,72,35,-3.2701976736450193,False
37,73,36,-3.2703386764526363,False
14,110,96,-3.270438162841797,False
20,72,52,-3.2709245703125,False
6,57,51,-3.271053802490234,False
91,136,45,-3.27126929107666,False
7,56,49,-3.2712693316650387,False
6,75,69,-3.2713683334350585,False
8,141,133,-3.271400191040039,False
22,87,65,-3.271797455444336,False
64,135,71,-3.271933416748047,False
34,64,30,-3.2721108547973636,False
7,77,70,-3.2722228213500975,False
105,150,45,-3.272498862304688,False
37,75,38,-3.2725412503051756,False
10,76,66,-3.2725838681030277,False
15,105,90,-3.2738899905395504,False
31,74,43,-3.274008385925293,False
89,138,49,-3.274104131164551,False
13,136,123,-3.2742092098999023,False
11,74,63,-3.274328075256348,False
93,134,41,-3.2744210156249998,False
88,119,31,-3.274502233886719,False
32,65,33,-3.274742359008789,False
20,109,89,-3.2747605239868163,False
8,60,52,-3.274874058227539,False
25,73,48,-3.274965080261231,False
129,147,18,-3.274988698425293,False
9,56,47,-3.2753026623535155,False
10,138,128,-3.275427648925781,False
17,71,54,-3.2754963619995117,False
29,70,41,-3.275516825866699,False
30,130,100,-3.2755398287963864,False
62,135,73,-3.275626939849853,False
85,119,34,-3.2756315896606445,False
73,131,58,-3.2760498223876953,False
24,84,60,-3.2761091940307616,False
33,74,41,-3.2762477487182613,False
66,127,61,-3.276513198852539,False
132,147,15,-3.2768919555664064,False
28,70,42,-3.276894635620117,False
7,142,135,-3.277085368347168,False
8,77,69,-3.2772411679077154,False
85,117,32,-3.277387608032227,False
73,128,55,-3.277601450195313,False
26,131,105,-3.278021247253418,False
20,110,90,-3.2780574560546873,False
17,104,87,-3.27836178527832,False
30,122,92,-3.2785994686889652,False
13,111,98,-3.2788826986694337,False
27,76,49,-3.27889583404541,False
26,70,44,-3.279254652404785,False
13,103,90,-3.2793350942993165,False
16,71,55,-3.28036094909668,False
68,111,43,-3.2805893228149414,False
16,140,124,-3.280750575561523,False
6,56,50,-3.2816052432250977,False
69,133,64,-3.2819703485107423,False
35,70,35,-3.2821674826049807,False
23,90,67,-3.283043592529297,False
91,131,40,-3.283193684387207,False
8,139,131,-3.2832253033447265,False
23,80,57,-3.283480706176758,False
32,124,92,-3.283725709533692,False
132,149,17,-3.2839990740966796,False
28,69,41,-3.2840252783203128,False
65,129,64,-3.2840761267089844,False
26,82,56,-3.284164401550293,False
29,103,74,-3.2843001599121093,False
27,78,51,-3.284457641906738,False
68,129,61,-3.285343243103027,False
89,151,62,-3.2856364617919924,False
69,114,45,-3.2859390985107426,False
19,107,88,-3.285944010925293,False
28,126,98,-3.2859732543945315,False
12,137,125,-3.2865554583740235,False
6,144,138,-3.2869790069580076,False
31,128,97,-3.2875354437255857,False
23,89,66,-3.287597041015625,False
23,79,56,-3.2878671426391604,False
16,77,61,-3.2878762234497065,False
15,73,58,-3.288127810668945,False
99,150,51,-3.288698450622559,False
72,129,57,-3.288944305419922,False
86,151,65,-3.2895787091064457,False
36,67,31,-3.290054358520508,False
68,127,59,-3.290240260009766,False
6,58,52,-3.2903003347778323,False
73,114,41,-3.2903654812622074,False
26,73,47,-3.290742189025879,False
16,137,121,-3.290936704711914,False
20,106,86,-3.2910396704101563,False
8,140,132,-3.2910748199462887,False
31,125,94,-3.2911022763061526,False
27,69,42,-3.2911309478759767,False
19,110,91,-3.291137335815429,False
70,127,57,-3.291173938598633,False
9,87,78,-3.2911774929809567,False
26,68,42,-3.291574405517578,False
8,73,65,-3.2916030273437498,False
34,71,37,-3.2917557482910156,False
9,86,77,-3.2923750341796874,False
6,59,53,-3.292406664123535,False
10,86,76,-3.29289392578125,False
27,79,52,-3.2929008743286134,False
25,107,82,-3.293035765991211,False
65,132,67,-3.2935200848388675,False
30,131,101,-3.2937033010864254,False
24,80,56,-3.2940669799804687,False
84,121,37,-3.294243128662109,False
18,105,87,-3.2942820019531247,False
26,104,78,-3.2944680917358395,False
99,142,43,-3.294470679626465,False
109,142,33,-3.29529145904541,False
131,148,17,-3.2953207943725586,False
35,75,40,-3.295354569091797,False
72,127,55,-3.295460799255371,False
12,72,60,-3.2956519827270503,False
85,118,33,-3.295974184875488,False
36,71,35,-3.296235094604492,False
14,71,57,-3.296312786865234,False
86,120,34,-3.296357507324219,False
7,76,69,-3.2965989929199218,False
13,110,97,-3.296637252807617,False
68,135,67,-3.296644862670898,False
14,139,125,-3.2969328997802734,False
9,144,135,-3.297407206115723,False
47,87,40,-3.2976716912841795,False
67,127,60,-3.297802482910156,False
29,77,48,-3.2982076538085936,False
24,73,49,-3.298309140625,False
9,58,49,-3.298480696411133,False
25,81,56,-3.2990136791992186,False
10,85,75,-3.2991235189819337,False
11,73,62,-3.299404694519043,False
27,129,102,-3.299897008972168,False
29,69,40,-3.3004089846801756,False
13,104,91,-3.300859509277344,False
73,108,35,-3.3009379296874997,False
29,65,36,-3.301621667480469,False
14,72,58,-3.301711974487305,False
68,128,60,-3.3021107690429687,False
23,81,58,-3.3022467453002933,False
29,75,46,-3.3023438229370115,False
107,148,41,-3.3023986267089844,False
70,130,60,-3.3026858062744138,False
30,66,36,-3.3046598754882814,False
8,74,66,-3.3046732666015624,False
105,140,35,-3.305325662841797,False
7,75,68,-3.3059635034179684,False
24,83,59,-3.306056201477051,False
23,83,60,-3.3063985183715823,False
92,131,39,-3.3066538281249995,False
27,75,48,-3.306915408020019,False
31,72,41,-3.30701359954834,False
32,70,38,-3.3072862182617184,False
30,78,48,-3.3074207800292967,False
12,105,93,-3.3075307998657224,False
5,56,51,-3.307623565673828,False
91,133,42,-3.3082010305786134,False
7,143,136,-3.3085566928100585,False
10,72,62,-3.308670751342773,False
15,72,57,-3.3089321514892576,False
11,75,64,-3.3091208010864257,False
130,149,19,-3.3092813635253906,False
87,117,30,-3.309497342529297,False
90,135,45,-3.3097500302124025,False
35,76,41,-3.309791252441406,False
91,139,48,-3.3103833197021486,False
23,88,65,-3.3106961380004885,False
28,74,46,-3.3109441571044926,False
106,149,43,-3.311521280212402,False
31,75,44,-3.3116056350708005,False
91,137,46,-3.311682661743164,False
25,128,103,-3.3117343307495117,False
130,146,16,-3.3121865600585934,False
19,109,90,-3.3129245861816408,False
71,129,58,-3.313317613220215,False
7,58,51,-3.313326958618164,False
103,151,48,-3.313502838439941,False
98,145,47,-3.313587914733887,False
28,80,52,-3.314400375061035,False
12,77,65,-3.314522852172851,False
19,72,53,-3.3149705981445314,False
9,73,64,-3.3152047897338868,False
12,70,58,-3.3152561599731443,False
30,123,93,-3.3154007839965822,False
87,119,32,-3.3155025585937503,False
104,150,46,-3.3164132244873046,False
8,75,67,-3.316430728759766,False
6,61,55,-3.3165612396240234,False
72,128,56,-3.316588811035156,False
14,111,97,-3.3172507131958007,False
32,75,43,-3.3174106985473637,False
24,106,82,-3.3175352566528318,False
12,76,64,-3.31819816986084,False
24,86,62,-3.3187068746948243,False
24,107,83,-3.3188836544799805,False
105,149,44,-3.319636192321777,False
18,72,54,-3.3203912942504887,False
29,125,96,-3.3205083801269533,False
33,72,39,-3.321132525939942,False
31,68,37,-3.3214260021972657,False
132,148,16,-3.3220482580566406,False
67,129,62,-3.3223929342651366,False
101,141,40,-3.322517879333496,False
35,71,36,-3.3226982861328125,False
14,105,91,-3.3228434634399413,False
92,135,43,-3.323186823425293,False
38,72,34,-3.323440064086914,False
90,134,44,-3.324400950012207,False
102,151,49,-3.324464706115722,False
30,129,99,-3.3245379306030274,False
26,105,79,-3.3246876025390626,False
13,86,73,-3.3258657421875,False
12,78,66,-3.325964082641602,False
86,119,33,-3.3262590588378904,False
34,74,40,-3.3264133300781253,False
87,120,33,-3.32660658782959,False
26,130,104,-3.3268185531616212,False
88,152,64,-3.3269680880737305,False
130,148,18,-3.327188539428711,False
26,129,103,-3.3275843658447264,False
8,56,48,-3.327675613098145,False
17,105,88,-3.327807056274414,False
26,72,46,-3.328287024841308,False
90,138,48,-3.3283809490966796,False
132,146,14,-3.328616921691894,False
67,130,63,-3.3293210433959963,False
68,130,62,-3.3298860012817384,False
9,59,50,-3.3301483551025393,False
9,74,65,-3.3302818646240233,False
28,71,43,-3.330728217773437,False
98,144,46,-3.330903460693359,False
97,146,49,-3.3310553005981447,False
30,74,44,-3.3311510366821286,False
92,133,41,-3.3317207247924805,False
87,151,64,-3.33197591583252,False
16,138,122,-3.3327671737670896,False
36,76,40,-3.332829475402832,False
23,107,84,-3.333614606323242,False
12,69,57,-3.3341876013183596,False
29,126,97,-3.3357842202758787,False
34,72,38,-3.336787431945801,False
65,127,62,-3.337739644165039,False
24,87,63,-3.3377646286010743,False
8,76,68,-3.3378091854858396,False
30,75,45,-3.337848362426758,False
87,150,63,-3.3379752377319334,False
71,131,60,-3.339189673461914,False
15,111,96,-3.339271071472168,False
70,132,62,-3.3395213943481443,False
98,143,45,-3.339703852844238,False
28,72,44,-3.3404898651123047,False
23,86,63,-3.340618524475098,False
86,150,64,-3.34112208404541,False
14,142,128,-3.341260765686035,False
129,149,20,-3.3414087686157226,False
16,139,123,-3.3414151602172852,False
9,75,66,-3.3423704730224606,False
14,140,126,-3.342439499511719,False
71,130,59,-3.342462789001465,False
66,132,66,-3.342504721984864,False
29,124,95,-3.3427042633056643,False
131,147,16,-3.3427491793823245,False
8,57,49,-3.342859666442871,False
31,73,42,-3.3431199639892575,False
23,106,83,-3.3440887149047853,False
26,69,43,-3.344184821777344,False
30,67,37,-3.3451207888793943,False
29,68,39,-3.345749605102539,False
13,87,74,-3.345902867431641,False
35,68,33,-3.346549375915527,False
35,73,38,-3.3471658865356444,False
103,150,47,-3.34789631225586,False
88,118,30,-3.3482321240234376,False
67,135,68,-3.348806725158691,False
10,74,64,-3.349133648681641,False
69,127,58,-3.3493693716430664,False
70,129,59,-3.349463151245117,False
17,75,58,-3.349555547180176,False
32,71,39,-3.34968327331543,False
14,109,95,-3.3499096890258793,False
13,78,65,-3.3501758398437502,False
36,74,38,-3.351070349121094,False
6,142,136,-3.351109202270508,False
104,149,45,-3.3514164193725584,False
14,73,59,-3.3519057763671873,False
19,108,89,-3.351919203491211,False
14,141,127,-3.3520983895874026,False
28,73,45,-3.352270799255371,False
109,147,38,-3.3525182330322267,False
24,81,57,-3.353084550170898,False
88,117,29,-3.353510278015137,False
98,150,52,-3.3538318161010743,False
10,87,77,-3.355154094543457,False
8,59,51,-3.355723320617676,False
100,142,42,-3.356154023132324,False
36,70,34,-3.3569857443237305,False
23,82,59,-3.3575109371948244,False
65,131,66,-3.35769618347168,False
31,76,45,-3.359234625854492,False
30,70,40,-3.359288352355957,False
15,74,59,-3.3594329415893553,False
34,70,36,-3.3610670300292966,False
36,68,32,-3.3613841998291014,False
109,143,34,-3.3624353271484373,False
33,71,38,-3.3627314401245116,False
23,87,64,-3.3631633062744144,False
12,138,126,-3.3646232540893557,False
131,146,15,-3.3653060833740236,False
99,151,52,-3.3657459133911134,False
100,150,50,-3.3658248654174807,False
29,71,42,-3.365946086120606,False
104,141,37,-3.366223299865722,False
130,147,17,-3.366661559143066,False
26,106,80,-3.366841631774902,False
71,128,57,-3.366868761291504,False
98,149,51,-3.3674656228637696,False
88,150,62,-3.368599243774414,False
6,143,137,-3.3691314395141605,False
9,139,130,-3.369558418273926,False
28,79,51,-3.3696153378295897,False
16,74,58,-3.3696707415771483,False
17,73,56,-3.369925909729004,False
28,78,50,-3.370658272399902,False
100,151,51,-3.370711798706055,False
30,77,47,-3.371055699157715,False
8,58,50,-3.3724993972778323,False
70,131,61,-3.3727309896850586,False
36,75,39,-3.3728034515380863,False
99,143,44,-3.3729811553955082,False
20,107,87,-3.3732795581054686,False
72,130,58,-3.3733644848632816,False
31,124,93,-3.3734998159790037,False
69,129,60,-3.3735084216308593,False
10,144,134,-3.3764277700805665,False
101,142,41,-3.3766117626953127,False
109,144,35,-3.377365436706543,False
13,69,56,-3.377575605773926,False
12,74,62,-3.377747426757813,False
29,76,47,-3.377846890869141,False
36,73,37,-3.3785824697875975,False
16,76,60,-3.3788664721679686,False
67,128,61,-3.3788715011596677,False
91,138,47,-3.3801108474731443,False
109,145,36,-3.380838547363281,False
25,82,57,-3.3810018035888674,False
13,137,124,-3.3810935342407227,False
102,142,40,-3.3811937255859377,False
13,77,64,-3.3812908322143556,False
28,128,100,-3.3813908810424804,False
17,74,57,-3.3817714553833005,False
69,130,61,-3.3826652728271482,False
32,72,40,-3.383460413513183,False
65,128,63,-3.384252852783203,False
34,65,31,-3.3844597631835938,False
30,69,39,-3.3850295809936526,False
34,75,41,-3.3860370562744135,False
31,127,96,-3.3861843746948237,False
8,143,135,-3.3862173052978513,False
17,72,55,-3.386319450683594,False
9,53,44,-3.387113961791992,False
10,73,63,-3.387190559387207,False
29,73,44,-3.3881282403564454,False
12,143,131,-3.3888102502441404,False
107,141,34,-3.389828002624512,False
34,76,42,-3.3899733331298827,False
99,149,50,-3.390341869506836,False
72,132,60,-3.3915120590209957,False
26,128,102,-3.391534405822754,False
35,72,37,-3.3916133020019528,False
12,73,61,-3.3925089767456056,False
92,134,42,-3.393102294616699,False
26,103,77,-3.3942409835815432,False
18,111,93,-3.3949072128295894,False
91,134,43,-3.395176580200195,False
11,139,128,-3.395299754638672,False
26,127,101,-3.395391272277832,False
91,132,41,-3.395635687561035,False
15,106,91,-3.395808923339844,False
66,128,62,-3.3965616790771485,False
29,72,43,-3.397280935058594,False
14,75,61,-3.3976835980224607,False
15,110,95,-3.3982838610839843,False
109,146,37,-3.3991023779296876,False
11,143,132,-3.3998877276611332,False
100,144,44,-3.4015858709716795,False
66,131,65,-3.4020175344848633,False
99,144,45,-3.4021675833129885,False
92,132,40,-3.4022030014038087,False
8,142,134,-3.4024785272216795,False
88,151,63,-3.4035132180786136,False
33,67,34,-3.4035830987548827,False
34,66,32,-3.4042574557495113,False
106,141,35,-3.404685791931152,False
25,106,81,-3.40507977355957,False
104,148,44,-3.4051328048706053,False
16,73,57,-3.4053352435302733,False
30,72,42,-3.4073357199096677,False
33,70,37,-3.407793762817383,False
10,75,65,-3.408357461853027,False
32,69,37,-3.4084989682006834,False
34,67,33,-3.4087861584472656,False
69,128,59,-3.4089692453002933,False
72,131,59,-3.4100554989624023,False
18,110,92,-3.4104838302612306,False
34,73,39,-3.4109128762817384,False
33,73,40,-3.410915264587403,False
98,151,53,-3.411765595092773,False
30,125,95,-3.412254588623047,False
14,74,60,-3.4130582662963866,False
99,148,49,-3.4130973928833006,False
32,68,36,-3.4131590527343745,False
9,141,132,-3.413302851867676,False
9,140,131,-3.4133775524902346,False
102,141,39,-3.414241666259765,False
99,145,46,-3.414254761657715,False
70,128,58,-3.4144000650024418,False
30,126,96,-3.4146622412109373,False
30,65,35,-3.415453405151367,False
33,76,43,-3.4171625155639647,False
108,142,34,-3.4175469610595703,False
20,108,88,-3.417606810302735,False
102,150,48,-3.41783664642334,False
13,109,96,-3.4179431787109373,False
28,77,49,-3.4183872079467776,False
15,75,60,-3.418517653198242,False
33,65,32,-3.42046090423584,False
24,82,58,-3.4208090805053715,False
12,75,63,-3.4216101373291017,False
18,106,88,-3.423196279602051,False
67,132,65,-3.4238738049316404,False
27,128,101,-3.4250690966796875,False
30,76,46,-3.4259907681274413,False
100,143,43,-3.426228314208984,False
16,75,59,-3.427735614624024,False
108,147,39,-3.428638977050781,False
28,75,47,-3.4289403060913086,False
11,141,130,-3.4294306713867186,False
13,70,57,-3.429587857971191,False
104,142,38,-3.42978600189209,False
98,148,50,-3.4305126040649414,False
105,148,43,-3.430970986022949,False
32,73,41,-3.4310752407836915,False
30,124,94,-3.432407188415527,False
105,141,36,-3.432738027648926,False
28,127,99,-3.434249471740723,False
91,135,44,-3.435650551147461,False
33,66,33,-3.437368866271973,False
101,151,50,-3.4379590090942385,False
104,147,43,-3.4410739053344725,False
14,106,92,-3.441276858520508,False
32,76,44,-3.4431152380371097,False
28,76,48,-3.4432684713745116,False
13,76,63,-3.443716445007324,False
16,106,90,-3.4443651718139647,False
35,69,34,-3.445015274963379,False
107,147,40,-3.4453855450439455,False
67,131,64,-3.445720346374512,False
10,139,129,-3.446272424011231,False
29,128,99,-3.446510136413574,False
11,140,129,-3.447745771179199,False
13,143,130,-3.4490831637573245,False
68,132,64,-3.4494624163818357,False
106,148,42,-3.4501148876953125,False
103,149,46,-3.4526254827880862,False
18,107,89,-3.453717294921875,False
68,131,63,-3.4544586639404296,False
36,72,36,-3.4548666693115235,False
13,71,58,-3.455038670349121,False
30,71,41,-3.456195747375488,False
16,111,95,-3.457964272155762,False
103,141,38,-3.458070476379395,False
30,128,98,-3.458547969665527,False
30,68,38,-3.4585820837402346,False
69,132,63,-3.460213437194824,False
107,142,35,-3.4610005023193358,False
100,145,45,-3.4612336428833013,False
13,105,92,-3.4612492974853515,False
102,149,47,-3.4680106802368167,False
103,142,39,-3.4680620767211914,False
13,108,95,-3.4700158609008787,False
15,109,94,-3.4703550091552735,False
34,68,34,-3.47104489654541,False
10,140,130,-3.4724061431884765,False
12,141,129,-3.475739688720703,False
100,149,49,-3.4768878790283204,False
13,138,125,-3.4770892849731445,False
9,143,134,-3.477163648071289,False
100,148,48,-3.4775340628051756,False
27,127,100,-3.4792440609741213,False
106,142,36,-3.4794753085327152,False
102,145,43,-3.4826195324707028,False
10,143,133,-3.4833343383789064,False
9,142,133,-3.4842337130737304,False
16,72,56,-3.4842476324462894,False
13,107,94,-3.4845965554809566,False
104,143,39,-3.4873158264160153,False
104,145,41,-3.487841932678223,False
99,146,47,-3.487896909790039,False
18,109,91,-3.4882358068847656,False
36,69,33,-3.488393446960449,False
108,144,36,-3.4899031170654298,False
11,142,131,-3.4913291302490235,False
13,72,59,-3.4914053247070314,False
98,146,48,-3.491466913757324,False
29,127,98,-3.495021852416992,False
108,145,37,-3.496225750732422,False
34,69,35,-3.4962629962158203,False
17,111,94,-3.49841934387207,False
104,144,40,-3.4998014535522457,False
108,143,35,-3.4998338690185546,False
12,139,127,-3.5005362203979495,False
16,110,94,-3.5012407287597656,False
30,73,43,-3.50135775177002,False
107,144,37,-3.504624351501465,False
14,107,93,-3.5060175128173823,False
13,141,128,-3.5094607058715823,False
100,147,47,-3.509889915466309,False
69,131,62,-3.5101481271362305,False
98,147,49,-3.510462055358887,False
99,147,48,-3.5107632400512694,False
101,150,49,-3.5120635058593748,False
14,108,94,-3.513245390319824,False
107,143,36,-3.513455160827637,False
106,143,37,-3.5154358651733397,False
103,148,45,-3.5181829248046874,False
101,144,43,-3.518300330505371,False
10,141,131,-3.5190698449707027,False
17,106,89,-3.5197102075195312,False
103,147,44,-3.5220532879638675,False
108,146,38,-3.5237960760498046,False
102,143,41,-3.5241294970703123,False
102,144,42,-3.5243952572631834,False
104,146,42,-3.528268223266602,False
15,107,92,-3.5287104696655276,False
33,68,35,-3.5294188006591796,False
12,140,128,-3.532069531555176,False
101,143,42,-3.5322336026000976,False
13,74,61,-3.5333463638305664,False
12,142,130,-3.5376264224243164,False
13,73,60,-3.538171929321289,False
13,75,62,-3.5393997497558596,False
107,145,38,-3.5395504354858396,False
105,142,37,-3.546907191467285,False
17,110,93,-3.5476778662109374,False
17,109,92,-3.5488835263061524,False
102,146,44,-3.5490256271362304,False
13,140,127,-3.549139227905273,False
16,107,91,-3.5515524102783202,False
18,108,90,-3.55424070892334,False
103,146,43,-3.5550227233886718,False
13,106,93,-3.555034891967773,False
105,147,42,-3.557600000610351,False
13,139,126,-3.5583892669677737,False
101,145,44,-3.5590139276123045,False
102,148,46,-3.559219185791016,False
100,146,46,-3.560438254699707,False
30,127,97,-3.5675566146850586,False
107,146,39,-3.569649126281738,False
103,145,42,-3.5707353366088865,False
33,69,36,-3.570814386901856,False
13,142,129,-3.5713066235351563,False
106,145,39,-3.5716462606811525,False
10,142,132,-3.5745690380859374,False
103,143,40,-3.5775451058959957,False
106,144,38,-3.5847435357666013,False
16,109,93,-3.5855385403442384,False
105,145,40,-3.5886421170043947,False
102,147,45,-3.595273256530762,False
106,147,41,-3.59840845703125,False
17,107,90,-3.6036734085083006,False
101,148,47,-3.6070572851562503,False
15,108,93,-3.60908866607666,False
105,143,38,-3.609560346069336,False
17,108,91,-3.616116683959961,False
103,144,41,-3.6234263366699215,False
105,144,39,-3.6395563677978515,False
106,146,40,-3.6467127774047854,False
101,149,48,-3.653501077575684,False
16,108,92,-3.6596474310302733,False
101,146,45,-3.6745344448852544,False
101,147,46,-3.6793065130615235,False
105,146,41,-3.690058881835937,False
