res1,res2,delta,Cscore,Real
6,112,106,-0.11895243871897458,True
5,111,106,-0.13005102239280938,True
4,109,105,-0.1314771376287937,True
3,109,106,-0.13200923430770634,True
4,110,106,-0.13445866932868958,True
5,110,105,-0.1370930561515689,True
8,114,106,-0.1389140816122666,True
10,116,106,-0.14104672012895345,True
10,118,108,-0.1417687619137764,True
3,108,105,-0.14287606375217438,True
7,113,106,-0.1491855764913559,True
6,111,105,-0.14984684744775295,True
10,117,107,-0.1501283117452264,True
7,114,107,-0.15261811195671557,False
11,118,107,-0.15637951248139143,False
136,156,20,-0.15708665374062955,True
4,108,104,-0.15772320436954498,False
5,112,107,-0.1578220499050617,True
135,157,22,-0.15822653332725167,False
110,156,46,-0.1590502661037445,True
13,121,108,-0.15926610319674014,True
135,156,21,-0.16176831293918192,True
3,110,107,-0.1647523573565483,True
111,156,45,-0.16497089650884272,False
4,111,107,-0.1690652041387558,True
139,153,14,-0.17033387346163392,True
111,155,44,-0.17089895558107643,True
136,155,19,-0.171017777704224,True
134,158,24,-0.17220052273616196,True
39,58,19,-0.172551740142107,True
9,116,107,-0.17295380202651023,False
137,155,18,-0.1736936274278164,True
134,157,23,-0.17613331745609642,True
8,115,107,-0.17785832364857196,True
36,56,20,-0.17795813712120057,True
6,113,107,-0.1792787389945984,True
113,153,40,-0.18005912145644426,True
6,110,104,-0.18040187895119192,True
116,150,34,-0.18174971170961857,True
7,112,105,-0.18298903874576092,True
9,117,108,-0.18384079577863216,True
138,153,15,-0.1840260354423523,True
40,59,19,-0.18408598486542702,True
110,157,47,-0.1859869861614704,False
41,60,19,-0.18768532327890397,True
2,107,105,-0.18894897050142287,True
8,113,105,-0.18949199149042367,True
112,154,42,-0.19039349843785167,True
114,153,39,-0.19178078260257841,False
136,157,21,-0.19194029326364398,True
114,152,38,-0.1919616670306027,True
142,150,8,-0.1994700631392002,True
112,156,44,-0.19951019361555575,True
112,155,43,-0.2024933345510438,True
117,150,33,-0.20286447269320487,False
109,157,48,-0.20347422980278732,True
9,115,106,-0.20607407738685607,True
109,158,49,-0.2067350021958351,True
140,152,12,-0.2068036457644403,True
3,111,108,-0.20795747194528577,True
113,154,41,-0.20967707185372708,True
40,60,20,-0.20971869111180305,True
60,74,14,-0.21029513887405393,True
115,152,37,-0.212318387603499,False
41,93,52,-0.2131577211904526,True
143,149,6,-0.21339650405883787,True
42,94,52,-0.21348105385065078,True
141,151,10,-0.21352648829579354,True
63,76,13,-0.213817981300354,True
109,156,47,-0.21448623613357545,True
140,153,13,-0.21615529965519906,False
138,154,16,-0.21630331516172738,True
4,107,103,-0.2175023106503487,True
143,150,7,-0.2180239951199293,True
144,149,5,-0.21893128284454347,False
7,115,108,-0.22106888812839984,True
9,114,105,-0.2235367077469826,False
137,154,17,-0.22420822369143364,True
9,118,109,-0.226155431740284,True
117,149,32,-0.22698371819496152,True
116,151,35,-0.22722275421366095,True
136,154,18,-0.22774824425578116,False
60,75,15,-0.22842545064926148,True
111,154,43,-0.22914673332214358,False
138,152,14,-0.22985997512727976,True
115,151,36,-0.23012362149506807,True
3,107,104,-0.23103804478168488,True
139,152,13,-0.23221919091790913,True
143,148,5,-0.233519308719635,True
142,151,9,-0.23505432792186737,False
140,151,11,-0.23675050162851813,True
110,158,48,-0.23879096184253693,False
41,61,20,-0.23980997081756592,True
141,152,11,-0.2403804671573639,True
42,61,19,-0.2432636851930618,True
134,156,22,-0.24409363421559335,True
43,62,19,-0.245478772354126,True
2,108,106,-0.24644531049728396,True
61,74,13,-0.24818648616313937,True
60,73,13,-0.24900766946315764,True
39,59,20,-0.25081819070339206,False
138,155,17,-0.25627724340975283,True
42,95,53,-0.2564879691362381,True
114,154,40,-0.258416435188055,True
41,92,51,-0.2586161370706558,True
42,60,18,-0.2590831073331833,True
41,94,53,-0.25943122433662413,True
42,62,20,-0.2602350007343292,True
63,68,5,-0.26206945192813874,False
110,155,45,-0.2637045873594284,True
40,58,18,-0.26478847518205645,True
40,92,52,-0.2664369944000244,True
111,153,42,-0.26702049943447115,False
141,150,9,-0.26868053122520447,True
116,149,33,-0.26936181032657625,True
109,155,46,-0.27100848171472547,True
10,119,109,-0.27189931564331055,True
13,120,107,-0.2723451688957214,True
41,91,50,-0.2724197107934952,True
133,158,25,-0.27259709262549875,True
11,119,108,-0.2734094440460205,False
116,152,36,-0.2741655294071138,False
25,147,122,-0.2746029703807831,True
3,91,88,-0.2767414211273193,True
36,57,21,-0.27846465273857113,True
135,154,19,-0.278629850730896,True
8,112,104,-0.27908529152154926,True
134,159,25,-0.2817610141122341,True
10,115,105,-0.2828056483411789,False
40,91,51,-0.283351004076004,False
43,61,18,-0.2835706548500061,True
1,108,107,-0.28459122026443484,True
38,90,52,-0.2846236797642708,True
113,152,39,-0.284712024872303,True
41,59,18,-0.28581344442367557,False
25,146,121,-0.2860021358203888,True
1,107,106,-0.28771857238769527,False
3,90,87,-0.2884504103469848,True
63,74,11,-0.2890367929935455,True
118,149,31,-0.2894020383310318,False
39,91,52,-0.2907943160247803,True
61,75,14,-0.2941113628768921,True
139,154,15,-0.29540994983434676,True
108,158,50,-0.298107813129425,True
114,151,37,-0.2986597896671295,True
38,58,20,-0.29991747602939606,True
112,153,41,-0.3006390659213066,True
135,155,20,-0.30293904941558836,True
40,93,53,-0.3035081179714203,True
38,92,54,-0.304258510286808,True
62,76,14,-0.3049606971931457,True
13,124,111,-0.30783099529266356,True
133,159,26,-0.3078426328599453,True
39,92,53,-0.30784724389076235,True
61,72,11,-0.31018243646144866,True
59,73,14,-0.31120986373901366,True
44,62,18,-0.3147181046772003,False
63,75,12,-0.31585090284347533,True
61,73,12,-0.3165260273075104,True
16,120,104,-0.31721367687225344,False
60,72,12,-0.3183011858534813,True
38,91,53,-0.3191586861753464,True
12,118,106,-0.3194012911319733,False
2,90,88,-0.31963919491767884,False
3,92,89,-0.32073427978515623,True
43,95,52,-0.32126120343208314,True
39,57,18,-0.32653766512870785,True
39,60,21,-0.32797609718322757,True
140,150,10,-0.3286718850660324,True
26,147,121,-0.32871009099006654,True
58,73,15,-0.3293913480806351,True
11,117,106,-0.33704112827301025,False
44,63,19,-0.3382183407211304,True
9,119,110,-0.3403787040519714,True
135,158,23,-0.34178053659439084,False
115,150,35,-0.3421261715888977,True
44,64,20,-0.3423422888278961,False
142,149,7,-0.3423433320999146,False
42,93,51,-0.34330125997543337,True
144,150,6,-0.3443804831123352,False
137,156,19,-0.34441207845687866,False
63,69,6,-0.34488052561759946,False
141,153,12,-0.34628634141922,True
5,113,108,-0.34695078552246095,False
2,91,89,-0.35019322618961335,True
26,151,125,-0.35029165163993836,True
132,159,27,-0.3547111768126488,True
45,64,19,-0.35753189044952394,False
39,90,51,-0.3585439270591736,False
143,151,8,-0.35884524054527284,True
132,158,26,-0.36269167445659634,True
5,109,104,-0.36299392055511476,False
62,75,13,-0.36342758693695065,True
69,74,5,-0.3636489347267151,True
108,159,51,-0.36376344878196715,False
68,74,6,-0.363874725894928,False
133,157,24,-0.3656644249796867,True
8,13,5,-0.36769053987503053,True
113,151,38,-0.3725905213546753,True
62,77,15,-0.3747613550949097,True
43,63,20,-0.3760275365161896,True
12,119,107,-0.3766028874492645,False
40,94,54,-0.3781001055908203,True
62,74,12,-0.3793638467597961,False
38,89,51,-0.38046338914871214,False
37,56,19,-0.3806185264587402,True
66,76,10,-0.3834711767196655,False
27,151,124,-0.38471242938995365,True
8,116,108,-0.38868073276519777,False
16,122,106,-0.38874449781417847,True
108,157,49,-0.3904911238479614,True
24,147,123,-0.3954760653686523,True
64,76,12,-0.39727764652252195,True
5,92,87,-0.3975554437637329,True
63,77,14,-0.3976098254203796,False
2,109,107,-0.3978439888954163,True
43,94,51,-0.39834937450408936,False
37,58,21,-0.40199734773635865,False
37,57,20,-0.40317136077880866,True
67,74,7,-0.40534278926849365,True
76,81,5,-0.4054509184265137,False
133,156,23,-0.40805493638992313,True
107,159,52,-0.4112937598228455,False
26,146,120,-0.4152971277427674,True
118,150,32,-0.4229640753173828,False
119,149,30,-0.4232253133106232,False
59,72,13,-0.42337225293159486,True
4,92,88,-0.4234316006183624,True
65,76,11,-0.42431400642395023,False
115,149,34,-0.4246096602630615,True
48,68,20,-0.42620165441513064,False
40,61,21,-0.4263229825401306,False
78,103,25,-0.42634033102989194,True
41,62,21,-0.43888915159225467,True
35,56,21,-0.4390311397361756,False
75,81,6,-0.4425073873710632,True
14,121,107,-0.4429698717689514,False
107,158,51,-0.4434685519599914,True
66,74,8,-0.44358036978721616,True
68,73,5,-0.44715522436141963,False
24,146,122,-0.44767293312072753,False
36,58,22,-0.44843997741699215,False
12,120,108,-0.44875946174621584,False
3,93,90,-0.45154909563064577,True
35,57,22,-0.4524925314712524,True
1,90,89,-0.455421290397644,True
75,80,5,-0.4661135404396057,True
27,153,126,-0.46726760770797726,False
43,96,53,-0.4706208984565735,True
16,121,105,-0.4706807462978363,True
44,61,17,-0.4724329100608825,True
12,121,109,-0.47464316053390504,False
42,96,54,-0.4765448662567139,True
10,114,104,-0.4775389387893677,False
39,89,50,-0.48264366914749146,False
62,68,6,-0.4858870283508301,False
4,93,89,-0.4879433576965332,True
26,144,118,-0.4880257352256775,False
36,55,19,-0.4887548094940185,True
30,155,125,-0.4894535510921478,False
38,59,21,-0.49071454458236696,False
12,124,112,-0.49105526527404786,True
11,116,105,-0.4913674386596679,False
6,114,108,-0.4934160226249695,False
2,106,104,-0.4947292197608948,True
26,148,122,-0.49780925903320317,False
38,57,19,-0.4986205354499817,True
42,59,17,-0.4998025739479065,True
64,69,5,-0.5010400858688355,False
2,92,90,-0.5037911938476562,False
45,63,18,-0.5042338193893433,False
7,12,5,-0.5059140933036804,False
45,65,20,-0.5068928028869629,False
25,144,119,-0.5114206814956666,False
13,123,110,-0.5129786035919189,True
13,122,109,-0.5132616058731079,False
43,60,17,-0.5138704613113403,False
14,120,106,-0.515617660560608,False
25,145,120,-0.5176439974784851,False
117,148,31,-0.5189086478233337,False
117,151,34,-0.5189501954841613,False
32,55,23,-0.5270960280227661,False
45,62,17,-0.5275394594573974,False
16,123,107,-0.5299582151031494,True
40,57,17,-0.5318611168670654,True
118,148,30,-0.5336047165107727,False
42,63,21,-0.53372108253479,False
39,88,49,-0.5339531680679321,True
64,77,13,-0.5342087533950806,False
26,145,119,-0.5343271444511414,False
58,72,14,-0.5344478383255005,False
25,148,123,-0.535965606918335,False
44,65,21,-0.540559114894867,True
142,148,6,-0.5455104689025878,False
115,153,38,-0.5508071008777619,False
15,123,108,-0.5572817379760743,True
23,28,5,-0.5581833456802368,False
5,93,88,-0.5602218570137024,True
65,77,12,-0.563908349533081,False
11,120,109,-0.5646556005859374,False
13,119,106,-0.5672066638374329,True
137,153,16,-0.5705122266483307,True
38,88,50,-0.5732035478782654,True
66,75,9,-0.5746129344940185,False
111,157,46,-0.5762588735961913,False
9,113,104,-0.5847973520278931,False
119,148,29,-0.5854560449790955,False
30,153,123,-0.5868067819976807,True
109,159,50,-0.5882401807022095,False
33,55,22,-0.5901076724624634,False
13,118,105,-0.5910050071525574,False
1,109,108,-0.5911770955657959,True
53,59,6,-0.5913999904251098,True
110,128,18,-0.5925345794486999,True
33,56,23,-0.5941115421485901,False
79,103,24,-0.5973383932876587,False
23,147,124,-0.5983704126358033,True
106,159,53,-0.5983830313873291,False
7,111,104,-0.6007965836524963,False
68,75,7,-0.601158655052185,False
24,148,124,-0.6095054294204713,True
61,71,10,-0.6101562766265869,False
15,122,107,-0.6132078079223633,False
27,152,125,-0.6136318738555908,False
79,106,27,-0.6153090084457398,False
35,55,20,-0.6200933290100098,False
135,159,24,-0.62122729763031,False
14,124,110,-0.6272060456848145,True
47,68,21,-0.6274774293708801,False
63,70,7,-0.6277099403381348,False
8,117,109,-0.6316106450653076,False
62,69,7,-0.6320745738983155,False
139,155,16,-0.6321327867126465,False
6,12,6,-0.6334503378295898,False
53,58,5,-0.6341431055450439,False
41,95,54,-0.6341510181427001,True
7,13,6,-0.6366585382461547,False
24,145,121,-0.6376109465026856,False
4,112,108,-0.6379587801742554,False
35,54,19,-0.6386104066848755,True
1,106,105,-0.6404230765151977,False
142,152,10,-0.6405305121612549,False
39,56,17,-0.6457506972122193,False
59,74,15,-0.6457788502883911,False
17,122,105,-0.6460901955604553,False
66,77,11,-0.6469758316802978,False
4,103,99,-0.6474495620727538,True
1,91,90,-0.6488846812057496,True
62,99,37,-0.6516148054504395,True
7,116,109,-0.6516616704559326,False
14,123,109,-0.6516965789794922,True
32,54,22,-0.6528070213317871,False
15,121,106,-0.6549483198165893,True
27,154,127,-0.6557641001892089,False
38,56,18,-0.656485771484375,False
61,76,15,-0.6572159217071534,False
137,157,20,-0.6584027419281006,False
43,64,21,-0.6587216875457764,False
15,120,105,-0.6590335090255738,False
10,120,110,-0.6592664011383056,False
10,121,111,-0.6619897364807128,False
60,76,16,-0.6627393138122558,False
67,75,8,-0.663361855545044,False
131,159,28,-0.664535881614685,False
63,73,10,-0.6722841207122803,False
62,73,11,-0.6726775016403198,False
24,144,120,-0.6728712962532043,False
26,150,124,-0.673533370513916,False
75,84,9,-0.6749322956848145,True
17,123,106,-0.6749949588394164,False
62,78,16,-0.6769669593429566,True
45,98,53,-0.6781619387817382,False
131,158,27,-0.6796799915218353,False
107,157,50,-0.6813127841949462,False
52,59,7,-0.6848817419433594,False
5,108,103,-0.6850577458190917,False
60,71,11,-0.6851214049339294,False
64,78,14,-0.685218341217041,False
47,72,25,-0.685643514251709,True
67,73,6,-0.6870222122573852,False
2,93,91,-0.6887852685165405,True
36,54,18,-0.6931815262985229,False
69,75,6,-0.694508056488037,False
12,117,105,-0.6957712218093872,False
41,58,17,-0.696720150604248,False
43,93,50,-0.6973420568466187,False
32,56,24,-0.6998366363525391,False
6,109,103,-0.7000300395965576,False
37,59,22,-0.7021332685852051,False
14,122,108,-0.7027811346435546,False
50,59,9,-0.7045785443878174,False
52,57,5,-0.7113444709777832,False
64,75,11,-0.712746434173584,False
67,72,5,-0.7129658770751953,False
6,14,8,-0.7143964878845215,True
46,64,18,-0.7144645886993408,False
17,120,103,-0.7149351579666138,False
63,78,15,-0.7155878885650635,False
51,59,8,-0.716479853515625,False
62,72,10,-0.7167178943634033,False
65,75,10,-0.7171107826232911,False
7,14,7,-0.7173527439498901,True
62,67,5,-0.7210204352188111,False
59,75,16,-0.7258011879730224,False
4,104,100,-0.7260102912139892,True
119,150,31,-0.7280461537170411,False
139,151,12,-0.7287392164993286,False
78,102,24,-0.7323631935501098,True
97,102,5,-0.7348250227737427,False
58,71,13,-0.7393464907073974,False
44,95,51,-0.7432869137382507,False
9,121,112,-0.744764213180542,False
62,81,19,-0.7457142227935791,True
136,158,22,-0.7463773154067993,False
64,98,34,-0.7499287310791016,False
67,76,9,-0.7511058860397338,False
27,150,123,-0.7542284405136108,False
26,143,117,-0.755063564414978,False
101,125,24,-0.7555277310180664,False
60,70,10,-0.7561723040771484,False
11,121,110,-0.7561952909469605,False
34,55,21,-0.7569458442687989,False
28,153,125,-0.7572456115722657,False
65,74,9,-0.7574101536560058,False
2,110,108,-0.7592833083343506,False
63,72,9,-0.7606195443725585,False
113,155,42,-0.7608915258026123,False
26,149,123,-0.761812300605774,False
144,151,7,-0.7620954277038574,False
137,152,15,-0.7658227155303955,False
4,106,102,-0.7661106678009033,False
48,69,21,-0.7686412523651123,False
63,71,8,-0.7703888354110717,False
21,121,100,-0.7705506094932556,False
61,69,8,-0.7713770798110962,True
45,61,16,-0.7718508229827881,False
23,148,125,-0.7729701324462891,True
141,149,8,-0.7749791767501831,False
46,65,19,-0.7825745598983764,False
61,77,16,-0.7833150782394409,False
16,21,5,-0.7850125377273559,False
59,71,12,-0.7853500992584228,True
33,57,24,-0.7857428824234008,False
12,123,111,-0.7885074879837036,False
17,121,104,-0.7888821531295777,False
119,147,28,-0.7891685182189941,False
30,154,124,-0.7900490497589111,False
21,119,98,-0.7928166079330444,True
9,14,5,-0.7930264241027831,True
34,56,22,-0.793879193611145,False
23,146,123,-0.7989115716171264,True
1,89,88,-0.8013172814559937,True
105,159,54,-0.8043150006103514,False
6,125,119,-0.8051361806488038,True
65,78,13,-0.8055124482727051,False
81,103,22,-0.8060760308456422,False
9,120,111,-0.8065321663665772,False
60,85,25,-0.8072843544006348,True
28,151,123,-0.8084499105834961,False
61,70,9,-0.8105748246002197,False
42,92,50,-0.814821194229126,False
142,147,5,-0.8168730517578124,False
26,152,126,-0.8176180882263184,False
5,94,89,-0.8195036001396179,True
60,69,9,-0.8237950056457519,False
60,81,21,-0.8254412476348877,True
6,13,7,-0.8267072807312011,False
32,57,25,-0.828355447845459,False
54,59,5,-0.8283799518203736,True
36,59,23,-0.828476269454956,False
64,70,6,-0.8319156796646118,False
28,152,124,-0.8328435633087159,False
13,125,112,-0.8336050451660156,False
47,52,5,-0.8348272915649414,False
26,142,116,-0.8349749351501465,False
7,110,103,-0.8352148262786866,False
39,61,22,-0.8352481838989257,False
21,120,99,-0.8377992478942872,False
52,58,6,-0.8385530422210694,False
12,127,115,-0.84016684715271,True
48,65,17,-0.8434787431335449,False
3,106,103,-0.8436443174743653,False
44,96,52,-0.8439205360794068,False
4,91,87,-0.8447596898269654,False
58,74,16,-0.8453907024383545,False
64,74,10,-0.845937968826294,False
62,70,8,-0.8480928849029541,False
33,54,21,-0.8496757756805421,False
22,119,97,-0.8529499569511414,True
61,68,7,-0.8532338637542726,False
27,144,117,-0.8536798861312865,False
43,59,16,-0.8541179210662841,False
25,149,124,-0.8542741800689697,False
145,150,5,-0.8550351495742797,False
25,151,126,-0.8565541995239258,False
101,126,25,-0.8600690320587159,True
116,148,32,-0.8622991033935546,False
78,99,21,-0.8649964459228515,False
60,84,24,-0.8654989061737061,True
38,60,22,-0.8657372904205323,False
48,64,16,-0.8671291445159912,False
15,124,109,-0.867512377319336,False
40,90,50,-0.8686908397293092,False
4,90,86,-0.8716960910034179,False
64,99,35,-0.8726835387420655,False
26,153,127,-0.8751731950378417,False
78,106,28,-0.876619349861145,False
37,89,52,-0.8767170974731446,False
70,75,5,-0.8783339099121094,False
46,68,22,-0.8808125360870361,False
62,71,9,-0.8811512813949586,False
110,159,49,-0.8843461804199219,False
141,148,7,-0.8850486785888672,False
66,73,7,-0.8852913187408447,False
118,147,29,-0.8858301116943359,False
44,60,16,-0.8871429743957518,False
100,125,25,-0.8883580587768554,True
18,123,105,-0.888483045578003,False
35,92,57,-0.8889221786117554,True
8,111,103,-0.8893020512390137,False
4,94,90,-0.8894331277084351,True
8,14,6,-0.889643088607788,True
97,123,26,-0.8915364618682862,True
47,65,18,-0.89605669921875,False
53,71,18,-0.896292405090332,True
117,147,30,-0.8968734736251831,False
7,15,8,-0.897002414855957,False
116,153,37,-0.8978972970581054,False
30,156,126,-0.8996377056884766,False
112,125,13,-0.9001120771789551,False
112,157,45,-0.9011762283325195,False
3,112,109,-0.9019785732650757,False
6,94,88,-0.9021655993270874,True
40,62,22,-0.902239440689087,False
37,90,53,-0.9026475603866577,False
106,158,52,-0.9041406352996827,False
34,54,20,-0.9050265193939209,False
3,89,86,-0.9052862567901612,False
14,119,105,-0.9071505808258056,False
35,40,5,-0.9096043007278443,True
6,115,109,-0.9107764359664916,False
11,115,104,-0.9110810538482665,False
35,58,23,-0.9112969699859619,False
57,71,14,-0.9118719364929199,False
34,57,23,-0.9121770049285889,False
117,152,35,-0.9137847397613525,False
5,107,102,-0.9142005610656738,False
62,98,36,-0.9144118405914308,False
49,68,19,-0.9149076138305665,False
57,72,15,-0.9157327319335937,False
24,29,5,-0.9158124479675293,False
12,125,113,-0.9169030805969239,True
49,61,12,-0.9171028224182128,False
45,95,50,-0.9184217747116088,False
118,151,33,-0.9203174394989013,False
138,156,18,-0.9234819354248047,False
34,39,5,-0.9239613416290282,False
29,153,124,-0.9250834662628173,False
6,92,86,-0.9258848412322997,False
22,27,5,-0.9260353618621826,False
2,89,87,-0.9263413428878785,False
2,103,101,-0.9264993766784668,True
14,118,104,-0.9292521211242676,False
104,128,24,-0.9293019313049318,True
2,104,102,-0.9299031547164918,False
39,93,54,-0.930728332824707,False
7,117,110,-0.9312406006622315,False
114,123,9,-0.9317173644256591,False
47,61,14,-0.9322981576538085,True
113,125,12,-0.9341745338439942,False
40,56,16,-0.9356226869201659,False
61,81,20,-0.9366309546661377,False
57,73,16,-0.938720135231018,False
6,15,9,-0.939069915084839,False
1,110,109,-0.940558572845459,False
45,66,21,-0.9415470271301271,False
86,91,5,-0.9421108305740356,False
18,122,104,-0.942890901184082,False
82,91,9,-0.944795887374878,True
85,91,6,-0.9467121528625488,True
15,21,6,-0.9473406208038331,False
47,69,22,-0.9474208764266967,False
46,63,17,-0.9484278926086425,False
12,116,104,-0.9490301289749146,False
101,124,23,-0.9494064404296875,False
108,156,48,-0.950664762878418,False
27,145,118,-0.9512683795547485,False
46,51,5,-0.9553018928146363,False
68,76,8,-0.9560430764007568,False
48,61,13,-0.9562109636688232,False
27,147,120,-0.9568631005859375,True
5,91,86,-0.9570457653045654,False
110,127,17,-0.9589711704254149,False
31,155,124,-0.9600884887695311,False
12,122,110,-0.9602671401977538,False
50,60,10,-0.9607835827636718,False
47,64,17,-0.9615352239227295,False
45,96,51,-0.9625928433990479,True
115,154,39,-0.9637342626953125,False
132,157,25,-0.9655178949737548,False
42,58,16,-0.967831157989502,False
111,158,47,-0.9680888712310791,False
62,80,18,-0.9751513159942627,False
93,99,6,-0.9754875868225097,True
96,101,5,-0.9760759175872803,False
45,68,23,-0.9785381121826171,False
29,155,126,-0.9785930226898193,False
42,64,22,-0.9790369921875,False
41,63,22,-0.980271837539673,False
119,146,27,-0.9828295248413086,False
64,71,7,-0.983586215209961,False
46,62,16,-0.9878028327941895,False
50,61,11,-0.9881782038879395,False
139,150,11,-0.9888526136016846,False
34,92,58,-0.9899236748504638,True
111,128,17,-0.9905485505676269,False
37,92,55,-0.9908208186340332,False
23,149,126,-0.9912444783782959,True
41,57,16,-0.9925003778076172,False
85,90,5,-0.9932514948272704,False
27,155,128,-0.995269902420044,False
6,93,87,-0.9968252713012695,False
20,121,101,-0.9968879960632325,False
3,103,100,-1.0023292770004273,False
49,59,10,-1.0027612126922607,False
140,154,14,-1.0038346067810058,False
1,92,91,-1.0054480282592775,False
113,156,43,-1.0057474953842163,False
30,152,122,-1.0086411038208007,False
79,102,23,-1.0095079077911377,False
24,149,125,-1.0100808087921143,True
43,97,54,-1.0101353234100343,False
20,120,100,-1.0110141868591307,False
16,124,108,-1.0110927363586426,False
8,118,110,-1.0129919828796388,False
37,55,18,-1.0151675122833252,False
46,61,15,-1.016070037765503,False
111,125,14,-1.0181982486724854,False
122,127,5,-1.0182401863861084,False
15,20,5,-1.0189765616607667,True
114,124,10,-1.0195079483032228,False
7,94,87,-1.0201542498016356,False
115,123,8,-1.0201776763916015,False
104,126,22,-1.0208998834991454,True
115,121,6,-1.0213362587738037,False
42,91,49,-1.02141982421875,False
80,103,23,-1.0216557659912109,False
65,70,5,-1.0243312213897704,False
41,90,49,-1.0243566792678833,False
27,146,119,-1.025027019958496,False
58,85,27,-1.0258687238311768,True
1,103,102,-1.030948621673584,False
39,87,48,-1.0338909304809571,False
93,103,10,-1.0349167080688475,True
44,66,22,-1.038697670135498,False
5,95,90,-1.0389385126876831,False
1,104,103,-1.0394430771636962,False
25,143,118,-1.0401194257354738,False
18,121,103,-1.0402799257659914,False
113,124,11,-1.0434824239349365,False
60,77,17,-1.0437287622833251,False
116,121,5,-1.0441857568359374,False
26,141,115,-1.0448457173919679,True
5,114,109,-1.0457989126586913,False
53,72,19,-1.0464696369934081,True
49,60,11,-1.0492123253631591,False
138,151,13,-1.0506896411132813,False
112,126,14,-1.054295838317871,False
8,110,102,-1.0571229921722414,False
1,88,87,-1.0575777471160888,False
67,77,10,-1.0591280126953124,False
110,125,15,-1.0615169444274903,False
94,99,5,-1.0618868307495117,False
22,120,98,-1.0628221623611451,False
25,150,125,-1.064197635345459,False
114,125,11,-1.06538010848999,False
22,147,125,-1.0654987371826172,False
45,97,52,-1.065873657913208,False
9,112,103,-1.0663221007537842,False
64,79,15,-1.0680706258392334,False
140,149,9,-1.0681348959350587,False
40,88,48,-1.0684239687347412,False
51,56,5,-1.0686450121307374,False
37,91,54,-1.0691909387207033,False
112,127,15,-1.0695154370117188,False
136,159,23,-1.0707850247955322,False
4,100,96,-1.070983902053833,True
11,124,113,-1.0744061207580566,True
7,95,88,-1.0751274445724488,False
115,120,5,-1.0768473189544678,False
47,53,6,-1.0773549559020996,False
50,72,22,-1.077795735092163,False
100,124,24,-1.0792589029693604,False
62,79,17,-1.0794453420257568,False
113,123,10,-1.0804469526672364,False
12,126,114,-1.0811101382446289,False
59,70,11,-1.0824864748382568,False
24,151,127,-1.0829590225219727,True
25,30,5,-1.08393683303833,False
113,126,13,-1.0849484688568114,False
22,28,6,-1.0851725035858153,False
45,99,54,-1.0868219241333008,False
44,68,24,-1.0883026971435545,False
1,105,104,-1.0883908299255372,False
51,58,7,-1.0889871199035643,False
51,57,6,-1.0910872901153563,False
58,75,17,-1.0915389702606202,False
27,149,122,-1.0917060272979735,False
66,78,12,-1.0921157456970216,False
27,142,115,-1.0923652654266358,False
1,93,92,-1.0927244469451904,False
114,155,41,-1.0931661877441408,False
6,95,89,-1.0934414612579346,True
38,93,55,-1.0942360249328613,False
120,147,27,-1.094632892112732,False
40,89,49,-1.0948387300872802,False
58,84,26,-1.0965269927215577,True
38,87,49,-1.0965390299987792,False
47,62,15,-1.0967483531188964,False
32,53,21,-1.0976797448730469,False
142,153,11,-1.0979017478942872,False
35,53,18,-1.0993487775421142,False
19,121,102,-1.099579012260437,False
117,122,5,-1.1002784855651855,False
115,122,7,-1.1011986819458008,False
9,124,115,-1.1013082080078125,False
141,147,6,-1.1026106647491454,True
63,79,16,-1.10486445022583,False
47,60,13,-1.1052233945465089,False
63,98,35,-1.1052992668914796,False
30,111,81,-1.1057947328567503,False
112,128,16,-1.10696829788208,False
116,122,6,-1.107596817703247,False
100,105,5,-1.1089776498413086,False
120,149,29,-1.1094771349334718,False
48,63,15,-1.1101691968536378,False
43,65,22,-1.1124410195159913,False
42,57,15,-1.112730427017212,False
21,122,101,-1.112941587677002,False
27,141,114,-1.114561796951294,False
61,67,6,-1.1154778220367432,True
8,121,113,-1.1167136301422118,False
110,129,19,-1.1170958650207519,False
61,80,19,-1.1186323976135255,False
28,154,126,-1.1186393120574951,False
41,81,40,-1.1190301950073243,True
29,55,26,-1.1195684568786621,False
22,121,99,-1.1203391915512086,False
10,122,112,-1.1217751988983156,False
47,63,16,-1.1225552423858642,False
37,88,51,-1.1226260188293458,False
49,69,20,-1.122928671875,False
27,143,116,-1.122977745361328,False
48,62,14,-1.1231089330291748,False
3,104,101,-1.1236471909332275,False
77,82,5,-1.1237338050079346,False
46,66,20,-1.1239473320007325,False
53,60,7,-1.1249085343170164,False
6,11,5,-1.1252211848449707,False
120,146,26,-1.1252544033813476,False
60,82,22,-1.1265674430847168,False
61,78,17,-1.1280807065582275,False
58,70,12,-1.1296171698379518,False
128,133,5,-1.1300736999511718,True
62,95,33,-1.1317630030059813,False
65,79,14,-1.1318133267974855,False
60,68,8,-1.13199068649292,False
20,28,8,-1.1321000439453124,False
2,105,103,-1.132875954284668,False
41,96,55,-1.1346342414855957,False
95,100,5,-1.1346893130493165,True
111,127,16,-1.1347527838897704,False
32,37,5,-1.1348908354187013,False
143,152,9,-1.1350658476257325,False
10,15,5,-1.1352532264709472,False
1,6,5,-1.1352609046936035,False
14,125,111,-1.135835277709961,True
21,26,5,-1.135923927001953,False
109,128,19,-1.1364492208862305,False
52,60,8,-1.136633903503418,False
2,111,109,-1.1370225748443603,False
39,85,46,-1.1375711582946777,True
20,119,99,-1.1376230673217773,True
19,120,101,-1.1378210469055177,False
49,54,5,-1.1395323123168946,False
118,146,28,-1.1400259066009522,False
82,87,5,-1.1407654788208008,False
44,97,53,-1.141633660888672,False
13,117,104,-1.1416528910827637,False
45,60,15,-1.1418500701904297,False
14,21,7,-1.1421066354370117,False
130,159,29,-1.1430500925445557,False
69,76,7,-1.1435792464447023,False
79,104,25,-1.1453377940368652,False
47,59,12,-1.145339835510254,True
27,148,121,-1.1461657402801513,False
114,126,12,-1.1473210906219482,False
41,88,47,-1.1483906726837159,False
31,55,24,-1.1486697611236572,False
115,148,33,-1.149374273376465,False
48,60,12,-1.149791000289917,False
18,120,102,-1.1504961882781983,False
31,54,23,-1.1505097872161865,False
112,124,12,-1.1527891285705567,False
114,122,8,-1.1532898127746583,False
34,159,125,-1.1534919992065429,False
8,119,111,-1.1537073614501954,False
101,106,5,-1.1542771028137206,False
51,60,9,-1.155459668045044,False
6,108,102,-1.156148874282837,False
60,83,23,-1.1565682349395752,False
65,72,7,-1.15747580619812,False
40,95,55,-1.157585851211548,False
63,99,36,-1.1579709393310547,False
15,22,7,-1.1592267993927003,False
78,83,5,-1.159394925994873,False
7,16,9,-1.160178830795288,False
31,94,63,-1.1616589585876465,True
41,85,44,-1.1619839025115968,True
74,80,6,-1.1622223001098633,False
65,73,8,-1.1625964659118653,False
23,145,122,-1.1633726528167725,False
50,55,5,-1.1634061407470704,False
134,155,21,-1.1637567636871338,False
48,67,19,-1.163865687942505,False
28,150,122,-1.1640227951812743,False
100,126,26,-1.164861554031372,True
66,72,6,-1.166646469192505,False
64,72,8,-1.1669639717102052,False
9,15,6,-1.167059092102051,False
62,96,34,-1.1674583682250976,False
78,104,26,-1.1691318534851074,False
19,122,103,-1.1692221931457518,False
131,157,26,-1.1692485973358155,False
100,106,6,-1.1697135341644287,False
16,22,6,-1.1700393074035644,False
8,15,7,-1.1702161934661865,False
98,123,25,-1.1705386415100096,False
11,114,103,-1.170942828979492,False
100,123,23,-1.1709610778045654,False
13,18,5,-1.171284796142578,False
36,53,17,-1.171291447982788,False
111,126,15,-1.1723174367523193,False
65,71,6,-1.1726826918792725,False
44,49,5,-1.173377513999939,False
30,157,127,-1.173776986541748,False
9,123,114,-1.1748109063720702,False
60,80,20,-1.1749752305603027,False
20,122,102,-1.1771306744384766,False
114,150,36,-1.1776274139404297,False
74,81,7,-1.1777099158477784,False
107,128,21,-1.1784430825805665,False
123,128,5,-1.1787134442138671,False
106,157,51,-1.179383758468628,False
110,154,44,-1.1799388977050782,True
19,123,104,-1.180019310836792,False
44,98,54,-1.1800623789215088,False
29,152,123,-1.1801754447937012,False
10,113,103,-1.180649875717163,False
78,100,22,-1.1809102828216553,False
42,97,55,-1.181309574356079,False
22,118,96,-1.1819039419555666,False
1,111,110,-1.1821949433898926,False
42,47,5,-1.1829180310058593,True
5,100,95,-1.183091238822937,False
28,155,127,-1.1833791484832763,False
59,85,26,-1.184601377334595,False
38,43,5,-1.185334956665039,False
48,72,24,-1.1863248815917968,False
4,105,101,-1.186716477584839,False
16,119,103,-1.1867414492034913,False
73,84,11,-1.1879291634368898,True
29,154,125,-1.1885909891510011,False
10,124,114,-1.1889151644134521,False
3,94,91,-1.1896660246276856,False
115,124,9,-1.1896958330535887,False
48,59,11,-1.1897673100280763,False
46,98,52,-1.1897786048126222,False
66,71,5,-1.1904839123535156,False
110,126,16,-1.19129986328125,False
5,90,85,-1.1922243939971924,False
23,29,6,-1.1925355933380126,False
47,71,24,-1.1930343620300294,False
50,71,21,-1.1931645910644533,False
19,24,5,-1.1937005055236818,False
9,122,113,-1.1947673470306397,False
39,94,55,-1.1950360527801513,False
59,84,25,-1.1952212894439698,False
24,150,126,-1.1969861603546144,False
104,127,23,-1.1971257947540284,False
57,74,17,-1.1979460905456543,False
74,84,10,-1.1984249269104004,False
93,100,7,-1.1990273942565917,True
97,125,28,-1.1992680796813964,True
79,105,26,-1.199359958114624,False
56,71,15,-1.1994433457946776,False
98,103,5,-1.1994709596252442,False
5,125,120,-1.19978983291626,False
23,151,128,-1.2007459017181397,False
59,76,17,-1.2036979950714113,False
145,151,6,-1.2037855921173095,False
120,148,28,-1.2038611283111573,False
119,145,26,-1.2044957340240479,False
99,104,5,-1.2057877602386475,False
23,150,127,-1.2060679695129395,False
110,130,20,-1.207624966812134,False
31,57,26,-1.21129193649292,False
7,93,86,-1.2115351040649416,False
93,98,5,-1.2118896662139893,False
104,159,55,-1.2120543984985352,False
119,124,5,-1.21253372756958,False
105,158,53,-1.2127146295928957,False
79,84,5,-1.2131671854400634,False
20,25,5,-1.2152972604370116,False
62,102,40,-1.2153582883453369,True
6,96,90,-1.2173980474853514,True
78,105,27,-1.2182129692077637,False
46,69,23,-1.2184980480194092,False
24,143,119,-1.2187631716156004,False
117,146,29,-1.2188904146575927,False
6,124,118,-1.221235058746338,False
113,127,14,-1.2220922378540038,False
31,156,125,-1.2227982487487794,False
36,92,56,-1.2236361250305177,False
108,155,47,-1.2244460692596435,False
49,62,13,-1.224869102935791,False
75,82,7,-1.2256020333862305,False
31,36,5,-1.225967017211914,False
59,81,22,-1.226374995727539,False
116,123,7,-1.2269209215545653,False
29,151,122,-1.2270397010803222,False
44,59,15,-1.2275543087768555,False
137,158,21,-1.227908843536377,False
35,91,56,-1.2281857573699952,False
125,130,5,-1.2284055284881592,False
35,90,55,-1.2293822946929933,False
82,92,10,-1.2295466929626464,False
51,61,10,-1.23033292388916,False
56,72,16,-1.2304668262481688,False
102,125,23,-1.2306361444091798,False
60,78,18,-1.2330232370758059,False
54,71,17,-1.2335762593841553,False
120,145,25,-1.2337703217315674,False
104,125,21,-1.2345515056610108,False
23,119,96,-1.2360613399505616,False
41,89,48,-1.2364597052764892,False
96,102,6,-1.236656130371094,False
44,94,50,-1.239077470626831,False
33,38,5,-1.2402144999694824,False
8,124,116,-1.2402161264038085,False
6,126,120,-1.2403384058380127,False
23,144,121,-1.241481771774292,False
45,67,22,-1.241500785446167,False
83,88,5,-1.2415746563720702,False
46,67,21,-1.2424959355163574,False
122,128,6,-1.2431441877746583,False
7,125,118,-1.2437762980651856,False
94,100,6,-1.246051496734619,False
46,95,49,-1.2486839012145996,True
7,96,89,-1.249446531982422,False
4,113,109,-1.2495901301574708,False
22,148,126,-1.2516682112121582,True
76,82,6,-1.2518484690856932,False
116,147,31,-1.2524870602416993,False
41,46,5,-1.253602307434082,False
59,69,10,-1.2540967868804933,False
64,73,9,-1.2542115657806396,False
46,96,50,-1.2551891215515139,True
62,103,41,-1.2559247839355467,False
29,156,127,-1.2565037550354003,False
102,126,24,-1.256584828186035,False
117,123,6,-1.2580831072235106,False
48,53,5,-1.2599516638183594,False
21,27,6,-1.2602090232086183,False
17,22,5,-1.2616118085479735,False
134,139,5,-1.261789606628418,False
108,128,20,-1.2620216144561769,False
13,21,8,-1.2626309951019288,False
114,121,7,-1.2632103148651121,False
21,118,97,-1.263393282737732,False
82,106,24,-1.2646722646331787,False
131,136,5,-1.265020411758423,False
47,66,19,-1.2666297537994384,False
7,17,10,-1.267850306930542,False
94,101,7,-1.2689343499755859,False
7,123,116,-1.2690618103790283,False
95,101,6,-1.2698747608947754,False
63,80,17,-1.2704354190063476,False
118,123,5,-1.271262686920166,False
8,123,115,-1.271616216430664,False
25,152,127,-1.2726771806335448,False
51,72,21,-1.2727428410339354,False
50,58,8,-1.2740471068572998,False
76,84,8,-1.2741887409210206,False
104,109,5,-1.2742736992645263,False
59,94,35,-1.2753826433563233,False
62,97,35,-1.2766433662414551,False
47,67,20,-1.2775298082733155,False
25,142,117,-1.277640711517334,False
28,141,113,-1.2791573504638671,False
63,81,18,-1.2804176163482666,False
46,60,14,-1.28070135055542,False
57,70,13,-1.2807738361358643,False
43,57,14,-1.280938489151001,False
62,82,20,-1.2816166619873048,False
120,125,5,-1.2816787057495118,False
82,103,21,-1.2821172523498536,False
99,123,24,-1.2840945512390136,False
33,159,126,-1.2844297924804686,False
105,128,23,-1.284509435195923,False
75,83,8,-1.284529453277588,False
63,95,32,-1.2849111009216307,False
112,152,40,-1.2852222821044923,True
101,123,22,-1.2885441290283204,False
28,55,27,-1.2886238235473633,False
97,124,27,-1.2888547302246094,True
31,157,126,-1.289141000213623,False
7,118,111,-1.2899814614868164,False
6,123,117,-1.2900950214385987,False
102,107,5,-1.2900977606201172,False
61,82,21,-1.2905935060882567,False
49,65,16,-1.2910144750976564,False
79,99,20,-1.2920309608459473,False
8,122,114,-1.2922785082244874,False
17,124,107,-1.2930052142333985,False
34,40,6,-1.293161311340332,False
31,56,25,-1.2937849738311766,False
5,16,11,-1.2943371595764162,False
34,53,19,-1.294729906616211,False
75,85,10,-1.294754497833252,False
53,70,17,-1.2950650341033936,False
101,127,26,-1.2952261048126221,False
77,83,6,-1.2957446258544922,False
35,94,59,-1.2969778062438964,True
36,41,5,-1.2970166303253172,False
5,15,10,-1.2978783724975584,False
1,159,158,-1.2984551361083985,False
54,72,18,-1.2984987538146973,False
5,96,91,-1.3003725589752198,False
11,122,111,-1.3018095887756347,False
5,14,9,-1.302063232345581,False
24,117,93,-1.3023285002136231,False
21,28,7,-1.302452508544922,False
22,146,124,-1.3024797878265382,False
4,89,85,-1.3029948163604737,False
124,129,5,-1.3045621086120605,False
56,73,17,-1.3049600004577635,False
46,72,26,-1.3051458092498778,False
31,158,127,-1.30537568901062,False
5,17,12,-1.3056696594238282,False
30,158,128,-1.3059117752075196,False
10,123,113,-1.3070848989105224,False
57,75,18,-1.3071946734619142,False
5,103,98,-1.3084141605377198,False
136,153,17,-1.3089246146392823,False
22,117,95,-1.310988251953125,True
43,98,55,-1.3112081648254394,True
33,53,20,-1.311742492980957,False
103,126,23,-1.3129464890289306,False
37,60,23,-1.3133259657287597,False
26,31,5,-1.3140054850006104,False
45,69,24,-1.3142644174957276,False
7,121,114,-1.3143394666290285,False
114,127,13,-1.3150730744934083,False
52,61,9,-1.3169183981323243,False
2,88,86,-1.3180047704315185,False
50,68,18,-1.318496101913452,False
12,115,103,-1.3185498054504394,False
7,122,115,-1.3190771334075928,False
127,132,5,-1.3196210884857176,False
39,44,5,-1.3197142140197753,False
32,52,20,-1.3216294232177734,False
7,18,11,-1.3218312355804442,False
121,126,5,-1.3222838612365724,False
110,131,21,-1.3225378211212158,False
8,125,117,-1.3231367956542968,True
48,66,18,-1.3232419023132325,False
48,70,22,-1.323728754119873,False
7,21,14,-1.323791795501709,False
43,48,5,-1.324124272956848,False
130,135,5,-1.324408133239746,True
14,20,6,-1.3245263206481934,False
113,122,9,-1.3249275608825684,False
15,125,110,-1.3250186672210693,False
30,151,121,-1.3253742931365966,False
39,86,47,-1.3257791703033448,True
46,97,51,-1.3261434657287599,False
37,42,5,-1.3264834144592286,False
52,71,19,-1.3270657765197753,False
77,99,22,-1.3279019746398926,False
63,96,33,-1.3284841668701173,False
6,100,94,-1.3294374849700927,True
34,94,60,-1.3317888444519042,False
20,123,103,-1.3325274783325196,False
4,95,91,-1.33481495262146,True
61,79,18,-1.3352719825744628,False
52,72,20,-1.335919114074707,False
25,153,128,-1.3360829713439941,False
22,149,127,-1.3364178581237793,True
12,128,116,-1.3368229873657227,False
64,95,31,-1.3391645446014404,False
1,87,86,-1.3393397156524658,False
30,159,129,-1.3397308384704592,False
130,158,28,-1.3400765634155274,False
15,119,104,-1.3400946659088135,True
40,85,45,-1.340275193786621,False
31,111,80,-1.3414861080169678,False
77,106,29,-1.3418472665405274,False
34,93,59,-1.3424734465026855,False
22,150,128,-1.343319003753662,False
27,32,5,-1.3433637788391113,False
43,58,15,-1.3440885995483398,False
132,156,24,-1.3462614073181152,False
48,71,23,-1.3468457704162597,False
4,125,121,-1.3469871842956542,False
115,125,10,-1.3480322928619386,False
49,64,15,-1.3480484504699706,False
42,50,8,-1.348302781906128,True
28,144,116,-1.3485110022735596,False
34,111,77,-1.3485408843231201,True
46,59,13,-1.348695502319336,False
78,84,6,-1.3498398416137696,False
37,54,17,-1.3501593788909911,False
6,16,10,-1.3508265914916993,False
112,123,11,-1.350924222717285,False
84,89,5,-1.3515238935089111,False
6,122,116,-1.3516217562103272,False
83,91,8,-1.3527655250549315,False
113,128,15,-1.353161015930176,False
14,19,5,-1.3551889788818359,False
71,76,5,-1.3576995767211915,False
107,129,22,-1.3585467092895507,False
12,17,5,-1.3587049439239502,False
86,92,6,-1.3589156069946289,False
18,23,5,-1.3599055794525146,False
8,21,13,-1.3600994555664063,False
31,154,123,-1.3608654824829103,False
8,120,112,-1.3610896740722656,False
64,80,16,-1.3611854817199707,False
75,99,24,-1.361327022857666,False
13,127,114,-1.362157592086792,False
104,129,25,-1.3623128813171388,False
58,69,11,-1.3625475170898436,False
68,77,9,-1.362806185760498,False
50,69,19,-1.3629467561340332,False
49,71,22,-1.3629840551757813,False
70,76,6,-1.3631658549499512,False
61,84,23,-1.3632995685577391,False
40,45,5,-1.3637650846862794,False
103,108,5,-1.3638756077575684,False
1,94,93,-1.3638936839294433,False
102,124,22,-1.3651786138916016,False
31,159,128,-1.365760487976074,False
50,62,12,-1.3658981327819824,False
9,125,116,-1.3664162821960448,False
105,110,5,-1.366514486694336,False
87,92,5,-1.3678465272521971,False
56,70,14,-1.368279305419922,False
50,57,7,-1.3682819550323486,False
29,141,112,-1.3683219152069093,False
107,156,49,-1.3683458836364746,False
43,92,49,-1.368580373916626,False
14,22,8,-1.369454146270752,False
35,93,58,-1.3696761207580566,False
141,146,5,-1.370105453414917,False
129,134,5,-1.3705336044311522,False
77,102,25,-1.370788812866211,False
44,67,23,-1.370875620880127,False
140,148,8,-1.3710740129089356,False
38,85,47,-1.371167088623047,False
26,154,128,-1.3716241268157958,False
77,84,7,-1.3720951309204101,False
58,86,28,-1.3737321168518066,False
5,104,99,-1.374229306640625,False
137,151,14,-1.3748098568725586,False
85,92,7,-1.3748825164031984,False
27,113,86,-1.3755416840362549,True
111,159,48,-1.3757021368408204,False
3,100,97,-1.3764785276794433,False
24,116,92,-1.3764918828582764,False
1,7,6,-1.3768396649169923,False
55,73,18,-1.3781306217956542,False
66,79,13,-1.3789008393859863,False
96,123,27,-1.3802453549194336,True
97,122,25,-1.3804936933898926,False
5,106,101,-1.3809266117858887,False
99,125,26,-1.3818671635437012,False
114,120,6,-1.3827595386505127,False
49,63,14,-1.382784668121338,False
7,22,15,-1.3829809552001953,False
24,119,95,-1.3841315340423583,False
106,128,22,-1.3842151792907713,False
82,93,11,-1.3844487091064452,False
93,101,8,-1.3845121090698242,False
28,54,26,-1.384521318359375,False
41,82,41,-1.3849780361938477,False
47,70,23,-1.3852544737243653,False
2,7,5,-1.3860842428588867,False
84,91,7,-1.3862867112731934,False
98,125,27,-1.38653890625,False
32,159,127,-1.3870077314758302,False
81,102,21,-1.3876281565093993,False
11,123,112,-1.3885066916656494,False
33,158,125,-1.3894610212707519,False
59,68,9,-1.3899198851013184,False
61,66,5,-1.3903710594177245,False
12,18,6,-1.3906353573608399,False
8,95,87,-1.39097998588562,False
11,16,5,-1.3913588941192627,False
81,104,23,-1.391542236328125,False
45,59,14,-1.3920369226074218,False
34,91,57,-1.3921757988739014,False
116,146,30,-1.3926043062591553,False
41,87,46,-1.3933987140655517,False
61,83,22,-1.394242190093994,False
27,140,113,-1.3943753820800782,False
38,55,17,-1.3951491778564453,False
54,60,6,-1.3959735262298583,False
55,71,16,-1.396769588546753,False
29,54,25,-1.3968655493164062,False
80,106,26,-1.3971458402252197,False
55,72,17,-1.3973649100494385,False
35,59,24,-1.3986870932006836,False
34,158,124,-1.3996867727661133,False
51,71,20,-1.3997047386932373,False
112,158,46,-1.4003347814941407,False
109,127,18,-1.401253687133789,False
11,125,114,-1.4019250186920167,False
80,102,22,-1.4019360691833496,False
35,41,6,-1.4036107112121583,False
135,153,18,-1.4056156860351563,False
61,95,34,-1.4057684413146974,False
113,150,37,-1.4073942539978028,False
6,17,11,-1.407564091644287,False
29,56,27,-1.4078893556213379,False
35,52,17,-1.4086214259338379,False
110,153,43,-1.409839104309082,False
134,154,20,-1.4104677160644532,False
2,94,92,-1.4106098370361329,False
81,99,18,-1.4119794596862794,False
32,157,125,-1.4126610633850096,False
31,153,122,-1.4127808006286622,False
32,158,126,-1.4134778926086426,False
33,39,6,-1.4135484660339355,False
6,97,91,-1.4138189963531496,False
118,145,27,-1.4138563153839112,False
22,151,129,-1.4147942182922364,False
41,84,43,-1.4158275430297853,True
3,127,124,-1.4158749565124513,False
35,159,124,-1.416447011566162,False
49,70,21,-1.4164647515869142,False
6,107,101,-1.4166275132751465,False
7,92,85,-1.4168537916564943,False
31,53,22,-1.4172324348449705,False
99,105,6,-1.4176121717834473,False
15,118,103,-1.4178790632629394,False
35,50,15,-1.4187868118286133,False
122,130,8,-1.4191610195922852,False
64,96,32,-1.4205433682250976,False
49,72,23,-1.4208045263671873,False
117,145,28,-1.4211575936126708,False
7,97,90,-1.4221727558135986,False
34,90,56,-1.42360212890625,False
49,58,9,-1.4243741471862792,False
5,126,121,-1.4243807232666015,False
28,33,5,-1.4258574942016602,False
33,157,124,-1.426178237915039,False
40,46,6,-1.4262937260437012,False
104,110,6,-1.427260736694336,False
81,91,10,-1.4284400300598143,False
59,95,36,-1.4287153590393067,False
93,102,9,-1.4309514614105225,False
36,90,54,-1.4312605699157714,False
103,125,22,-1.4312711650085448,False
111,152,41,-1.4314579447937013,False
36,42,6,-1.4315321582031248,False
8,96,88,-1.43209173828125,False
17,119,102,-1.4322041334533693,False
124,130,6,-1.4325104081726074,False
35,51,16,-1.4327154887390137,False
119,151,32,-1.43315173538208,False
24,115,91,-1.4332094632720946,True
38,86,48,-1.4338586283874513,False
7,124,117,-1.43449873336792,False
53,61,8,-1.4371014550781251,False
6,121,115,-1.4371709832763673,False
81,95,14,-1.4374332398986815,False
111,124,13,-1.4377556837463379,False
60,67,7,-1.4379850956726075,False
28,142,114,-1.438434479522705,False
33,52,19,-1.4387241328430176,False
77,103,26,-1.438834344329834,False
105,157,52,-1.4390640885925294,False
5,97,92,-1.439418838043213,False
46,52,6,-1.439617712097168,False
129,159,30,-1.4397814860534668,False
37,43,6,-1.4400038233947754,False
78,96,18,-1.4402990588378906,False
20,27,7,-1.4407477333831786,False
45,94,49,-1.4408982453155517,False
8,18,10,-1.441174766998291,False
14,127,113,-1.4416333347320556,False
123,129,6,-1.4418566975402833,False
36,51,15,-1.44252805267334,False
4,102,98,-1.4428351847839356,False
3,105,102,-1.443182209625244,False
39,55,16,-1.4444727626037597,False
80,104,24,-1.4447049838256836,False
24,118,94,-1.4462363581085205,False
61,99,38,-1.4464010485839842,False
26,140,114,-1.4471266552734376,False
76,99,23,-1.4474901666259765,False
57,69,12,-1.448029006652832,False
116,124,8,-1.4498377478027344,False
84,90,6,-1.4499297120666506,False
121,127,6,-1.4503377749633788,False
109,125,16,-1.4508790089416503,False
118,124,6,-1.4510362754821777,False
60,79,19,-1.4511924699401857,False
61,96,35,-1.4513372203826904,False
154,159,5,-1.451549280395508,False
42,48,6,-1.4520618177032472,False
2,128,126,-1.4523536463928222,False
36,91,55,-1.4536178344726562,False
45,50,5,-1.4539478723144532,False
133,155,22,-1.4539686120605468,False
23,117,94,-1.4542641015625,False
62,94,32,-1.4545538919067382,False
81,86,5,-1.4549609593200683,False
54,73,19,-1.455308542022705,False
117,124,7,-1.455324637145996,False
51,68,17,-1.4567162744140625,False
92,97,5,-1.4569946547698975,False
32,58,26,-1.45726885345459,False
3,159,156,-1.4577480581665039,False
38,61,23,-1.4579861331176758,False
50,70,20,-1.4585935207366945,False
42,56,14,-1.4588840744018554,False
80,99,19,-1.4597479364013672,False
3,125,122,-1.4600941557312013,False
2,159,157,-1.460294116973877,False
14,126,112,-1.4603804542541503,False
28,140,112,-1.4605714302062989,False
3,128,125,-1.4606736094665527,False
59,82,23,-1.4610588523864745,False
95,102,7,-1.4611778930664063,False
36,89,53,-1.461858013305664,False
67,78,11,-1.4622827755737304,False
40,87,47,-1.4624303939819336,False
111,130,19,-1.462463694229126,False
78,101,23,-1.4624745387268068,False
3,88,85,-1.462762391052246,False
140,147,7,-1.4627811196899414,False
32,155,123,-1.4629236434936523,False
5,18,13,-1.4631231930541992,False
59,77,18,-1.4635187901306153,False
36,52,16,-1.4637616233825683,False
39,84,45,-1.463776432647705,True
141,154,13,-1.4644532978820801,False
23,118,95,-1.4654536068725585,False
6,18,12,-1.4654940155029297,False
137,159,22,-1.4658516102600099,False
130,157,27,-1.466078670349121,False
11,17,6,-1.4664520669555663,False
63,97,34,-1.467076752166748,False
8,94,86,-1.4673870766448975,False
23,120,97,-1.4675892670440676,False
33,58,25,-1.4676412223815918,False
37,87,50,-1.4689194067382814,False
15,126,111,-1.4690725958251953,False
3,126,123,-1.4691797689819335,False
1,96,95,-1.4694106707763672,False
6,91,85,-1.4699593603515626,False
41,86,45,-1.4705247393035887,False
13,19,6,-1.4706669834899901,False
19,119,100,-1.4718951096343995,False
103,109,6,-1.4725190365600587,False
34,52,18,-1.4731696917724608,False
58,88,30,-1.4732624745178222,False
16,125,109,-1.4737133865356444,False
28,143,115,-1.474086197357178,False
122,129,7,-1.4743798107910155,False
10,16,6,-1.4745317376708984,False
29,157,128,-1.4748380606079103,False
58,68,10,-1.4750387496948243,False
139,149,10,-1.4755228297424317,False
50,56,6,-1.4755566848754884,False
44,69,25,-1.4757112072753906,False
41,56,15,-1.476228006286621,False
28,57,29,-1.477276506652832,False
53,73,20,-1.4779276365661622,False
35,42,7,-1.477991860961914,False
15,23,8,-1.478004292526245,False
21,147,126,-1.4787640100097657,False
99,124,25,-1.4788944337463379,False
38,94,56,-1.4791953435516356,False
126,131,5,-1.4794340872955323,False
43,54,11,-1.4797655282592772,False
46,57,11,-1.480038522644043,False
13,126,113,-1.4804482928466798,False
77,105,28,-1.4815046256256104,False
42,49,7,-1.4817142308807374,False
54,70,16,-1.4822124418640137,False
53,69,16,-1.4827809491729735,True
113,121,8,-1.4834814805603027,False
12,114,102,-1.4835696583557128,False
30,35,5,-1.4837317697143555,False
104,158,54,-1.4837698497009277,False
12,21,9,-1.4840415599822998,False
49,67,18,-1.4842022599792482,False
79,107,28,-1.4856315180969237,False
47,58,11,-1.4864869125366211,False
65,80,15,-1.486496397705078,False
32,51,19,-1.4874919515991212,False
16,118,102,-1.4879663051605223,False
91,96,5,-1.488172547454834,False
43,56,13,-1.4884408381652832,False
97,126,29,-1.4884735205078126,True
79,100,21,-1.4889090292358398,False
80,85,5,-1.4893118408966064,False
4,159,155,-1.4899755616760255,False
93,104,11,-1.4900269227600098,False
78,95,17,-1.4906626930236817,False
108,129,21,-1.4911484481811523,False
29,34,5,-1.4912191697692871,False
61,85,24,-1.491743345489502,False
103,128,25,-1.493067279663086,False
1,102,101,-1.4934404385375977,False
2,100,98,-1.4935514366149902,False
98,124,26,-1.4942290908813476,False
2,127,125,-1.4944656346130372,False
49,57,8,-1.49451217376709,False
30,139,109,-1.4947571055603028,False
82,88,6,-1.4947854948425294,False
2,19,17,-1.495310299835205,False
109,129,20,-1.495673720550537,False
81,106,25,-1.4957477584075929,False
105,126,21,-1.4958723670959473,False
29,57,28,-1.496225510864258,False
120,150,30,-1.4963050964355469,False
60,95,35,-1.496589348602295,False
21,117,96,-1.497026658630371,True
120,126,6,-1.497237250213623,False
32,156,124,-1.4974817280578612,False
55,60,5,-1.4980121213531494,False
62,100,38,-1.500375803527832,False
109,154,45,-1.5006798551940919,False
29,159,130,-1.5008883988952637,False
131,156,25,-1.501763475036621,False
64,97,33,-1.5026178019714354,False
114,128,14,-1.5029033480834961,False
36,60,24,-1.5043073916625977,False
29,140,111,-1.504314094543457,False
69,77,8,-1.5046734190368654,False
94,103,9,-1.5055353539276122,False
6,21,15,-1.50575144241333,False
64,81,17,-1.5061931187438966,False
4,18,14,-1.506249583129883,False
114,149,35,-1.5063746891784668,False
121,147,26,-1.506829967727661,False
62,83,21,-1.507277978515625,False
2,102,100,-1.5083295518493653,False
4,126,122,-1.508431114501953,False
66,80,14,-1.5084905708312988,False
6,22,16,-1.508953172607422,False
5,20,15,-1.5094437704467774,False
144,152,8,-1.5094859080505372,False
35,89,54,-1.5095885577392578,False
30,112,82,-1.5101809037017824,False
110,124,14,-1.5105215782165526,False
97,103,6,-1.5108500370788573,False
107,125,18,-1.5109741828918457,False
51,69,18,-1.5113642809295655,False
40,63,23,-1.511671547012329,False
59,83,24,-1.5118826577758788,False
56,74,18,-1.511949441833496,False
10,125,115,-1.5121668817138674,False
13,116,103,-1.5130901724243162,False
14,117,103,-1.5136025407409668,False
44,99,55,-1.5136589266204834,False
121,146,25,-1.514013173904419,False
114,119,5,-1.5150219158172606,False
99,106,7,-1.5154409907531738,False
119,125,6,-1.5156654278564452,False
49,55,6,-1.5158530717468262,False
28,156,128,-1.5161245373535155,False
27,156,129,-1.5163693257141113,False
8,22,14,-1.5174243974304198,False
4,16,12,-1.5174520030212402,False
146,151,5,-1.517512013168335,False
44,57,13,-1.5180276713562013,False
27,159,132,-1.5183901948547365,False
90,109,19,-1.5188614027404785,True
1,158,157,-1.5193039631652832,False
51,62,11,-1.5194276188659668,False
13,20,7,-1.5198068745422364,False
73,80,7,-1.519928701324463,False
42,52,10,-1.5204404071044921,False
3,8,5,-1.521300731201172,False
47,57,10,-1.5215682637023926,False
22,116,94,-1.522273975982666,False
9,21,12,-1.5226956285095214,False
43,53,10,-1.5230705409240723,False
37,53,16,-1.5231619035339357,False
4,127,123,-1.5241623080444335,False
38,44,6,-1.5244283116149902,False
82,94,12,-1.5244932531738282,False
82,90,8,-1.5246740641784668,False
36,50,14,-1.52474599609375,False
115,126,11,-1.524804764251709,False
58,81,23,-1.524882307739258,False
7,119,112,-1.5249438256835937,False
61,98,37,-1.5250024713134764,False
24,152,128,-1.5256986347961425,False
78,98,20,-1.526114775390625,False
30,55,25,-1.526123936920166,False
41,64,23,-1.5263025215148924,False
138,150,12,-1.5264098960876464,False
1,100,99,-1.526440852355957,False
5,19,14,-1.5267899461364745,False
4,20,16,-1.5274554234313964,False
153,159,6,-1.5276381370544434,False
47,54,7,-1.5277049282836912,False
52,69,17,-1.527905924987793,False
111,129,18,-1.5288874618530275,False
108,127,19,-1.5289443130493166,False
44,72,28,-1.5296304170989992,False
46,58,12,-1.5298738140869141,False
108,125,17,-1.5302320010375976,False
28,56,28,-1.5313009008789062,False
20,118,98,-1.5318953731536866,False
29,142,113,-1.5321641368103027,False
83,92,9,-1.5324154106140138,False
32,38,6,-1.5325465078735352,False
4,19,15,-1.5331976387023925,False
42,81,39,-1.5337483127593994,False
58,76,18,-1.5340414186096192,False
42,65,23,-1.534340548095703,False
3,113,110,-1.535197675704956,False
112,129,17,-1.5358747451782226,False
2,20,18,-1.5358963197326658,False
109,126,17,-1.5360294830322265,False
73,81,8,-1.5360626835632325,False
15,127,112,-1.536244809112549,False
107,126,19,-1.5363511315917968,False
4,17,13,-1.5365499645996095,False
30,137,107,-1.5366997909545899,False
16,23,7,-1.5367956066131592,False
41,47,6,-1.5369687715148925,False
58,87,29,-1.537871916503906,False
24,142,118,-1.5386698308563234,False
5,115,110,-1.53968642578125,False
2,129,127,-1.5397844094848634,False
1,112,111,-1.5399663569641113,False
112,151,39,-1.5402018087768554,False
20,26,6,-1.5402562160491944,False
7,19,12,-1.5403128422546388,False
1,20,19,-1.540408809814453,False
106,156,50,-1.5406456503295898,False
4,128,124,-1.5421154112243651,False
82,95,13,-1.5423444342041015,False
7,120,113,-1.54265548828125,False
45,57,12,-1.5431874125671388,False
37,159,122,-1.543225241699219,False
2,130,128,-1.5432311329650878,False
45,72,27,-1.5436863005065917,False
36,159,123,-1.5437372576904296,False
60,86,26,-1.54414263671875,False
135,140,5,-1.5444718463134766,False
98,122,24,-1.5453357481384278,False
5,12,7,-1.5458359884643555,False
83,93,10,-1.5458400177001954,False
22,122,100,-1.5464248375701906,False
110,132,22,-1.5467811151123048,False
30,141,111,-1.5470078439331054,False
57,85,28,-1.5471334027099608,False
132,137,5,-1.5472438340759278,False
105,125,20,-1.5473857038879395,False
47,73,26,-1.5476305422973633,False
28,53,25,-1.5478761680603026,False
118,152,34,-1.5486563270568847,False
36,43,7,-1.5489400729370117,False
60,94,34,-1.5500412310791016,False
92,109,17,-1.5500507635498046,False
81,92,11,-1.5501262582397461,False
13,22,9,-1.5504982034301757,False
27,114,87,-1.5518148519897461,False
1,95,94,-1.5518537199401856,False
46,99,53,-1.552306843109131,True
1,86,85,-1.5538414868164063,False
112,122,10,-1.554066478424072,False
1,128,127,-1.5543038131713867,False
72,84,12,-1.5547467524719238,False
42,51,9,-1.5548985107421873,False
25,141,116,-1.5550894415283203,False
11,113,102,-1.5554595869445802,False
5,89,84,-1.5554897018432619,False
56,69,13,-1.5557535232543944,False
121,145,24,-1.5563970486450196,False
65,99,34,-1.5567663362121582,False
7,20,13,-1.5574509278869628,True
11,18,7,-1.5577795814514162,False
123,130,7,-1.5579339364624023,False
39,46,7,-1.5579835485839844,False
21,150,129,-1.5583344543457032,False
59,80,21,-1.558569528656006,False
30,140,110,-1.5587772346496582,False
48,54,6,-1.559250032196045,False
28,145,117,-1.5602998695373536,False
35,49,14,-1.560435128479004,False
34,50,16,-1.5604418269348144,False
96,122,26,-1.560646589202881,False
21,123,102,-1.560991261444092,False
81,93,12,-1.561203910217285,False
81,100,19,-1.5616936212158203,False
74,79,5,-1.5617091732788086,False
31,37,6,-1.5626846028137207,False
75,103,28,-1.563013779296875,False
23,143,120,-1.563053511352539,False
39,49,10,-1.563694966430664,False
81,96,15,-1.5642542063903808,False
103,159,56,-1.5648869270324706,False
39,45,6,-1.56560038772583,False
103,110,7,-1.5658055456542967,False
43,99,56,-1.5658357305908204,True
138,159,21,-1.5670568132019043,False
112,159,47,-1.5671419612121582,False
99,122,23,-1.5671804618835448,False
40,84,44,-1.5675991439819337,False
8,17,9,-1.5677892570495604,False
136,141,5,-1.5687679713439941,False
2,21,19,-1.5690991288757323,False
96,125,29,-1.5692916844177245,False
22,145,123,-1.56953788772583,False
121,128,7,-1.5695708796691894,False
140,145,5,-1.5697918275451659,False
31,95,64,-1.5701107048034668,False
40,55,15,-1.57013875,False
48,58,10,-1.570466142425537,False
43,55,12,-1.5720018508911133,False
3,21,18,-1.572383955230713,False
42,98,56,-1.5724945593261719,False
138,157,19,-1.572802285308838,False
18,124,106,-1.572973046875,False
39,50,11,-1.5730597715759278,False
29,53,24,-1.573110633392334,False
40,54,14,-1.5737437702941894,True
64,102,38,-1.5737954656982422,False
41,48,7,-1.5739843370056152,False
116,145,29,-1.5741175637817384,False
30,138,108,-1.575336396331787,False
107,130,23,-1.575342122039795,False
34,51,17,-1.5755308729553223,False
79,95,16,-1.5755770083618164,False
31,92,61,-1.5781346994018555,False
26,113,87,-1.5792509116363527,False
35,43,8,-1.5792832012939453,False
27,112,85,-1.5794877904510498,False
4,101,97,-1.5802691365051271,False
115,147,32,-1.5810229441833497,False
40,53,13,-1.5813812043762208,False
60,66,6,-1.5814001821899413,False
103,127,24,-1.5814880764770507,False
76,83,7,-1.5815856103515624,False
1,19,18,-1.5816261839294434,False
37,93,56,-1.581866954498291,False
28,147,119,-1.5828743324279784,False
120,127,7,-1.5836717292785645,False
44,58,14,-1.5837225910949706,False
29,158,129,-1.584046752166748,False
27,139,112,-1.584630044403076,False
4,15,11,-1.5850742083740235,False
59,78,19,-1.5852457260131836,False
105,127,22,-1.585437716217041,False
24,30,6,-1.5856996549987792,False
4,21,17,-1.5864374409484863,False
3,129,126,-1.5868778852844239,False
130,156,26,-1.5868911585998535,False
137,142,5,-1.5869358940124512,False
20,150,130,-1.5875239395141603,False
29,52,23,-1.587670528717041,False
40,47,7,-1.5880937448120118,False
5,124,119,-1.588533261566162,False
56,61,5,-1.589527688140869,False
3,130,127,-1.5899931271362306,False
143,153,10,-1.5910444738769531,False
22,144,122,-1.5911332179260254,False
58,94,36,-1.5912150280761719,False
39,54,15,-1.591589804534912,False
7,100,93,-1.5919307637023927,False
43,66,23,-1.5921918034362794,False
2,126,124,-1.5922460006713868,False
92,108,16,-1.5924321812438964,False
59,67,8,-1.5924594335937499,False
62,84,22,-1.593602770690918,False
5,128,123,-1.5943329710388183,False
42,54,12,-1.5950373542785645,False
3,19,16,-1.5952775668334962,False
43,50,7,-1.5954072341918946,False
99,126,27,-1.5959101679992675,False
18,119,101,-1.5963109780883789,False
3,20,17,-1.597282356262207,False
78,107,29,-1.5974857383728027,False
42,88,46,-1.5976169514465333,False
80,95,15,-1.5976237702941893,False
1,127,126,-1.5981778617858886,False
100,122,22,-1.5983349516296388,False
3,95,92,-1.5992224057769775,False
22,115,93,-1.599328884048462,True
32,94,62,-1.5993650915527344,False
6,116,110,-1.599491058654785,False
106,111,5,-1.5995768699645996,False
82,99,17,-1.6002950642395022,False
7,109,102,-1.6003500869750975,False
87,93,6,-1.6004011064910888,False
5,21,16,-1.600629705657959,False
18,24,6,-1.600764574432373,False
40,52,12,-1.601191772918701,False
83,89,6,-1.6020949848937989,False
107,127,20,-1.602284287109375,False
5,10,5,-1.6029431475067137,False
116,125,9,-1.60350986328125,False
28,146,118,-1.6037646087646487,False
1,157,156,-1.603942888946533,False
153,158,5,-1.605222077102661,False
46,94,48,-1.6060096228790282,True
88,93,5,-1.6061608353424073,False
52,70,18,-1.6063679885864257,False
19,25,6,-1.6065783174133301,False
114,156,42,-1.6066969348144533,False
108,126,18,-1.6068379985046388,False
32,50,18,-1.6070726248168945,False
1,97,96,-1.6075113412475583,False
40,86,46,-1.6076324334716798,False
106,129,23,-1.608048542327881,False
39,52,13,-1.6099979035949707,False
81,94,13,-1.6104800189208983,False
94,104,10,-1.6109054032897947,False
9,96,87,-1.6111558785247801,False
29,150,121,-1.6113232231140138,False
101,107,6,-1.6113996109008788,False
39,47,8,-1.6118501472473146,False
82,107,25,-1.6122350154113767,False
60,96,36,-1.6124063223266603,False
34,42,8,-1.612515005493164,False
1,10,9,-1.6135065156555175,False
43,91,48,-1.6138059326934815,False
20,117,97,-1.61430879196167,True
28,52,24,-1.6150391792297363,False
77,100,23,-1.615545609588623,False
61,97,36,-1.6156997151184083,False
39,62,23,-1.6157060397338867,False
4,99,95,-1.6157484797668455,False
79,96,17,-1.617273574676514,False
4,96,92,-1.617353928604126,False
100,107,7,-1.6175980516052246,False
21,148,127,-1.6179819038391112,False
21,149,128,-1.6180708676147462,False
105,129,24,-1.6182142251586913,False
86,93,7,-1.6188660858154296,False
117,144,27,-1.6193825988769532,False
55,70,15,-1.6198238009643553,False
128,159,31,-1.6199722920227049,False
65,98,33,-1.6205219577026366,False
109,130,21,-1.6206489044189454,False
42,85,43,-1.620870460205078,False
60,65,5,-1.6213036248779296,False
17,23,6,-1.6214636785888672,False
34,157,123,-1.6217248727416993,False
39,51,12,-1.622219231567383,False
84,92,8,-1.6225773010253906,False
31,52,21,-1.6227140899658203,False
59,64,5,-1.6228624520874024,False
139,159,20,-1.6238877044677735,False
28,159,131,-1.6240499586486816,False
8,16,8,-1.6243946508026124,False
4,9,5,-1.6245281272888186,False
50,63,13,-1.624653853759766,False
120,128,8,-1.6247651136779786,False
20,151,131,-1.62478777053833,False
133,138,5,-1.6249605950927735,False
80,100,20,-1.6251908149719239,False
21,146,125,-1.6252703253173828,False
91,109,18,-1.6254173667907714,False
43,52,9,-1.625483798828125,False
8,93,85,-1.625487413482666,False
10,17,7,-1.625489633331299,False
1,126,125,-1.6256527813720703,False
5,159,154,-1.6270201679992677,False
48,57,9,-1.6278570439147948,False
25,117,92,-1.6280785971832277,False
36,93,57,-1.6283208653259276,False
29,144,115,-1.6298566287231444,False
31,93,62,-1.631797957458496,False
46,71,25,-1.632038958358765,False
6,20,14,-1.6324078594970703,False
57,68,11,-1.633540936431885,False
94,102,8,-1.6341520393371582,False
77,96,19,-1.6344803820800782,False
34,58,24,-1.6345806742858886,False
2,18,16,-1.6346580990600585,False
36,88,52,-1.6353754014587403,False
5,13,8,-1.635434889831543,False
92,98,6,-1.6354758685302735,False
1,21,20,-1.6358447384643555,False
19,28,9,-1.6360166581726072,False
6,103,97,-1.6363827857971192,False
45,58,13,-1.6365179541015624,False
131,137,6,-1.6366775598144532,False
33,92,59,-1.6371599737548828,False
37,50,13,-1.637344106903076,False
41,83,42,-1.6373968078613281,False
119,144,25,-1.6374962525939942,False
20,147,127,-1.6376518907165525,False
101,128,27,-1.6379848581695555,False
30,56,26,-1.638372999420166,False
38,50,12,-1.6384266758728028,False
12,22,10,-1.6384699696350098,False
2,125,123,-1.6392027703857424,False
1,129,128,-1.6397082136535643,False
12,19,7,-1.6402320547485352,False
58,63,5,-1.6402685572814941,False
79,101,22,-1.640622993927002,False
52,68,16,-1.6410720704650879,False
121,130,9,-1.6418627539062498,False
93,109,16,-1.6420269938659668,False
43,49,6,-1.6422904850006101,False
21,151,130,-1.6423785186767579,False
37,51,14,-1.6424576950073242,False
43,81,38,-1.642623387145996,False
1,22,21,-1.6426869331359863,False
2,16,14,-1.6429248707580566,False
85,93,8,-1.6432733885192872,False
54,69,15,-1.6434808517456054,False
111,131,20,-1.6437465048217774,False
45,102,57,-1.6441963787841796,False
44,50,6,-1.6444786151123048,False
127,133,6,-1.646575683288574,False
28,149,121,-1.647015333251953,False
57,84,27,-1.6478385530090331,False
1,114,113,-1.6479758700561522,False
51,70,19,-1.6487311728668215,False
74,99,25,-1.6487546041870118,False
1,130,129,-1.649266981048584,False
102,127,25,-1.650390325164795,False
58,89,31,-1.6505054151916503,False
4,14,10,-1.6509699287414552,False
38,159,121,-1.6514717378234862,False
44,54,10,-1.6516652482604979,False
95,103,8,-1.6519685581970216,False
119,127,8,-1.6521307019042968,False
121,129,8,-1.65319427444458,False
41,49,8,-1.6542947636413572,False
33,155,122,-1.655281190185547,False
121,148,27,-1.6555081206512452,False
93,105,12,-1.655628909301758,False
104,112,8,-1.655862456817627,False
29,139,110,-1.656156355743408,False
104,130,26,-1.6565845124816896,False
96,103,7,-1.6567896408081055,False
130,136,6,-1.6573663600158692,False
68,78,10,-1.6581061376953126,False
117,125,8,-1.6586075566101073,False
95,105,10,-1.6587496595764162,False
40,48,8,-1.6587707925415038,False
117,143,26,-1.6588284813690186,False
10,18,8,-1.6589655867004396,False
11,127,116,-1.6593737872314454,False
37,52,15,-1.659421848297119,False
83,90,7,-1.6600375564575196,False
72,81,9,-1.6601202368164063,False
23,115,92,-1.661122745056152,False
5,127,122,-1.6620323303222655,False
53,68,15,-1.6620888081359861,False
26,159,133,-1.6630514535522463,False
30,57,27,-1.663091964416504,False
117,153,36,-1.6632643383789063,False
36,94,58,-1.6634988592529296,False
6,127,121,-1.6639322602844238,False
62,101,39,-1.6640978555297852,False
33,156,123,-1.6645832925415038,False
6,19,13,-1.66471922744751,False
59,86,27,-1.6648373818969726,False
92,111,19,-1.665271740875244,True
50,64,14,-1.6657904202270508,False
90,95,5,-1.6663470172119141,False
5,99,94,-1.667482906036377,False
35,46,11,-1.667558328552246,False
42,55,13,-1.6686094429016112,False
82,96,14,-1.6688170188903808,False
9,18,9,-1.669662989959717,False
72,77,5,-1.67081234085083,False
6,118,112,-1.67117226272583,False
49,66,17,-1.6717396005249021,False
3,102,99,-1.672055131225586,False
42,159,117,-1.672068998413086,False
1,18,17,-1.6720848876953123,False
39,53,14,-1.6721255894470215,False
42,90,48,-1.672198754043579,False
64,100,36,-1.6724183053588866,False
40,81,41,-1.6729091311645508,False
67,79,12,-1.6730166065979002,False
4,130,126,-1.673463443450928,False
70,77,7,-1.673798953704834,False
111,123,12,-1.6738539915466308,False
114,159,45,-1.67408110748291,False
30,54,24,-1.674161667175293,False
126,132,6,-1.6749284574890138,False
104,157,53,-1.6752999305725098,False
34,43,9,-1.6755435249328614,False
103,129,26,-1.6757751383972166,False
40,49,9,-1.675879017791748,False
20,29,9,-1.6760323793029783,False
125,131,6,-1.6763327926635743,False
23,116,93,-1.677270794219971,False
9,95,86,-1.6778118043518067,False
38,46,8,-1.6778390827941894,False
140,146,6,-1.67888480758667,False
2,131,129,-1.6801798211669923,False
74,83,9,-1.6801830906677246,False
80,105,25,-1.6808070436859133,False
33,51,18,-1.681490929260254,False
38,54,16,-1.681515428619385,False
75,102,27,-1.6819174772644043,False
25,115,90,-1.6819304773712158,False
41,159,118,-1.6822874420166016,False
90,96,6,-1.6826296884155272,False
100,127,27,-1.6827127627563478,False
46,54,8,-1.683388570251465,False
73,78,5,-1.6838279307556152,False
40,50,10,-1.6840684223937987,False
87,159,72,-1.6842426628112794,False
28,148,120,-1.6842613230895995,False
129,158,29,-1.6845249473571777,False
58,83,25,-1.6857378289794922,False
152,159,7,-1.686141837615967,False
3,22,19,-1.6866798291015623,False
1,101,100,-1.6867626257324217,False
120,144,24,-1.6872768798828126,False
39,159,120,-1.6874253791809082,False
27,115,88,-1.687805835571289,True
28,139,111,-1.6881395210266112,False
95,104,9,-1.688522407836914,False
77,95,18,-1.6886375506591798,False
119,126,7,-1.688684767150879,False
108,130,22,-1.688839012145996,False
5,123,118,-1.689163636932373,False
91,97,6,-1.6892264218139648,False
34,89,55,-1.6900123081970215,False
98,126,28,-1.6903838761901855,False
7,126,119,-1.6903964744567872,False
59,93,34,-1.6910788325500488,False
92,110,18,-1.6911392640686036,False
2,87,85,-1.6916706079101562,False
2,22,20,-1.6921460621643067,False
80,96,16,-1.6929080017089846,False
113,159,46,-1.6929111743164065,False
21,145,124,-1.6932660546874998,False
46,53,7,-1.6939905532836914,False
40,51,11,-1.6942863244628907,False
2,8,6,-1.6944517854309082,False
30,150,120,-1.6956373133850096,False
36,46,10,-1.695923960418701,False
30,113,83,-1.6963890392303465,True
38,84,46,-1.6968686177062988,False
1,131,130,-1.697210463256836,False
92,107,15,-1.6972862507629394,False
15,24,9,-1.6974360586547852,False
115,127,12,-1.6976545402526857,False
138,158,20,-1.6981184223937986,False
5,105,100,-1.6982859364318847,False
112,130,18,-1.6985309826660155,False
25,31,6,-1.6985729875183104,False
2,15,13,-1.698753190612793,False
17,24,7,-1.6988042559814454,False
30,53,23,-1.698808321685791,False
125,133,8,-1.6991488717651368,False
22,29,7,-1.699354192199707,False
96,124,28,-1.6998227180480956,False
50,67,17,-1.6999883015441895,False
26,115,89,-1.700049373931885,False
1,125,124,-1.7004154084777832,False
93,107,14,-1.7004802700805666,True
46,56,10,-1.7005614654541017,False
1,8,7,-1.700682523651123,False
82,105,23,-1.7006931742095948,False
82,89,7,-1.7007445776367187,False
24,120,96,-1.7014550292968749,False
2,12,10,-1.7021274635314942,False
81,105,24,-1.7022788761138916,False
37,94,57,-1.7026706504821778,False
24,114,90,-1.70272034614563,False
63,82,19,-1.7028407383728026,False
29,143,114,-1.7028771464538575,False
44,93,49,-1.7033352832031248,False
124,132,8,-1.7034198301696777,False
49,56,7,-1.7038456089782716,False
9,22,13,-1.7043197608947753,False
26,139,113,-1.704667543334961,False
26,114,88,-1.704829174194336,False
38,52,14,-1.7053511099243164,False
92,99,7,-1.7062738999938964,False
40,83,43,-1.7065535328674315,False
42,53,11,-1.7069547035217283,False
6,159,153,-1.7069959005737303,False
3,18,15,-1.707207465057373,False
57,76,19,-1.707358213195801,False
72,80,8,-1.7082137953186034,False
84,93,9,-1.7091087599182129,False
19,124,105,-1.7091682257080076,False
76,106,30,-1.7096163456726075,False
38,51,13,-1.7101479986572266,False
147,152,5,-1.710434548187256,False
106,127,21,-1.7104406791687012,False
1,9,8,-1.711212370605469,False
50,65,15,-1.7114391508483888,False
2,14,12,-1.7115029733276366,False
24,113,89,-1.711572391357422,True
89,94,5,-1.7120191583251951,False
106,125,19,-1.7122332518005372,False
139,156,17,-1.7125399491882323,False
56,68,12,-1.7128727388000489,False
5,102,97,-1.7129126602172853,False
4,97,93,-1.712954109802246,False
8,97,89,-1.7131443492126466,False
77,101,24,-1.7134707484436036,False
2,99,97,-1.7135246903991699,False
32,39,7,-1.713628408203125,False
36,49,13,-1.7138982771301268,False
10,112,102,-1.7141087591552733,False
93,108,15,-1.7152879986572267,False
124,131,7,-1.7154550598144531,False
30,110,80,-1.7155022299957274,False
113,120,7,-1.7158476016235351,False
60,88,28,-1.7158973733520508,False
45,51,6,-1.7168207458496094,False
95,123,28,-1.7168856420898435,False
33,50,17,-1.7176565800476074,False
24,153,129,-1.7178345741271972,False
44,53,9,-1.7181242826843264,False
16,24,8,-1.7181828651428224,False
118,125,7,-1.7184872383117675,False
16,117,101,-1.7189638691711426,False
73,85,12,-1.71915749420166,False
107,112,5,-1.719333148803711,False
110,133,23,-1.7206374774169924,True
82,102,20,-1.7207968386840822,False
61,94,33,-1.7209233888244628,False
96,105,9,-1.7210331143188475,False
106,126,20,-1.7210854902648927,False
115,146,31,-1.7223562461853028,False
52,73,21,-1.7234936117553712,False
93,106,13,-1.7241716519165038,False
1,16,15,-1.72447911239624,False
99,107,8,-1.7249906776428223,False
116,126,10,-1.7250674668884276,False
42,82,40,-1.7254501484680176,False
58,67,9,-1.7256452255249024,False
77,98,21,-1.7256965412902834,False
35,158,123,-1.7259276211547854,False
71,77,6,-1.7259321133422851,False
76,100,24,-1.726209878540039,False
27,111,84,-1.7266090762329103,False
47,55,8,-1.7268451895141603,False
34,49,15,-1.7276072279357908,False
104,111,7,-1.7276377325439451,False
1,23,22,-1.7290544886779784,False
90,111,21,-1.7296304525756834,False
38,49,11,-1.7297234048461914,False
4,22,18,-1.729771551513672,False
104,124,20,-1.7305003092956543,False
88,159,71,-1.7305063041687014,False
14,116,102,-1.7311294711303709,False
117,126,9,-1.7315182850646973,False
38,45,7,-1.73249627532959,False
63,102,39,-1.732886749725342,False
140,155,15,-1.732914357147217,False
26,155,129,-1.7333795324707033,False
82,104,22,-1.7335671233367917,False
73,83,10,-1.7340917134094238,False
44,56,12,-1.734656730957031,False
3,96,93,-1.7349001294708253,False
57,62,5,-1.735366794433594,False
113,129,16,-1.7364034217834472,False
134,140,6,-1.7364706394958496,False
125,132,7,-1.7367978619384765,False
85,159,74,-1.737073681488037,False
25,113,88,-1.7371696556091307,False
6,99,93,-1.7373236959838867,False
76,103,27,-1.7374621643066406,False
1,99,98,-1.737544614868164,False
6,106,100,-1.7375714025878906,False
27,138,111,-1.7377252131652832,False
45,71,26,-1.7379172343444824,False
102,108,6,-1.7381502462768554,False
39,48,9,-1.7386243077087404,False
2,112,110,-1.7388886161804198,False
5,22,17,-1.738903657684326,False
46,70,24,-1.739525443572998,False
28,113,85,-1.7396944482421877,False
113,119,6,-1.7399741484069824,False
30,52,22,-1.740220599822998,False
20,124,104,-1.7402962512207032,False
5,101,96,-1.7408562867736816,False
139,144,5,-1.7411080569458008,False
6,119,113,-1.741416849975586,False
81,98,17,-1.742480277709961,False
122,131,9,-1.7428709814453125,False
1,132,131,-1.7432130264282226,False
11,126,115,-1.7443250465393068,False
119,128,9,-1.744364644470215,False
75,100,25,-1.7444642538452146,False
96,106,10,-1.7447175234985353,False
5,98,93,-1.7454327058410644,False
32,40,8,-1.745602145385742,False
1,17,16,-1.7460692584228514,False
59,96,37,-1.7462452667236328,False
86,159,73,-1.746901314239502,False
38,53,15,-1.7469827310180666,False
102,128,26,-1.7473722073364257,False
2,17,15,-1.747789171295166,False
54,61,7,-1.7482310665893555,False
81,101,20,-1.749067938079834,False
92,103,11,-1.7496410806274416,False
1,15,14,-1.7498243255615236,False
41,52,11,-1.7499533905029296,False
58,93,35,-1.7499872514343262,False
59,65,6,-1.7501571324157716,False
118,144,26,-1.750244211883545,False
105,130,25,-1.7508115704345701,False
3,12,9,-1.7510034568786623,False
11,21,10,-1.7511555966186525,False
23,152,129,-1.7512091436767576,False
34,41,7,-1.7517788697814942,False
6,104,98,-1.752638024597168,False
35,88,53,-1.75297342590332,False
48,98,50,-1.7529959071350099,False
76,102,26,-1.7530044766235353,False
25,116,91,-1.7533682209014891,False
5,11,6,-1.7536583381652833,False
14,23,9,-1.7545260067749022,False
40,159,119,-1.7546257922363282,False
138,143,5,-1.75532411529541,False
47,98,51,-1.7553745031738281,False
42,99,57,-1.755389515838623,True
1,113,112,-1.755394051361084,False
21,116,95,-1.7561271598815917,False
31,58,27,-1.7567406430053711,False
107,131,24,-1.7567742507934572,False
40,96,56,-1.7575156086730956,False
20,148,128,-1.7576973182678224,False
78,97,19,-1.7585195121765136,False
12,20,8,-1.7589507475280761,False
43,80,37,-1.7591082377624514,False
44,71,27,-1.7599427780151367,False
33,40,7,-1.7603237022399902,False
43,51,8,-1.7603935049438477,False
38,47,9,-1.761610517578125,False
50,73,23,-1.7617138481140138,False
46,55,9,-1.7617537423706053,False
78,93,15,-1.7619878915405274,False
62,93,31,-1.7623487400817872,False
58,82,24,-1.762362113494873,False
3,99,96,-1.7629715052795412,False
9,97,88,-1.7639293786621093,False
59,88,29,-1.76406326171875,False
127,159,32,-1.7640925935363767,False
6,117,111,-1.7640968754577635,False
77,104,27,-1.7645042863464355,False
102,159,57,-1.7645727392578123,False
7,159,152,-1.7651471711730955,False
31,110,79,-1.7654507369995116,False
82,100,18,-1.7663872735595703,False
37,44,7,-1.7664165057373047,False
112,121,9,-1.7669009321594238,False
47,56,9,-1.7673145292663572,False
45,70,25,-1.767802519378662,False
6,90,84,-1.76787439453125,False
3,16,13,-1.7678756582641602,False
4,129,125,-1.7683006045532228,False
3,131,128,-1.7683936369323732,False
55,74,19,-1.7687054528808595,False
1,98,97,-1.7692902955627443,False
31,112,81,-1.7694258001708985,False
34,112,78,-1.7699974851989748,False
94,105,11,-1.7700563369750977,False
122,145,23,-1.770081594390869,False
42,89,47,-1.7702467346191404,False
45,100,55,-1.7703991839599609,False
41,50,9,-1.7706541400146485,False
1,12,11,-1.7706744395446776,False
44,102,58,-1.7710381393432617,False
7,98,91,-1.7711963401794435,False
58,64,6,-1.7714891520690919,False
7,108,101,-1.7717149479675292,False
1,156,155,-1.7725919416809082,False
60,93,33,-1.7728793711853026,False
43,159,116,-1.77443435836792,False
113,118,5,-1.7745071952819824,False
35,95,60,-1.7745931777954103,False
79,98,19,-1.7746721438598634,False
116,143,27,-1.7750821772766112,True
8,159,151,-1.7750833262634278,False
52,62,10,-1.7752131283569337,False
16,126,110,-1.7761789988708496,False
58,91,33,-1.7761879235839841,False
114,148,34,-1.7761987773132326,False
74,82,8,-1.77666709564209,False
96,126,30,-1.7769215144348145,False
91,108,17,-1.777025064239502,False
39,83,44,-1.7770960148620607,False
8,126,118,-1.777342547607422,False
34,110,76,-1.7776176644897461,False
44,52,8,-1.7779020762634279,False
84,159,75,-1.7787488591003418,False
55,69,14,-1.7788160609436034,False
33,94,61,-1.7793322000122072,False
3,15,12,-1.781102012786865,False
129,157,28,-1.7813317086791993,False
5,155,150,-1.781499937133789,False
76,85,9,-1.7817859466552732,False
1,14,13,-1.7821296183776856,False
105,111,6,-1.7822320738220214,False
9,111,102,-1.782303155670166,False
102,123,21,-1.7827660595703125,False
65,81,16,-1.7829635562133788,False
46,73,27,-1.7831046224975586,False
106,130,24,-1.7832705563354492,False
101,122,21,-1.7834572848510741,False
3,157,154,-1.7836422341918943,False
6,128,122,-1.78373461807251,False
54,68,14,-1.7837649093627932,False
34,155,121,-1.7837686503601073,False
27,157,130,-1.7845413371276855,False
113,130,17,-1.7845459745788574,False
25,114,89,-1.7846317054748535,False
4,88,84,-1.7847889476013183,False
3,97,94,-1.7848055615234375,False
51,63,12,-1.7854981629943847,False
45,76,31,-1.785554494781494,False
21,144,123,-1.7860252552795408,False
2,96,94,-1.7863348516845705,False
32,42,10,-1.7864027645874025,False
151,159,8,-1.7865173503112792,False
28,138,110,-1.7866584413146973,False
1,85,84,-1.787602543029785,False
34,46,12,-1.7886178715515135,False
136,152,16,-1.7892246221923827,False
121,149,28,-1.7893054455566406,False
37,46,9,-1.7898710127258302,False
56,75,19,-1.7908093775939942,False
19,150,131,-1.790824089050293,False
76,96,20,-1.7912615509033203,False
44,76,32,-1.7915094131469727,False
97,121,24,-1.7924098814392089,False
3,17,14,-1.7925637109374999,False
120,143,23,-1.7926987985229492,False
57,86,29,-1.792739986114502,False
34,156,122,-1.7930992593383788,False
116,144,28,-1.7933757472229004,False
37,49,12,-1.7935070594787597,False
58,95,37,-1.7935235708618165,False
28,51,23,-1.7938197428894043,False
32,49,17,-1.7945124519348146,False
4,114,110,-1.7947126170349121,False
1,11,10,-1.7948924844360352,False
9,16,7,-1.7949077984619142,False
45,56,11,-1.795033236541748,False
3,9,6,-1.7951140692138672,False
29,138,109,-1.7951350924682619,False
8,20,12,-1.7957062335205076,False
2,158,156,-1.7957853593444824,False
118,126,8,-1.7960243081665037,False
47,96,49,-1.7963009239196777,False
96,121,25,-1.7965106770324706,False
95,122,27,-1.796987843322754,False
37,85,48,-1.7970018797302245,False
152,158,6,-1.7971693708801268,False
9,17,8,-1.797189934539795,False
23,121,98,-1.797730857925415,False
17,118,101,-1.7978423222351076,False
30,142,112,-1.79812987197876,False
32,154,122,-1.7983545579528808,False
58,92,34,-1.7985659356689454,False
103,111,8,-1.7986868620300291,False
18,25,7,-1.7996242987060547,False
31,42,11,-1.7996675437927245,False
31,96,65,-1.7996770146179197,False
90,108,18,-1.7999878530883788,False
109,131,22,-1.8001224255371095,False
6,120,114,-1.8001914947509765,False
2,132,130,-1.8002497221374512,False
44,51,7,-1.8022347622680663,False
139,148,9,-1.8025001794433593,False
60,87,27,-1.8026116635131835,False
105,112,7,-1.802657333831787,False
41,80,39,-1.8032960630798338,False
51,64,13,-1.8036093914794922,False
34,95,61,-1.8037996798706053,False
6,101,95,-1.8038678868103026,False
44,55,11,-1.8041158247375488,False
29,137,108,-1.8041870373535158,False
2,10,8,-1.8048570402526856,False
103,112,9,-1.8050950364685057,False
22,143,121,-1.8051232434082032,False
91,107,16,-1.8056803573608398,False
126,133,7,-1.8059010418701171,False
20,149,129,-1.8069524583435057,False
32,43,11,-1.8084827493286135,False
119,152,33,-1.8097445964050294,False
79,94,15,-1.8101299729919433,False
53,74,21,-1.8102154342651366,False
124,133,9,-1.8107935314941408,False
42,84,42,-1.8111364306640625,False
67,80,13,-1.8111556678771972,False
48,55,7,-1.8113603553771973,False
33,111,78,-1.811824778137207,False
150,159,9,-1.8118906674194335,False
19,153,134,-1.8120680401611327,False
28,50,22,-1.8124736950683595,False
21,115,94,-1.8127959785461425,False
6,25,19,-1.8131880619812013,False
103,124,21,-1.8137128970336913,False
33,93,60,-1.8139960260009764,False
7,99,92,-1.8141281188964844,False
3,87,84,-1.814499916229248,False
91,111,20,-1.814549227142334,False
83,94,11,-1.8150036604309083,False
114,130,16,-1.816074119415283,False
71,84,13,-1.816909170074463,False
31,40,9,-1.817110479736328,False
92,100,8,-1.8172765763854979,False
75,96,21,-1.817679117126465,False
135,141,6,-1.8178572938537598,False
74,85,11,-1.8178942558288576,False
80,101,21,-1.8180443342590333,False
8,19,11,-1.8181234869384766,False
40,82,42,-1.8181457174682616,False
115,145,30,-1.818538804779053,False
27,53,26,-1.819561501159668,False
6,98,92,-1.8198459019470214,False
51,67,16,-1.8201724580383298,False
2,97,95,-1.8204964517211912,False
31,39,8,-1.821356457824707,False
64,101,37,-1.8214826081848146,False
31,113,82,-1.821999956970215,False
37,47,10,-1.8223225773620606,False
1,84,83,-1.8226105450439452,False
37,86,49,-1.8226113082885742,False
54,74,20,-1.82306174407959,False
31,50,19,-1.823262594909668,False
10,21,11,-1.8234645568847658,False
104,113,9,-1.8234944285583494,False
58,80,22,-1.8235496858215332,False
103,158,55,-1.8240639006042483,False
24,141,117,-1.8240728285217287,False
108,131,23,-1.8243565975952147,False
43,72,29,-1.8245005249023438,False
102,110,8,-1.824741297454834,False
77,107,30,-1.825099496459961,False
2,95,93,-1.8251034049987793,False
31,139,108,-1.8263298472595213,False
11,19,8,-1.8264113700866698,False
59,87,28,-1.8264675268554686,False
4,155,151,-1.8264697262573244,False
45,54,9,-1.8268592512512207,False
43,78,35,-1.8271800312805175,False
47,97,50,-1.8273384390258791,False
79,93,14,-1.827346512298584,False
57,94,37,-1.8275619274902344,False
98,104,6,-1.827662684020996,False
32,46,14,-1.8282391479492186,False
138,149,11,-1.8285281546020506,False
5,156,151,-1.8286086978149414,False
102,109,7,-1.8287792810058594,False
109,124,15,-1.828813539123535,False
41,54,13,-1.8293048661804199,False
78,159,81,-1.8296965734863282,False
80,94,14,-1.8297942475891111,False
48,56,8,-1.8299164642333985,False
81,87,6,-1.8299225274658202,False
112,150,38,-1.8301813871765138,False
59,79,20,-1.8306315127563475,False
46,76,30,-1.8308179011535646,False
5,122,117,-1.8310295932006835,False
1,24,23,-1.8310584548950195,False
31,152,121,-1.8310827398681642,False
93,111,18,-1.8313649288940428,False
88,94,6,-1.8320422158813474,False
120,129,9,-1.832079097595215,False
56,88,32,-1.8323415028381347,False
81,107,26,-1.8329900245666504,False
96,104,8,-1.8333517253112792,False
14,24,10,-1.8338644679260256,False
145,152,7,-1.8341202101135252,False
29,145,116,-1.834189766845703,False
17,125,108,-1.834214001159668,False
15,117,102,-1.8344624018859865,False
63,83,20,-1.834733688659668,False
35,48,13,-1.834915048675537,False
76,105,29,-1.8352716835021972,False
28,58,30,-1.8360946182250977,False
132,155,23,-1.8361344007873535,False
13,115,102,-1.8367449789428711,False
63,103,40,-1.8373446806335447,False
80,98,18,-1.8373475314331056,False
31,51,20,-1.838059487762451,False
19,27,8,-1.8383117097473147,False
92,105,13,-1.8388487728881835,False
25,118,93,-1.8391319758605955,False
123,131,8,-1.8391564990234375,False
28,49,21,-1.8392191778564453,False
2,157,155,-1.8392934213256837,False
64,82,18,-1.8408631951904297,False
90,110,20,-1.8410575950622559,False
107,155,48,-1.8417191276550295,False
59,66,7,-1.842154019470215,False
129,135,6,-1.842221485748291,False
4,157,153,-1.8432244023132323,False
16,127,111,-1.8439843493652344,False
42,87,45,-1.8447351510620116,False
92,101,9,-1.845248192138672,False
69,78,9,-1.8459639770507814,False
1,115,114,-1.8465540745544433,False
4,131,127,-1.84692232421875,False
114,129,15,-1.847287078552246,False
25,159,134,-1.8473995831298828,False
100,109,9,-1.847603114013672,False
19,118,99,-1.847971853942871,False
122,146,24,-1.848202389678955,False
78,94,16,-1.8486014607238768,False
111,122,11,-1.8494462245178223,False
8,92,84,-1.8496553088378906,False
44,77,33,-1.8500419403076171,False
5,121,116,-1.8500526193237306,False
76,98,22,-1.8502785847473144,False
27,57,30,-1.850561499938965,False
25,140,115,-1.8509704734802246,False
36,47,11,-1.851358843841553,False
119,143,24,-1.851484468536377,False
58,77,19,-1.8515785859680176,False
57,88,31,-1.8518179174804685,False
43,68,25,-1.8521011051940917,False
68,79,11,-1.852264011077881,False
71,78,7,-1.8527650257873536,False
44,70,26,-1.853005122833252,False
31,43,12,-1.8535528527832033,False
65,95,30,-1.853645657196045,False
105,156,51,-1.8538445414733886,False
60,89,29,-1.8542462493896483,False
139,145,6,-1.8548349308776857,False
107,132,25,-1.855201958618164,False
36,87,51,-1.8553262028503419,False
2,23,21,-1.8553296504211425,False
8,127,119,-1.8553455738830569,False
4,12,8,-1.8556018716430664,False
89,159,70,-1.8565353997802734,False
60,91,31,-1.8567306202697753,False
7,127,120,-1.857159718475342,False
5,154,149,-1.8576928996276856,False
41,53,12,-1.858350432739258,False
79,159,80,-1.8585182289123534,False
60,92,32,-1.8586137631225585,False
110,123,13,-1.8587233474731444,False
57,63,6,-1.8595410688781737,False
28,114,86,-1.8595890791320802,False
26,116,90,-1.8596785395812987,False
57,67,10,-1.8597707177734375,False
59,89,30,-1.8604188771057129,False
3,158,155,-1.860478868713379,False
47,95,48,-1.8615085356140137,False
133,139,6,-1.8615585664367675,False
82,108,26,-1.8622015489959718,False
4,156,152,-1.8623353897094728,False
70,78,8,-1.862364665374756,False
2,13,11,-1.862779024963379,False
108,132,24,-1.8632389834594725,False
118,127,9,-1.8632849612426756,False
43,79,36,-1.863584807281494,False
12,113,101,-1.8636760041809084,False
26,112,86,-1.8636865522766115,False
19,159,140,-1.8637714192199706,False
121,144,23,-1.8643945919799805,False
3,14,11,-1.8645799885559082,False
32,92,60,-1.864787689971924,False
62,85,23,-1.8650559538269043,False
63,94,31,-1.8653548632812502,False
17,25,8,-1.865784535522461,False
92,106,14,-1.8661639236450196,False
118,143,25,-1.8663946971130372,False
23,159,136,-1.8665190112304688,False
7,23,16,-1.866567628326416,False
43,77,34,-1.8669445256042478,False
28,137,109,-1.8680749784851074,False
39,82,43,-1.8682444792175292,False
41,55,14,-1.8688150831604005,False
35,47,12,-1.8689807508850098,False
90,107,17,-1.869025481262207,False
49,98,49,-1.86924897857666,False
18,28,10,-1.8698092713928223,False
15,25,10,-1.8702046615600587,False
6,156,150,-1.8702647872924802,False
28,157,129,-1.8703973016357422,False
85,94,9,-1.8704920317077636,False
51,65,14,-1.8715664447021485,False
11,20,9,-1.8716517195129394,False
57,87,30,-1.8718713346862792,False
45,55,10,-1.873402527770996,False
27,116,89,-1.8737092149353027,False
74,96,22,-1.8737383634948732,False
20,116,96,-1.8741903913879394,False
33,49,16,-1.8745223970031737,False
83,106,23,-1.875039498138428,False
55,61,6,-1.8750664906311034,False
97,120,23,-1.8758237315368653,False
112,131,19,-1.876214567260742,False
5,31,26,-1.876353782043457,True
42,83,41,-1.8766666326904295,False
61,102,41,-1.8769278735351562,False
31,38,7,-1.8770042037963868,False
59,91,32,-1.8770572323608399,False
27,54,27,-1.8776090745544434,False
65,96,31,-1.8781678141784668,False
59,92,33,-1.8784445799255374,False
90,97,7,-1.8789246577453613,False
3,156,153,-1.8793615209960937,False
6,155,149,-1.8793680633544922,False
79,97,18,-1.879616488342285,False
42,80,38,-1.8797428918457029,False
36,158,122,-1.8799420808410645,False
41,97,56,-1.8800066510009767,False
27,158,131,-1.880492155761719,False
81,97,16,-1.8806545832824706,False
45,103,58,-1.8809219396972658,False
30,94,64,-1.8813248600769044,False
21,29,8,-1.8816252655029295,False
19,151,132,-1.8825953114318845,False
43,82,39,-1.8826566688537596,False
1,13,12,-1.882757893676758,False
2,101,99,-1.8828661953735353,False
1,83,82,-1.8834752171325682,False
105,113,8,-1.8837803901672363,False
9,159,150,-1.8847678883361816,False
136,142,6,-1.885135372467041,False
20,152,132,-1.8851355586242675,False
72,78,6,-1.885154870147705,False
25,119,94,-1.8853794958496095,False
116,154,38,-1.8856201469421385,False
100,110,10,-1.8863793139648437,False
115,159,44,-1.8867633215332031,False
71,81,10,-1.8887475663757325,False
7,25,18,-1.8890376622009277,False
72,83,11,-1.8893356993103025,False
20,146,126,-1.889512618713379,False
42,86,44,-1.8895248258972166,False
20,30,10,-1.8895948275756838,False
64,94,30,-1.88975122756958,False
103,157,54,-1.890401517791748,False
9,94,85,-1.8905739106750488,False
29,147,118,-1.8910639039611816,False
78,85,7,-1.891093602142334,False
83,159,76,-1.8912787010192873,False
92,102,10,-1.8915565341186522,False
31,91,60,-1.8920242102050782,False
66,81,15,-1.8920277627563475,False
144,153,9,-1.8920307746887208,False
60,97,37,-1.8922950111389159,False
152,157,5,-1.8923031840515137,False
19,26,7,-1.892355149383545,False
75,98,23,-1.89240336227417,False
33,42,9,-1.89266602935791,False
129,156,27,-1.8932982215881349,False
17,117,100,-1.8933348550415041,False
25,154,129,-1.8936584791564939,False
3,155,152,-1.8938532562255859,False
93,110,17,-1.8943952804565432,False
44,103,59,-1.8944474560546876,False
24,159,135,-1.894757289581299,False
55,68,13,-1.8948106211853026,False
12,129,117,-1.894835912322998,False
5,157,152,-1.8950918319702148,False
14,25,11,-1.8956265513610842,False
101,129,28,-1.8957118121337893,False
13,128,115,-1.8960619512939452,False
27,52,25,-1.896127931060791,False
1,35,34,-1.8973850100708005,False
108,154,46,-1.8975026647949218,False
99,109,10,-1.8975063343811034,False
1,36,35,-1.897571311645508,False
15,159,144,-1.8976224385070801,False
16,159,143,-1.8990591685485838,False
43,67,24,-1.8991893974304197,False
4,10,6,-1.8996259136962892,False
105,124,19,-1.8997475930786134,False
100,128,28,-1.900920609741211,False
139,147,8,-1.9010991493225098,False
33,43,10,-1.90150664932251,False
49,73,24,-1.9021280160522462,False
58,78,20,-1.9024028689575196,False
45,101,56,-1.903107118988037,False
131,138,7,-1.9033319874572754,False
149,159,10,-1.9035037800598142,False
72,82,10,-1.9037799359130858,False
29,146,117,-1.9038335606384276,False
148,159,11,-1.9038409207153322,False
41,51,10,-1.904012621459961,False
76,95,19,-1.9041620639038086,False
86,94,8,-1.9041644256591799,False
41,103,62,-1.904603469543457,True
83,95,12,-1.904634473724365,False
43,102,59,-1.904778851623535,False
39,95,56,-1.9048107077026366,False
81,90,9,-1.9053312200927734,False
27,55,28,-1.9059079612731935,False
10,19,9,-1.906560898590088,False
95,106,11,-1.9066828935241698,False
36,48,12,-1.9067429342651365,False
10,96,86,-1.9072633775329588,False
87,94,7,-1.9073605081176759,False
4,98,94,-1.9079658428955077,False
128,158,30,-1.9081801235961915,False
120,130,10,-1.9082708534240722,False
48,73,25,-1.9088898025512695,False
3,101,98,-1.9090035614013672,False
5,129,124,-1.9095268701171875,False
44,100,56,-1.9099770732116699,False
38,48,10,-1.9110073205566405,False
47,74,27,-1.9112908241271973,False
1,133,132,-1.9115066267395018,False
99,108,9,-1.9118144612121584,False
38,158,120,-1.9125277221679688,False
44,159,115,-1.9127378610229493,False
128,134,6,-1.9127637702941893,False
92,104,12,-1.9128243820190431,False
29,51,22,-1.9129192852783201,False
31,140,109,-1.9132099591064453,False
44,75,31,-1.9134081434631347,False
37,61,24,-1.9137917237854005,False
84,94,10,-1.9138481610107423,False
113,157,44,-1.9140155880737304,False
3,114,111,-1.9140234602355957,False
29,58,29,-1.9143024725341795,False
117,127,10,-1.9144043344116208,False
101,110,9,-1.9148035235595704,False
33,59,26,-1.9148236230468751,False
65,97,32,-1.9157067221069337,False
23,30,7,-1.9158787609863281,False
8,100,92,-1.9161155828857421,False
102,129,27,-1.9162536962890624,False
123,145,22,-1.9166245597839358,False
73,82,9,-1.9170460362243653,False
90,100,10,-1.9171124720764159,False
98,106,8,-1.9174789779663086,False
74,95,21,-1.9191268579101564,False
56,67,11,-1.9195248176574708,False
32,139,107,-1.9197593327331544,False
122,147,25,-1.919862771911621,False
45,77,32,-1.9198681161499025,False
28,158,130,-1.919943765411377,False
37,158,121,-1.921011018218994,False
60,99,39,-1.9217540513610838,False
3,13,10,-1.9218251470947265,False
63,84,21,-1.9221292477416991,False
111,132,21,-1.9227411828613281,False
18,153,135,-1.923074000854492,False
19,147,128,-1.9231214416503906,False
33,91,58,-1.9231570883178712,False
109,132,23,-1.9233212475585937,False
4,124,120,-1.923332433013916,False
66,99,33,-1.9234907514953612,False
32,111,79,-1.9236944361877442,False
36,44,8,-1.9241500642395022,False
41,65,24,-1.9246448301696777,False
121,131,10,-1.9249508283996584,False
1,25,24,-1.9250721366882324,False
42,66,24,-1.925103505859375,False
118,128,10,-1.92584645401001,False
27,137,110,-1.9261648478698732,False
139,146,7,-1.9264132165527343,False
44,79,35,-1.9264704197692872,False
5,34,29,-1.926773041381836,True
90,103,13,-1.9276869868469237,False
19,152,133,-1.9277493600463866,False
150,158,8,-1.9278919218444823,False
43,69,26,-1.9279940748596194,False
97,106,9,-1.9284054600524905,False
35,45,10,-1.9286284495544432,False
2,11,9,-1.9286642948913575,False
111,133,22,-1.9288729573059082,False
113,149,36,-1.9292126863098145,False
20,144,124,-1.9297606265258789,False
63,100,37,-1.9299539022827148,False
7,128,121,-1.9299617231750488,False
20,145,125,-1.9305235513305665,False
137,143,6,-1.930838010559082,False
26,117,91,-1.93095002243042,False
6,102,96,-1.9309929188537598,False
48,97,49,-1.9310169555664065,False
14,128,114,-1.9313732821655272,False
31,46,15,-1.931465997467041,False
28,112,84,-1.9316857455444336,False
64,103,39,-1.9320508338928224,False
37,48,11,-1.9322111904907229,False
15,128,113,-1.932863699951172,False
17,159,142,-1.9332807400512695,False
27,33,6,-1.9335032235717773,False
2,114,112,-1.9338700564575195,False
80,93,13,-1.9340481427001954,False
4,158,154,-1.9343080212402346,False
7,107,100,-1.934668804473877,False
115,143,28,-1.9352577122497556,False
140,159,19,-1.935912364807129,False
51,73,22,-1.9363661083984376,False
115,128,13,-1.936711279144287,False
43,100,57,-1.9368288366699218,False
35,44,9,-1.9371297885131835,False
115,144,29,-1.9373757098388673,False
28,59,31,-1.9375017253112794,False
44,81,37,-1.9376063201904299,False
123,132,9,-1.9383739839172365,False
11,22,11,-1.938378617401123,False
1,34,33,-1.9390899148559568,False
10,95,85,-1.9393975747680663,False
5,130,125,-1.9395396726989744,False
7,24,17,-1.939697567138672,True
27,117,90,-1.9397772125244142,False
2,98,96,-1.9399403210449218,False
128,136,8,-1.9405662783813475,False
37,45,8,-1.9405768908691408,False
7,103,96,-1.940901111602783,False
103,113,10,-1.9409479040527344,False
32,93,61,-1.941003955230713,False
148,153,5,-1.941110107727051,False
90,105,15,-1.9418762298583985,False
26,52,26,-1.9419038911437987,False
29,113,84,-1.9421069088745118,False
110,152,42,-1.9422204260253906,False
78,92,14,-1.942413293914795,False
71,80,9,-1.942461156311035,False
72,85,13,-1.9429824090576173,False
2,86,84,-1.9430933216857909,False
44,73,29,-1.943133131866455,False
12,24,12,-1.943273956451416,False
53,62,9,-1.9433455015563965,False
122,132,10,-1.9434639221191408,False
23,142,119,-1.9436375833129884,False
19,29,10,-1.9436443013000488,False
56,85,29,-1.9438324836730956,False
82,159,77,-1.9442606515502932,False
108,124,16,-1.94437562789917,False
28,115,87,-1.9452078086853029,False
47,75,28,-1.9455558235168458,False
30,95,65,-1.945621413269043,False
108,113,5,-1.9460997343444824,False
3,98,95,-1.9462063104248046,False
111,151,40,-1.9463665086364745,False
75,159,84,-1.9465748344421385,False
134,141,7,-1.9467145399475096,False
57,64,7,-1.946749074859619,False
22,159,137,-1.9468706787109376,False
52,65,13,-1.946997315826416,False
122,144,22,-1.9470210292053225,False
112,117,5,-1.9472410409545897,False
31,137,106,-1.9474289407348633,False
18,159,141,-1.9476293055725098,False
106,112,6,-1.9480838229370119,False
115,155,40,-1.9484906881713868,False
31,49,18,-1.9488604804992675,False
60,98,38,-1.9490992216491698,False
44,78,34,-1.949241297149658,False
112,120,8,-1.9496773567199708,False
101,109,8,-1.9500118031311036,False
73,79,6,-1.9513730863952639,False
76,104,28,-1.9515154397583008,False
137,150,13,-1.9520298274230956,False
61,93,32,-1.9525878031921386,False
56,87,31,-1.9528737747192384,False
34,59,25,-1.9528800398254393,False
35,157,122,-1.9529068182373046,False
48,96,48,-1.9529313360595704,False
127,136,9,-1.952995372467041,False
98,121,23,-1.9533312266540528,False
25,57,32,-1.9534399725341796,False
77,97,20,-1.9538673904418946,False
26,32,6,-1.9539895352172851,False
90,159,69,-1.9540215065002442,False
76,101,25,-1.9543166784667967,False
6,129,123,-1.9545248832702637,False
42,78,36,-1.9548583053588868,False
136,151,15,-1.9550733413696288,False
9,24,15,-1.9554387425231934,False
101,159,58,-1.9558201823425292,False
10,22,12,-1.955856926422119,False
2,9,7,-1.9561405128479001,False
116,127,11,-1.956160898742676,False
4,11,7,-1.9561769920349121,False
26,53,27,-1.9562576469421387,False
7,156,149,-1.9565316331481934,False
39,158,119,-1.9569719973754882,False
46,74,28,-1.957029808807373,False
75,86,11,-1.9574320196533204,False
18,49,31,-1.9577716497802733,False
8,109,101,-1.9592010041809083,False
53,67,14,-1.9593991734313962,False
2,24,22,-1.959424319152832,False
34,88,54,-1.959546093444824,False
23,153,130,-1.9597371835327149,False
76,159,83,-1.9600146493530275,False
89,96,7,-1.9601918823242186,False
91,106,15,-1.9609177673339844,False
46,100,54,-1.9609991320800781,False
9,19,10,-1.9612927426147462,False
74,86,12,-1.96170893951416,False
9,25,16,-1.9622503970336915,False
56,62,6,-1.9623336433410645,False
6,130,124,-1.9637276248168944,False
119,129,10,-1.964134165496826,False
80,91,11,-1.9647131399536133,False
10,159,149,-1.964820718383789,False
103,130,27,-1.9649280268859861,False
5,158,153,-1.964961199645996,False
9,20,11,-1.9653660160827637,True
129,136,7,-1.9654613139343262,False
43,103,60,-1.9655057054138183,False
5,153,148,-1.965663914642334,False
31,141,110,-1.9657340689086915,False
90,106,16,-1.9657534649658204,False
83,107,24,-1.9665052124023437,False
100,108,8,-1.967219659423828,False
9,126,117,-1.9677663313293459,False
58,90,32,-1.9677943789672852,False
49,95,46,-1.9678502905273436,False
52,64,12,-1.9680817788696288,False
38,83,45,-1.9681131076049805,False
70,159,89,-1.9682832070922853,False
22,123,101,-1.9688086407470702,False
46,75,29,-1.9690589726257326,False
12,23,11,-1.9690913139343262,False
99,121,22,-1.969346920928955,False
44,80,36,-1.9694208375549316,False
57,93,36,-1.9694982144165039,False
7,91,84,-1.9701893853759767,False
80,97,17,-1.970569368133545,False
60,90,30,-1.9706500550842285,False
6,154,148,-1.971058921813965,False
42,103,61,-1.9711892988586424,False
45,75,30,-1.9715260914611819,False
74,98,24,-1.9715509954833983,False
121,143,22,-1.971716750793457,False
89,95,6,-1.9722311030578612,False
19,117,98,-1.9723090283203124,False
75,106,31,-1.9725146730041505,False
18,150,132,-1.9726231886291505,False
74,100,26,-1.9727781872558594,False
36,45,9,-1.9729516447448732,False
2,113,111,-1.9730520333862305,False
5,88,83,-1.973076693267822,False
79,92,13,-1.9732641415405272,False
33,46,13,-1.97393035446167,False
29,111,82,-1.9741465103149411,False
132,138,6,-1.974276769104004,False
94,106,12,-1.974848597869873,False
39,81,42,-1.9762930995178223,False
11,159,148,-1.9764713943481447,False
102,111,9,-1.9765752572631836,False
58,66,8,-1.976896538696289,False
82,98,16,-1.9770075061035157,False
28,111,83,-1.9771190364074704,False
24,112,88,-1.9772749140930177,False
13,23,10,-1.9775177713012695,False
96,107,11,-1.9782190756225586,False
50,66,16,-1.978219984893799,False
1,124,123,-1.9783762109375,False
57,95,38,-1.9784318557739258,False
77,85,8,-1.9786325796508788,False
69,159,90,-1.9788822206115722,False
120,151,31,-1.978966856842041,False
80,107,27,-1.979092700653076,False
9,127,118,-1.979279889831543,False
75,95,20,-1.9792878707885742,False
20,159,139,-1.9799094174194338,False
1,116,115,-1.9802363200378417,False
58,65,7,-1.9806161416625976,False
56,89,33,-1.9811414752197265,False
37,84,47,-1.9814155584716797,False
101,108,7,-1.9815397987365724,False
94,123,29,-1.9817683044433594,False
65,100,35,-1.9819712054443361,False
20,153,133,-1.9820850466918944,False
61,103,42,-1.9822627536010742,False
96,120,24,-1.9832091873168944,False
114,131,17,-1.983584588470459,False
45,73,28,-1.983603675842285,False
26,138,112,-1.9846526638793947,False
90,99,9,-1.98500544631958,False
74,159,85,-1.985069317779541,False
77,159,82,-1.9850962788391115,False
1,37,36,-1.9851488172912597,False
43,76,33,-1.9855021752929687,False
80,92,12,-1.9858082208251955,False
2,156,154,-1.9859406596374511,False
4,13,9,-1.986655978088379,False
110,135,25,-1.9869204364013673,False
32,95,63,-1.9869440710449218,False
3,23,20,-1.9871543852233884,False
4,154,150,-1.9873324407958985,False
31,41,10,-1.9874115824890137,False
3,124,121,-1.9874956214904784,False
110,134,24,-1.9876163774108886,False
85,95,10,-1.9876470549011231,False
44,101,57,-1.9885274275207518,False
67,81,14,-1.9887148544311521,False
113,131,18,-1.9887861921691894,False
26,157,131,-1.9891608438110353,False
3,10,7,-1.9892147259521482,False
32,59,27,-1.9892719895935058,False
5,131,126,-1.9893498109436034,False
22,152,130,-1.9903451469421387,False
18,125,107,-1.9904107852172852,False
33,139,106,-1.991200281677246,False
32,48,16,-1.9913575799560548,False
16,25,9,-1.9914501268005371,False
92,112,20,-1.9920782008361815,False
74,87,13,-1.9925652465820314,False
1,26,25,-1.992715102081299,False
55,75,20,-1.9927853453063964,False
120,142,22,-1.9928185072326658,False
141,159,18,-1.9928551394653318,False
32,41,9,-1.9929371101379396,False
4,31,27,-1.993409035949707,False
30,109,79,-1.9938255726623535,False
11,128,117,-1.9942299731445314,False
116,142,26,-1.994504234161377,False
94,109,15,-1.9945108528137208,False
57,81,24,-1.9946928047180177,False
18,154,136,-1.9949129162597656,False
122,148,26,-1.9952480180358887,False
75,104,29,-1.9953306729125977,False
19,154,135,-1.9954318055725095,False
73,86,13,-1.9954419941711425,False
47,76,29,-1.9954975514221194,False
1,33,32,-1.9956456396484374,False
79,85,6,-1.9957241584777834,False
82,97,15,-1.9958711299133303,False
35,85,50,-1.9960684747314452,False
91,98,7,-1.996736982727051,False
14,159,145,-1.9968127655029295,False
88,95,7,-1.9972767814636232,False
56,86,30,-1.9975872132873533,False
8,98,90,-1.9977407035827635,False
97,107,10,-1.9980336828613283,False
34,48,14,-1.998200086364746,False
25,112,87,-1.9983591329956056,False
73,99,26,-1.998447142944336,False
8,24,16,-1.999135793762207,False
62,92,30,-1.999157299041748,False
35,60,25,-1.9995818365478517,False
72,99,27,-2.0001430868530274,False
46,77,31,-2.0002345933532717,False
32,140,108,-2.0003843269348147,False
6,23,17,-2.000745789794922,False
135,152,17,-2.0010761596679685,False
54,75,21,-2.001259926300049,False
35,87,52,-2.001263866729736,False
81,89,8,-2.0016234759521483,False
31,108,77,-2.001966260986328,False
97,104,7,-2.002146076812744,False
132,139,7,-2.002222653656006,False
133,154,21,-2.0025780387878416,False
64,83,19,-2.0027952293395996,False
15,95,80,-2.003779553527832,False
126,159,33,-2.003968121948242,False
1,155,154,-2.004673886871338,False
30,36,6,-2.0047307763671873,False
90,104,14,-2.00482068649292,False
6,157,151,-2.004842757568359,False
83,108,25,-2.0048592173767092,False
91,100,9,-2.0055019276428223,False
52,67,15,-2.0063319400024415,False
63,101,38,-2.006403886871338,False
22,114,92,-2.0064178076171872,False
10,20,10,-2.0064843949890134,False
21,143,122,-2.0070988165283206,False
58,96,38,-2.0072804740905763,False
8,156,148,-2.0076310903930663,False
32,47,15,-2.0077146824645995,False
82,101,19,-2.0077713581848142,False
27,56,29,-2.0078696894836425,False
68,80,12,-2.007934776611328,False
42,79,37,-2.008041294403076,False
10,24,14,-2.0084643078613285,False
12,130,118,-2.009182571563721,False
31,138,107,-2.009596734313965,False
6,24,18,-2.0098402546691894,False
94,122,28,-2.009925404205322,False
138,148,10,-2.0100181327819824,False
12,25,13,-2.0103276473999023,False
17,153,136,-2.0106063453674317,False
130,137,7,-2.0111354777526858,False
18,27,9,-2.011565173034668,False
58,159,101,-2.0121188929748532,False
3,132,129,-2.0122697940063476,False
44,92,48,-2.012441659088135,False
91,110,19,-2.012574061126709,False
131,139,8,-2.0127631536865236,False
91,99,8,-2.012828797454834,False
74,102,28,-2.0128824145507815,False
65,102,37,-2.0133539349365237,False
8,23,15,-2.01356668258667,False
34,47,13,-2.0135928619384766,False
53,75,22,-2.014285179290771,False
11,24,13,-2.0143257052612307,False
1,39,38,-2.0150576014709474,False
8,128,120,-2.0154429357910155,False
26,55,29,-2.0155846475219725,False
31,109,78,-2.0157022247314456,False
74,103,29,-2.016159468688965,False
9,23,14,-2.0163971145629884,False
115,142,27,-2.016443960571289,False
8,99,91,-2.016482189178467,False
73,159,86,-2.017239620361328,False
93,113,20,-2.017751572570801,False
11,112,101,-2.0179840435791014,False
61,100,39,-2.0179931437683107,False
94,107,13,-2.0180353048706055,False
36,86,50,-2.0189238667297364,False
30,40,10,-2.0191321098327637,False
30,144,114,-2.0199694802856447,False
10,97,87,-2.020836434631348,False
6,153,147,-2.02085389831543,False
95,124,29,-2.020934314880371,False
98,107,9,-2.0210316151428223,False
14,115,101,-2.0218927919006346,False
67,159,92,-2.0228249713134767,False
1,153,152,-2.0233518084716797,False
121,150,29,-2.0233593724060057,False
18,26,8,-2.023967185058594,False
95,121,26,-2.0244512963867187,False
111,121,10,-2.024461538391113,False
106,131,25,-2.0244763554382326,False
95,125,30,-2.0245603233337404,False
99,110,11,-2.0250984301757815,False
56,63,7,-2.0252095001220702,False
104,131,27,-2.0260220712280272,False
12,159,147,-2.0260950944519043,False
46,102,56,-2.0261037257385253,False
21,124,103,-2.0264233837890626,False
29,49,20,-2.0264713375854493,False
57,89,32,-2.0265276780700683,False
109,133,24,-2.0265858255004883,False
45,52,7,-2.026716391906738,False
34,108,74,-2.027130653381348,False
108,123,15,-2.0271791061401365,False
116,159,43,-2.027312633666992,False
8,25,17,-2.02745925201416,False
29,149,120,-2.027583415985107,False
30,136,106,-2.0276749588012697,False
141,155,14,-2.0278335598754884,False
104,123,19,-2.0280767070007326,False
110,115,5,-2.0282871372985842,False
17,126,109,-2.0284498313903807,False
11,25,14,-2.0288419033813474,False
97,119,22,-2.0291788551330567,False
75,101,26,-2.029202769317627,False
127,137,10,-2.029529662475586,False
95,109,14,-2.029899195098877,False
10,126,116,-2.0300726916503904,False
57,77,20,-2.0304600939941406,False
82,109,27,-2.0307261888122556,False
69,79,10,-2.0308284600830078,False
45,159,114,-2.0310329652404784,False
89,103,14,-2.0316953004455565,False
117,142,25,-2.0317092907714844,False
7,158,151,-2.031811310119629,False
114,147,33,-2.0319675442504885,False
29,50,21,-2.032090683441162,False
128,137,9,-2.0321823498535156,False
33,112,79,-2.0324397737121584,False
52,63,11,-2.0328396321105955,False
40,64,24,-2.0328593087768554,False
80,159,79,-2.0330170852661134,False
93,122,29,-2.0331388456726076,False
21,30,9,-2.0337198130798337,False
34,109,75,-2.0338242778015134,False
44,74,30,-2.034061999359131,False
9,93,84,-2.0340713562011716,False
30,92,62,-2.0341518775939944,False
25,55,30,-2.0341662936401366,False
35,86,51,-2.0342316221618653,False
43,71,28,-2.0343914251708983,False
1,82,81,-2.0344953527832033,False
131,155,24,-2.0345425382995606,False
93,112,19,-2.034555554962158,False
108,133,25,-2.0346195869445802,False
13,159,146,-2.03475161819458,False
34,44,10,-2.034935203552246,False
38,157,119,-2.0351386404418945,False
26,156,130,-2.035284268493652,False
6,158,152,-2.0353103833007813,False
73,87,14,-2.0354650010681152,False
8,155,147,-2.03562637588501,False
72,159,87,-2.0357207084655764,False
48,99,51,-2.0357538314819337,False
29,148,119,-2.0359136235046384,False
146,152,6,-2.0360887487792967,False
102,122,20,-2.0365210838317873,False
7,101,94,-2.0373710902404785,False
70,79,9,-2.0373832148742674,False
91,105,14,-2.0374777877807615,False
3,86,83,-2.037492248687744,False
18,117,99,-2.0379610081481934,False
24,140,116,-2.0380155053710935,False
114,135,21,-2.0381520936584474,False
4,153,149,-2.0382071087646483,False
11,96,85,-2.0382478552246095,False
21,159,138,-2.0383004109191893,False
70,80,10,-2.0383784719848634,False
27,50,23,-2.038518477783203,False
26,111,85,-2.0385350592041016,False
32,137,105,-2.0385525840759278,False
33,90,57,-2.0388009114074706,False
103,123,20,-2.0388214514160157,False
123,143,20,-2.0390133448791503,False
135,142,7,-2.0392430862426756,False
75,87,12,-2.039306863708496,False
76,97,21,-2.0397229444885254,False
60,103,43,-2.040200031890869,False
102,112,10,-2.040622085876465,False
33,154,121,-2.0411872801208495,False
1,134,133,-2.041446311798096,False
72,88,16,-2.042033077545166,False
45,53,8,-2.0421921617126464,False
54,67,13,-2.0424611151123044,False
47,99,52,-2.042551145324707,False
113,158,45,-2.0428945417785647,False
2,133,131,-2.0430042137145996,False
79,91,12,-2.0431057438659668,False
109,123,14,-2.043154302520752,False
123,133,10,-2.043245153045654,False
6,89,83,-2.0433789996337888,False
112,119,7,-2.0436410647583005,False
59,97,38,-2.0438818568420407,False
81,88,7,-2.043986303253174,False
123,144,21,-2.044025348052979,False
90,101,11,-2.0441106394958495,False
56,93,37,-2.044119452819824,False
96,109,13,-2.044124477996826,False
74,88,14,-2.045064676055908,False
19,125,106,-2.0456102975463866,False
105,131,26,-2.046423304595947,False
25,53,28,-2.0464281997680667,False
1,32,31,-2.0465917337036132,False
10,25,15,-2.046696508483887,False
71,83,12,-2.0469851219177246,False
41,78,37,-2.0474730690002443,False
42,158,116,-2.04759129196167,False
19,49,30,-2.047665134887695,True
48,95,47,-2.0477397882080077,False
17,28,11,-2.0481601068115234,False
18,118,100,-2.048214725189209,False
32,91,59,-2.048298969573975,False
21,152,131,-2.0483038275146486,False
15,96,81,-2.048367481994629,True
15,28,13,-2.0485173776245116,False
91,103,12,-2.0488610624694825,False
88,96,8,-2.0489633183288576,False
107,124,17,-2.049020645751953,False
112,149,37,-2.049317788696289,False
119,130,11,-2.0493884866333008,False
132,154,22,-2.049633549346924,False
77,93,16,-2.049981642150879,False
20,115,95,-2.0504436807250976,False
64,84,20,-2.050493441314697,False
56,94,38,-2.0505840653991703,False
21,153,132,-2.0507642965698243,False
113,148,35,-2.0511710719299314,False
68,159,91,-2.0512301734924314,False
71,85,14,-2.052220342712402,False
128,157,29,-2.0525667765808104,False
1,38,37,-2.0528890557861326,False
57,83,26,-2.0532471043396,False
121,132,11,-2.053437995147705,False
34,154,120,-2.0534928125,False
7,155,148,-2.053723383331299,False
13,24,11,-2.053779377746582,False
94,108,14,-2.053827360534668,False
107,113,6,-2.0538998204040526,False
100,121,21,-2.054165531463623,False
109,153,44,-2.054350946044922,False
106,155,49,-2.054728448638916,False
142,154,12,-2.0552429612731933,False
117,159,42,-2.055277139892578,False
43,74,31,-2.0553262174987794,False
134,153,19,-2.0554310482788085,False
128,135,7,-2.055524910736084,False
147,159,12,-2.055710160522461,False
55,67,12,-2.0561673684692385,False
57,78,21,-2.0563208276367186,False
111,135,24,-2.0565658140563965,False
139,158,19,-2.056730005187988,False
76,107,31,-2.056755513458252,False
46,159,113,-2.0572292355346677,False
36,85,49,-2.057599795227051,False
34,45,11,-2.057690404815674,False
127,158,31,-2.0577494860839844,False
122,143,21,-2.058381927947998,False
91,101,10,-2.0584134896850586,False
43,75,32,-2.0585121870422363,False
72,79,7,-2.0585569439697267,False
71,79,8,-2.0585626046752927,False
57,92,35,-2.0588812846374513,True
84,95,11,-2.0590237017822264,False
24,53,29,-2.059041020050049,False
38,82,44,-2.059191405944824,False
122,149,27,-2.059563871612549,False
32,112,80,-2.05973733001709,False
97,127,30,-2.0598065347290038,False
37,157,120,-2.0599450645446775,False
42,100,58,-2.059963433227539,False
151,158,7,-2.0604749542236327,False
7,157,150,-2.060848465270996,False
49,96,47,-2.0609235871887206,False
1,117,116,-2.061228889312744,False
51,66,15,-2.0612443937683107,False
43,73,30,-2.0616620901489258,False
132,140,8,-2.062000535583496,False
45,78,33,-2.062299509887695,False
23,114,91,-2.0626760289001465,False
14,95,81,-2.063015100402832,False
19,149,130,-2.0630695301818847,False
60,102,42,-2.063817996368408,False
4,23,19,-2.06458943649292,False
52,74,22,-2.0647477755737307,False
45,93,48,-2.0650011297607422,False
98,105,7,-2.0664185746765136,False
28,34,6,-2.066784606323242,False
102,157,55,-2.0668597494506833,False
35,111,76,-2.0670585165405275,False
4,123,119,-2.067062770690918,False
114,138,24,-2.067198182220459,False
95,108,13,-2.067399236602783,False
18,152,134,-2.0675535746765137,False
57,66,9,-2.0677675961303708,False
95,107,12,-2.067790097503662,False
110,122,12,-2.067812305908203,False
120,152,32,-2.067905579223633,False
145,153,8,-2.068663442840576,False
61,159,98,-2.0688171453857422,False
57,91,34,-2.0690163839721682,False
25,54,29,-2.069057017364502,False
19,148,129,-2.0693583346557616,False
18,151,133,-2.0695689511108397,False
94,113,19,-2.0696160360717775,False
22,30,8,-2.0705427294921877,False
30,108,78,-2.070544400024414,False
3,154,151,-2.0705631205749513,False
65,82,17,-2.070715612487793,False
54,64,10,-2.070943703613281,False
104,156,52,-2.070943876800537,False
75,97,22,-2.0713635955810545,False
119,153,34,-2.0713936677551272,False
24,121,97,-2.0714098965454104,False
23,122,99,-2.071703108520508,False
138,144,6,-2.0722336862182615,False
1,123,122,-2.0725133708190917,False
49,97,48,-2.0727177098083494,False
134,142,8,-2.0729073446655275,False
20,125,105,-2.07309340927124,False
98,120,22,-2.0733488740539547,False
90,98,8,-2.073433384246826,False
17,154,137,-2.073999777069092,False
12,95,83,-2.074346972351074,False
43,70,27,-2.0749703367614747,False
79,108,29,-2.0750853424072266,False
56,64,8,-2.0753270220947266,False
27,51,24,-2.075427332458496,False
39,157,118,-2.075969391784668,False
19,155,136,-2.076008972930908,False
43,101,58,-2.0760889825439452,False
1,137,136,-2.0762108920288087,False
9,128,119,-2.0762942486572262,False
71,88,17,-2.076390761566162,False
29,59,30,-2.0766362231445314,False
122,133,11,-2.076668636474609,False
127,135,8,-2.076880233154297,False
27,49,22,-2.0769186842346192,False
26,54,28,-2.077215444641113,False
4,122,118,-2.0774106285095213,False
61,92,31,-2.0779361390686035,False
83,99,16,-2.077946902770996,False
5,116,111,-2.077983506774902,False
77,94,17,-2.078535473175049,False
41,79,38,-2.0790993238830566,False
7,104,97,-2.0791827752685546,False
56,76,20,-2.0793175230407717,False
33,137,104,-2.079371262817383,False
93,123,30,-2.0794730810546875,False
16,116,100,-2.079795371246338,False
30,149,119,-2.0804595320129393,False
107,133,26,-2.080689048156738,False
1,152,151,-2.0810547592163084,False
75,88,13,-2.0813115872192385,False
83,96,13,-2.0814752967834473,False
81,159,78,-2.0816091230773925,False
18,155,137,-2.08162043762207,False
23,113,90,-2.0818066708374023,False
112,132,20,-2.0819158447265624,False
57,65,8,-2.0824722006225587,False
127,157,30,-2.0826236123657225,False
7,154,147,-2.083022495574951,False
61,101,40,-2.083179564971924,False
123,146,23,-2.0832786129760743,False
71,82,11,-2.084143580932617,False
10,93,83,-2.0842015092468262,False
61,88,27,-2.084323034057617,False
66,95,29,-2.0845399102783206,False
32,138,106,-2.084562520751953,False
100,129,29,-2.0847771118164062,False
30,96,66,-2.085194334716797,False
110,116,6,-2.0856180754089353,False
73,96,23,-2.085824743041992,False
59,90,31,-2.086485064086914,False
125,134,9,-2.086492267913818,False
6,105,99,-2.086764122467041,False
32,44,12,-2.087137329711914,False
17,27,10,-2.0874152137756345,False
87,96,9,-2.0880745809936525,False
129,137,8,-2.088636968231201,False
50,95,45,-2.0891189906311034,False
66,159,93,-2.0892702615356447,False
57,159,102,-2.08980869064331,False
13,114,101,-2.0902712725830077,False
1,135,134,-2.0904535676574705,False
151,156,5,-2.090857108001709,False
33,41,8,-2.091237061920166,False
2,34,32,-2.0913197453308103,False
78,91,13,-2.0913264437866212,False
96,119,23,-2.091367131958008,False
30,49,19,-2.091537656097412,False
80,90,10,-2.0916392260742187,False
20,143,123,-2.0927624697875977,False
71,86,15,-2.092829169769287,False
6,31,25,-2.092950845794678,False
133,140,7,-2.0932267343139648,False
92,113,21,-2.093424536743164,False
5,25,20,-2.093508123168945,False
142,159,17,-2.0935445275878903,False
117,128,11,-2.0935698905944826,False
1,148,147,-2.093642364501953,False
37,83,46,-2.093655069732666,False
39,63,24,-2.093667494354248,False
58,79,21,-2.0937935620117187,False
1,40,39,-2.093881487121582,False
4,132,128,-2.093887159423828,False
96,108,12,-2.0939202236938477,False
26,57,31,-2.094615079650879,False
81,108,27,-2.0946620874023436,False
25,52,27,-2.095009695892334,False
28,46,18,-2.0954818525695798,False
30,58,28,-2.095519926147461,False
30,51,21,-2.09561099609375,False
33,110,77,-2.095995351715088,False
22,153,131,-2.0960514543151856,False
111,150,39,-2.0963671859741213,False
3,11,8,-2.0964202947998047,False
73,95,22,-2.09679885345459,False
12,96,84,-2.097108707580566,False
38,62,24,-2.097195449066162,False
50,98,48,-2.0975673197937015,False
55,88,33,-2.0977681022644044,False
32,110,78,-2.098324676208496,False
8,158,150,-2.0984085136413575,False
7,102,95,-2.098664237823486,False
73,88,15,-2.0991536842346195,False
104,132,28,-2.099391616973877,False
38,95,57,-2.0996577342224123,False
30,143,113,-2.0998328260803225,False
11,95,84,-2.099851838378906,False
2,124,122,-2.1003572074890138,False
14,96,82,-2.1005155584716797,True
1,154,153,-2.1007718022155766,False
86,95,9,-2.100847429046631,False
42,77,35,-2.1008697187805176,False
27,110,83,-2.1008993731689456,False
9,110,101,-2.100963949890137,False
109,114,5,-2.101065136566162,False
40,80,40,-2.1012049864196776,False
62,104,42,-2.1014279177856445,False
31,59,28,-2.1018374996948244,False
97,105,8,-2.101908845214844,False
112,118,6,-2.1020196064758303,False
45,79,34,-2.1020350183105467,False
8,154,146,-2.1025176402282715,False
4,115,111,-2.1025771112060547,False
5,32,27,-2.103116613616943,False
113,138,25,-2.1038643182373047,False
26,158,132,-2.1038750041198733,False
61,86,25,-2.104092222747803,False
106,113,7,-2.1045477278137206,False
13,95,82,-2.1046951989746097,False
101,111,10,-2.1049193971252445,False
30,50,20,-2.1055617402648927,False
1,138,137,-2.105598412322998,False
118,129,11,-2.1059752551269533,False
79,89,10,-2.106037056274414,False
7,31,24,-2.1063398454284665,True
91,159,68,-2.1064509924316406,False
94,112,18,-2.10654369934082,False
11,23,12,-2.107187956390381,False
96,113,17,-2.1071996990966797,False
116,128,12,-2.107484644165039,False
89,104,15,-2.107600187530518,False
83,105,22,-2.107729881439209,False
25,155,130,-2.108292720489502,False
10,94,84,-2.1084899121093748,False
36,157,121,-2.108649995574951,False
72,86,14,-2.109575458831787,False
125,159,34,-2.109642652130127,False
115,141,26,-2.1101485943603517,False
119,142,23,-2.1101587309265137,False
1,79,78,-2.110215447998047,False
10,23,13,-2.1102569956970214,False
5,118,113,-2.110337534942627,False
71,159,88,-2.1104769718933105,False
15,116,101,-2.110482518463135,False
4,32,28,-2.1106498725891116,False
17,26,9,-2.11086057510376,False
50,74,24,-2.111117825164795,False
121,142,21,-2.111379765472412,False
114,132,18,-2.1114314793395996,False
50,94,44,-2.111493836364746,False
69,80,11,-2.111574823150635,False
1,27,26,-2.111731879272461,False
49,94,45,-2.1118335809326174,False
18,147,129,-2.112094119567871,False
89,109,20,-2.1128790759277343,False
5,30,25,-2.113342135620117,False
89,97,8,-2.1138450341796875,False
76,86,10,-2.114814161071777,False
95,120,25,-2.1148637724304202,False
15,26,11,-2.1151449641418454,False
22,31,9,-2.115161686859131,False
17,127,110,-2.1153735643005374,False
108,116,8,-2.115525138549805,False
24,54,30,-2.1157459622192385,False
19,116,97,-2.1160341926574704,False
90,112,22,-2.1160572917175293,False
41,158,117,-2.116207622375488,False
3,153,150,-2.1166626181030272,False
17,145,128,-2.117029976196289,False
1,118,117,-2.1170373637390134,False
7,28,21,-2.1171681465148926,False
33,48,15,-2.1175546627807615,False
87,95,8,-2.118103933105469,False
94,111,17,-2.118154883117676,False
66,96,30,-2.1185195767211917,False
6,28,22,-2.1185384309387207,False
1,81,80,-2.118678522491455,False
3,24,21,-2.118795713043213,False
120,131,11,-2.119784013824463,False
32,153,121,-2.1199226446533204,False
36,95,59,-2.120199739074707,False
33,95,62,-2.120338860626221,False
70,81,11,-2.1208491802978515,False
56,84,28,-2.1213843199157716,False
1,31,30,-2.121421337890625,False
99,127,28,-2.1215731071472166,False
95,110,15,-2.121669259338379,False
31,90,59,-2.121800562133789,False
3,34,31,-2.121895585784912,False
29,112,83,-2.121997124938965,False
111,136,25,-2.1221399195861816,False
31,142,111,-2.122231057434082,False
101,130,29,-2.122352325897217,False
95,113,18,-2.123133925476074,False
105,132,27,-2.1239374015808106,False
2,155,153,-2.1239377766418457,False
34,113,79,-2.123958291320801,False
113,135,22,-2.124365600128174,False
24,57,33,-2.1245583944702147,False
33,138,105,-2.124623636779785,False
72,87,15,-2.1249848542785648,False
20,31,11,-2.1251556979370116,False
74,89,15,-2.1258050161743163,False
7,130,123,-2.1259296070861815,False
74,97,23,-2.1264943498229982,False
127,134,7,-2.1265993843078617,False
2,83,81,-2.126976806793213,False
94,110,16,-2.1274900299072264,False
24,154,130,-2.1278053686523437,False
106,132,26,-2.1278889819335935,False
24,31,7,-2.127977576599121,False
98,108,10,-2.128004340209961,False
5,119,114,-2.128529189605713,False
15,49,34,-2.128620640258789,False
25,56,31,-2.1288381927490234,False
126,134,8,-2.129493842010498,False
120,159,39,-2.12961116607666,False
10,127,117,-2.1296960676574708,False
2,35,33,-2.1298329830932614,False
48,74,26,-2.1303913415527345,False
56,65,9,-2.130491113433838,False
75,89,14,-2.1311263696289062,False
1,149,148,-2.1312688670349123,False
92,159,67,-2.1321919383239747,False
30,145,115,-2.132199890136719,False
30,114,84,-2.132648688659668,False
71,87,16,-2.1328455169677736,False
56,66,10,-2.1333638052368165,False
26,50,24,-2.1338761619567874,False
111,120,9,-2.1338800227355956,False
1,136,135,-2.134192362365723,False
66,82,16,-2.134591489868164,False
5,23,18,-2.135189585571289,False
19,146,127,-2.13538414855957,False
131,140,9,-2.1354510879516604,False
111,134,23,-2.136284313659668,False
8,31,23,-2.1363808532714845,False
32,96,64,-2.1366306350708006,False
32,141,109,-2.1366382232666017,False
9,92,83,-2.1369322798156736,False
95,111,16,-2.137003944244385,False
66,100,34,-2.137025130004883,False
26,49,23,-2.1383912690734865,False
17,150,133,-2.1385611347961424,False
66,98,32,-2.138697360839844,False
126,136,10,-2.138927205810547,False
5,117,112,-2.1389447190856936,False
149,158,9,-2.1390221723937985,False
2,25,23,-2.1390917526245117,False
25,139,114,-2.139110405731201,False
31,47,16,-2.139225,False
56,92,36,-2.1392765119934083,False
54,159,105,-2.1394248962402345,False
118,159,41,-2.1395004376220705,False
42,102,60,-2.1399469616699216,False
22,32,10,-2.1400512197875976,False
86,96,10,-2.1402871057128907,False
14,28,14,-2.140551557159424,False
25,32,7,-2.1406498094177246,False
14,26,12,-2.140719219970703,False
66,83,17,-2.1409132835388185,False
139,157,18,-2.1411729470825196,False
57,82,25,-2.1412682080078125,False
21,31,10,-2.1412801039123535,False
7,29,22,-2.1417105226135256,False
88,97,9,-2.142164261779785,False
116,141,25,-2.1423651594543456,False
29,40,11,-2.1424287100219725,False
138,145,7,-2.142475181121826,False
53,64,11,-2.142500377960205,False
112,133,21,-2.142547119293213,False
5,29,24,-2.1425640504455563,False
29,136,107,-2.1426248417663576,False
113,132,19,-2.142904832458496,False
43,83,40,-2.14349011138916,False
60,159,99,-2.143849463043213,False
61,91,30,-2.1440608212280274,False
54,62,8,-2.1441955583190917,False
56,90,34,-2.1445614059448244,False
55,64,9,-2.144963098449707,False
90,102,12,-2.1449968840026856,False
91,104,13,-2.1454348989868164,False
59,159,100,-2.145657350921631,False
4,87,83,-2.145805400238037,False
17,116,99,-2.1459804440307617,False
106,124,18,-2.1465832324218748,False
35,110,75,-2.1469591094970704,False
93,121,28,-2.1470960871887206,False
41,66,25,-2.147204979095459,False
65,83,18,-2.1475717851257325,False
99,120,21,-2.147592615509033,False
43,158,115,-2.1478410496521,False
149,154,5,-2.1479175219726563,False
15,46,31,-2.148030218048096,False
34,153,119,-2.148142176208496,False
41,157,116,-2.148334379730225,False
25,58,33,-2.148616371612549,False
130,138,8,-2.149626153411865,False
43,90,47,-2.150011186218262,False
122,142,20,-2.150199646759033,False
96,110,14,-2.150287003631592,False
137,144,7,-2.1505555212402343,False
66,97,31,-2.150666100616455,False
28,38,10,-2.1508226136779784,False
63,93,30,-2.1513478598022457,False
26,118,92,-2.151357769165039,False
56,91,35,-2.151454007110596,False
71,99,28,-2.151715129852295,False
64,104,40,-2.1517931301879885,False
31,151,120,-2.1519702589416503,False
17,152,135,-2.1524752616882323,False
42,157,115,-2.1526180854797365,False
8,157,149,-2.153244754638672,False
116,140,24,-2.153526863555908,False
107,122,15,-2.153871230773926,False
124,159,35,-2.1561365800476073,False
102,113,11,-2.1563188543701175,False
89,111,22,-2.1566252124023437,False
75,105,30,-2.1566509074401856,False
4,34,30,-2.1567399891662595,False
111,119,8,-2.1567898054504395,False
1,120,119,-2.1569529006958006,False
115,140,25,-2.1569672982788086,False
133,141,8,-2.1570901773071287,False
22,142,120,-2.1573049725341797,False
111,116,5,-2.1576358699035643,False
49,74,25,-2.1579501556396483,False
57,80,23,-2.158145659942627,False
150,157,7,-2.158170247955322,False
65,159,94,-2.1588669003295897,False
4,29,25,-2.1590040040588376,False
9,100,91,-2.159078285522461,False
128,156,28,-2.1596120143127444,True
24,52,28,-2.1599423309326173,False
91,112,21,-2.1602741845703126,False
52,66,14,-2.1607006355285643,False
119,159,40,-2.1611429797363284,False
108,122,14,-2.161266311340332,False
30,93,63,-2.1612771388244627,False
41,98,57,-2.161448280181885,False
88,158,70,-2.1618424295043943,False
31,48,17,-2.161935383911133,False
53,63,10,-2.162166095428467,False
18,145,127,-2.1624214295959474,False
89,105,16,-2.1627253607177734,False
45,123,78,-2.1631118142700196,False
1,30,29,-2.1638470655822752,False
46,103,57,-2.1640141101074217,False
113,147,34,-2.165172361450195,False
35,156,121,-2.1654177160644528,False
118,142,24,-2.1658396742248534,False
7,27,20,-2.165868793029785,True
30,39,9,-2.166423996582031,False
2,84,82,-2.166643914794922,False
3,25,22,-2.1670291351318363,False
63,85,22,-2.167147893066406,False
5,24,19,-2.1672965133666993,False
102,158,56,-2.1676252342224123,False
18,143,125,-2.1676699835205078,False
68,81,13,-2.167696577301025,False
1,139,138,-2.1679049015808105,False
30,42,12,-2.1679402658081055,False
47,159,112,-2.168634818115234,False
95,126,31,-2.1695049073791504,False
3,31,28,-2.1695071936035157,False
26,51,25,-2.169511223449707,False
32,136,104,-2.170061552581787,False
27,59,32,-2.1705934098815916,False
72,96,24,-2.1710191766357423,False
2,36,34,-2.1712945106506347,False
19,145,126,-2.1716488177490234,False
1,61,60,-2.171856463165283,False
13,25,12,-2.172212281646728,False
53,65,12,-2.1722912930297853,False
46,93,47,-2.172523371429443,False
78,88,10,-2.172968176727295,False
50,96,46,-2.1733950286865236,False
65,101,36,-2.1737294653320314,False
105,114,9,-2.1737572854614258,False
27,58,31,-2.1742591665649416,False
62,91,29,-2.1743409298706053,False
30,38,8,-2.174486605987549,False
19,30,11,-2.174670573425293,False
2,85,83,-2.1746730003356936,False
28,116,88,-2.174779409332275,False
118,153,35,-2.175355867919922,False
8,28,20,-2.1754984817504885,False
35,96,61,-2.1756610287475584,False
29,39,10,-2.1757907826232907,False
89,110,21,-2.176210234680176,False
59,99,40,-2.176407545013428,False
28,48,20,-2.176478157196045,False
3,115,112,-2.1767205726623535,False
2,37,35,-2.1774395658874512,False
55,94,39,-2.177452953491211,False
26,56,30,-2.177659268035889,False
75,107,32,-2.1777780961608886,False
95,119,24,-2.177905059051514,False
61,87,26,-2.178458375396729,False
71,95,24,-2.178472027587891,False
45,74,29,-2.1787935066223145,False
1,121,120,-2.1794354006958008,False
30,146,116,-2.1794737997436524,False
25,33,8,-2.1797156591796876,False
44,91,47,-2.179882811431885,False
30,147,117,-2.179999754333496,False
36,61,25,-2.1800253297424317,False
15,97,82,-2.1801612701416015,True
18,146,128,-2.1803259387207032,False
1,122,121,-2.180329613800049,False
64,93,29,-2.1803521258544922,False
1,119,118,-2.1805532788085937,False
33,47,14,-2.1805639222717286,False
9,154,145,-2.180787290496826,False
150,155,5,-2.181763141784668,False
48,159,111,-2.1819900312805176,False
104,114,10,-2.18238549118042,False
4,25,21,-2.18256576461792,False
62,159,97,-2.1826133139038086,False
11,97,86,-2.1827804054260254,False
16,28,12,-2.1828386987304684,False
1,29,28,-2.183263975372314,False
5,28,23,-2.183424543762207,False
43,84,41,-2.1837215875244143,False
74,101,27,-2.183866087799072,False
77,92,15,-2.1842920777893067,False
22,154,132,-2.184630420074463,False
15,27,12,-2.184635162658691,False
89,107,18,-2.1863233560180664,False
70,84,14,-2.1863821812438964,False
4,24,20,-2.186597007446289,False
120,153,33,-2.1866412489318847,False
83,109,26,-2.1867626095581056,False
32,45,13,-2.1876044802856445,False
1,80,79,-2.1878760551452636,False
44,82,38,-2.187959295196533,False
14,129,115,-2.188076374511719,False
47,94,47,-2.188403183288574,False
148,158,10,-2.18863128616333,False
33,153,120,-2.188927550811768,False
114,134,20,-2.188994070892334,False
123,142,19,-2.189059336853027,False
59,98,39,-2.1893321127319334,False
2,115,113,-2.189391078491211,False
38,81,43,-2.18943669921875,False
50,159,109,-2.1894841586303713,False
87,97,10,-2.1894918840026856,False
41,99,58,-2.1896793576049807,True
143,159,16,-2.189861918640137,False
5,120,115,-2.1899940339660646,False
55,159,104,-2.190091787261963,False
35,155,120,-2.1909097647094726,False
81,109,28,-2.190966334686279,False
22,155,133,-2.1911395957946778,False
123,149,26,-2.191372000427246,False
22,47,25,-2.1917540257263184,False
16,128,112,-2.1918688507080075,False
7,26,19,-2.1919095739746095,False
55,93,38,-2.1922019885253907,False
22,124,102,-2.1922932707214353,False
54,95,41,-2.1923769215393065,False
56,95,39,-2.1924086581420896,False
28,43,15,-2.1926056295776366,False
136,143,7,-2.192919821777344,False
51,74,23,-2.192940188598633,False
68,82,14,-2.193039994812012,False
31,97,66,-2.1931420991516113,False
16,96,80,-2.1934813513183595,False
31,136,105,-2.1937591369628904,False
33,44,11,-2.193874546813965,False
121,152,31,-2.1939824952697755,False
68,95,27,-2.1942149214172364,False
23,32,9,-2.1942940753173827,False
11,93,82,-2.1944559527587892,False
4,121,117,-2.194956881713867,False
23,31,8,-2.1950153614807126,False
2,134,132,-2.195045923919678,False
94,121,27,-2.1953363316345214,False
62,86,24,-2.1953722497558594,False
13,129,116,-2.1955665454101565,False
55,95,40,-2.1962645489501953,False
1,151,150,-2.196269176177979,False
24,55,31,-2.1965820002746583,False
1,150,149,-2.19663771774292,False
29,114,85,-2.1966442472839356,False
23,155,132,-2.197307955169678,False
89,99,10,-2.19737432434082,False
112,135,23,-2.197639204559326,False
30,46,16,-2.1977916758728027,False
18,46,28,-2.198104760131836,False
40,158,118,-2.1981454083251952,False
121,159,38,-2.198474718933105,False
103,122,19,-2.1987372593688965,False
4,30,26,-2.199097512817383,False
118,130,12,-2.199470427093506,False
31,44,13,-2.19948650680542,False
57,96,39,-2.199539802856445,False
24,50,26,-2.1996792381286623,False
55,62,7,-2.2000852592468263,False
83,104,21,-2.200176860961914,False
15,94,79,-2.200293355560303,False
53,159,106,-2.2005103038024902,False
52,159,107,-2.2008237268066404,False
57,90,33,-2.2008392655944826,False
65,94,29,-2.2010823733520506,False
84,106,22,-2.2016036795043945,False
124,143,19,-2.20165100692749,False
25,50,25,-2.201782635650635,False
131,154,23,-2.2018439953613282,False
28,136,108,-2.2022787121582033,False
71,96,25,-2.202405958709717,False
67,82,15,-2.2025163035583497,False
34,87,53,-2.203349108123779,False
18,116,98,-2.203517836761475,False
23,154,131,-2.20400692489624,False
16,153,137,-2.204486905670166,False
17,151,134,-2.20448880065918,False
27,96,69,-2.2045417430114744,False
4,28,24,-2.2045929919433593,False
6,26,20,-2.204802234649658,False
110,136,26,-2.205217243041992,False
110,121,11,-2.2053771673583986,False
1,140,139,-2.205496047973633,False
10,153,143,-2.2056941441345215,False
85,96,11,-2.205810121002197,False
95,112,17,-2.206049697265625,False
37,95,58,-2.206080615844727,False
98,127,29,-2.2061814949035643,False
97,108,11,-2.2064714778137207,False
21,114,93,-2.2068950601196287,False
13,96,83,-2.207353613586426,False
54,63,9,-2.2074769384765625,False
85,158,73,-2.207998458709717,False
4,133,129,-2.208275428619385,False
27,118,91,-2.20847749710083,False
1,41,40,-2.208637411804199,False
54,94,40,-2.2086455059814454,False
16,97,81,-2.2088644635009764,True
5,33,28,-2.2097171713256833,False
89,100,11,-2.2098053703308103,False
115,130,15,-2.2098933389282225,False
101,121,20,-2.210504687347412,False
105,123,18,-2.210679187774658,False
72,95,23,-2.210731833953857,False
14,94,80,-2.2107503129577637,False
98,109,11,-2.2107580749511717,False
110,117,7,-2.2107986099243164,False
3,133,130,-2.210926324005127,False
15,45,30,-2.211243801574707,False
43,85,42,-2.2117390025329593,False
130,139,9,-2.2118197206115724,False
100,111,11,-2.211828589782715,False
73,98,25,-2.212101840057373,False
40,157,117,-2.2121604086303712,False
128,138,10,-2.2124378395080564,False
49,99,50,-2.2129920236206053,False
56,77,21,-2.2129983656311034,False
91,102,11,-2.2131188786315916,False
102,130,28,-2.2135066555786134,False
12,131,119,-2.213588523864746,False
6,131,125,-2.2136021670532227,False
97,109,12,-2.213611790008545,False
23,53,30,-2.2137181242370607,False
19,143,124,-2.2145522964477538,False
133,142,9,-2.2147915031433105,False
52,94,42,-2.214833244934082,False
15,153,138,-2.2149310453796387,False
12,97,85,-2.2149624119567872,False
10,92,82,-2.215103070373535,False
45,80,35,-2.215125247192383,False
93,114,21,-2.215421706695557,False
3,32,29,-2.215498013153076,False
100,159,59,-2.2155155636596677,False
64,159,95,-2.2155427185058594,False
12,112,100,-2.2156853184509275,False
17,155,138,-2.215779727783203,False
8,108,100,-2.2163841981506347,False
96,118,22,-2.2168194921874997,False
91,113,22,-2.2173101530456543,False
2,153,151,-2.2173150845336913,False
86,158,72,-2.2174869230651852,False
93,115,22,-2.2175666439819337,False
83,103,20,-2.2176235064697267,False
6,29,23,-2.2179368699645994,False
18,50,32,-2.2181942358398437,False
146,159,13,-2.218517505493164,False
18,148,130,-2.218581131134033,False
113,141,28,-2.218613106536865,False
16,26,10,-2.2188578578186036,False
55,89,34,-2.21894327041626,False
107,123,16,-2.2189748667907714,False
96,114,18,-2.2193103428649903,False
50,75,25,-2.2194633546447755,False
15,129,114,-2.2195306010437013,False
108,117,9,-2.2196828523254397,False
9,156,147,-2.2197252951049804,False
51,159,108,-2.219748675689697,False
96,111,15,-2.219913044281006,False
122,159,37,-2.220059076690674,False
114,133,19,-2.220197591552734,False
84,107,23,-2.2204301019287107,False
67,99,32,-2.2204718353271486,False
30,148,118,-2.220489408569336,False
73,100,27,-2.2207609225463867,False
124,134,10,-2.221101314544678,False
22,113,91,-2.22116527923584,False
126,157,31,-2.221329821472168,False
19,126,107,-2.2213869096374514,False
55,65,10,-2.221656181335449,False
3,35,32,-2.2217285459899903,False
14,27,13,-2.221945548400879,False
60,105,45,-2.2221900361633304,False
1,28,27,-2.222580874786377,False
24,49,25,-2.2229114865112303,False
115,129,14,-2.223014014129639,False
126,135,9,-2.223506258850098,False
56,159,103,-2.2238019261169435,False
49,159,110,-2.2242758372497557,False
16,95,79,-2.2243216757202147,False
10,128,118,-2.2244279792785644,False
96,127,31,-2.224736041259766,False
35,112,77,-2.2248966113281248,False
19,144,125,-2.225077884216309,False
28,60,32,-2.225270534362793,False
33,113,80,-2.2253306089782714,False
87,158,71,-2.2253952279663087,False
46,78,32,-2.225766389770508,False
55,63,8,-2.225921925506592,False
110,118,8,-2.226040988616943,False
138,147,9,-2.2263655226135253,False
72,89,17,-2.2264335656738283,False
122,150,28,-2.2265279203796386,False
109,122,13,-2.226617030029297,False
28,95,67,-2.2266982400512694,False
54,65,11,-2.2268707150268554,False
24,155,131,-2.227136412811279,False
18,126,108,-2.22728887878418,False
30,37,7,-2.2272967443847653,False
16,27,11,-2.2274509536743166,False
9,27,18,-2.2276080465698245,False
24,56,32,-2.227643092651367,False
28,40,12,-2.227708822784424,False
20,155,135,-2.2280837825012205,False
53,94,41,-2.228148639526367,False
80,89,9,-2.228172507019043,False
79,109,30,-2.2284389402771,False
26,137,111,-2.228727018585205,False
63,159,96,-2.2293139285278323,False
68,96,28,-2.229350637512207,False
60,104,44,-2.2298639483642577,False
9,99,90,-2.2300749348449704,False
28,96,68,-2.2308308215332033,False
113,137,24,-2.231023696899414,False
1,42,41,-2.2311393800354002,False
17,146,129,-2.2315941038513185,False
32,90,58,-2.2320426443481445,False
1,141,140,-2.2326788772583006,False
25,120,95,-2.233037947235107,False
121,151,30,-2.2342424346923826,False
1,60,59,-2.2342553880310057,False
9,153,144,-2.23437372833252,False
103,114,11,-2.2347389157104494,False
72,100,28,-2.23495138671875,False
29,35,6,-2.235266159820557,False
9,98,89,-2.235623068847656,False
8,27,19,-2.235894468383789,False
130,155,25,-2.2362593028259274,False
15,50,35,-2.2363844859313966,False
114,146,32,-2.236488164672852,False
80,108,28,-2.2365253854370115,False
30,41,11,-2.2365436531066893,False
62,106,44,-2.2367506198120117,False
76,93,17,-2.236989225463867,False
43,157,114,-2.2371119258117678,False
33,140,107,-2.2371910484313964,False
28,94,66,-2.237484164428711,False
20,154,134,-2.2375228758239745,False
5,152,147,-2.2375620848083497,False
89,108,19,-2.237764579467773,False
34,96,62,-2.2380378645324708,False
18,48,30,-2.2381950729370117,False
26,33,7,-2.2387015222167967,False
110,120,10,-2.239381967010498,False
14,97,83,-2.2396819129943846,True
41,102,61,-2.2399169361877442,False
86,109,23,-2.240157973022461,False
18,156,138,-2.240341644897461,False
96,112,16,-2.2404354748535154,False
23,141,118,-2.240670539855957,False
78,108,30,-2.240682120361328,False
7,129,122,-2.24068877532959,False
119,131,12,-2.240968512878418,False
21,154,133,-2.241091325073242,False
121,133,12,-2.2412328379821775,False
84,96,12,-2.241286082611084,False
84,99,15,-2.241553393096924,False
28,42,14,-2.241670645599365,False
9,26,17,-2.24185032913208,False
106,114,8,-2.2421272119140623,False
11,129,118,-2.2423324604797363,False
101,112,11,-2.242356094665527,False
77,87,10,-2.2424881275939943,False
48,75,27,-2.242884140472412,False
89,102,13,-2.242976586151123,False
101,157,56,-2.2429805189514163,False
137,145,8,-2.243167560119629,False
19,48,29,-2.2432694743347166,False
55,87,32,-2.243481622161865,False
110,119,9,-2.244375035400391,False
25,157,132,-2.244520977783203,False
107,153,46,-2.244714385070801,False
7,30,23,-2.2453183879089353,False
7,153,146,-2.24535606048584,False
145,159,14,-2.2455366024780274,False
82,110,28,-2.2456733721923827,False
1,142,141,-2.245761434326172,False
96,115,19,-2.245866790771484,False
79,88,9,-2.2462269903564454,False
28,117,89,-2.2467521655273437,False
36,84,48,-2.2468074298095706,False
5,132,127,-2.247011189880371,False
120,132,12,-2.2477118392944333,False
107,154,47,-2.248143080291748,False
51,75,24,-2.249061272277832,False
33,45,12,-2.2500613136291507,False
2,32,30,-2.250419451751709,False
25,49,24,-2.2505263572692873,False
123,147,24,-2.2508069592285156,False
27,95,68,-2.2509953218078613,False
96,117,21,-2.251289542541504,False
18,45,27,-2.251440075531006,False
29,94,65,-2.2518148643493654,False
8,91,83,-2.2522841763305665,False
29,95,66,-2.2525222627258303,False
41,77,36,-2.252674802093506,False
96,116,20,-2.2527508705139163,False
9,155,146,-2.2530849700927735,False
45,81,36,-2.2531228524780276,False
8,29,21,-2.253149449920654,False
23,112,89,-2.2536525103759764,False
2,31,29,-2.2537309895324706,False
53,66,13,-2.253811605072021,False
79,110,31,-2.2539355834960935,False
62,88,26,-2.2541301986694338,False
61,89,28,-2.2541980281066896,False
26,58,32,-2.254206390686035,False
28,39,11,-2.25440201751709,False
89,101,12,-2.2544289920043945,False
73,89,16,-2.254596888122559,False
32,142,110,-2.25463175201416,False
34,107,73,-2.2547249172973634,False
52,95,43,-2.2547397369384763,False
76,87,11,-2.2547799058532716,False
46,101,55,-2.254783620147705,False
18,29,11,-2.2550612351989745,False
93,159,66,-2.255141878051758,False
105,155,50,-2.25524052444458,False
109,115,6,-2.255356571960449,False
108,153,45,-2.2555022134399416,False
65,103,38,-2.2555478215026854,False
55,76,21,-2.2558569415283203,False
83,100,17,-2.2559470167541504,False
30,43,13,-2.256273873138428,False
113,136,23,-2.2564079501342773,False
97,110,13,-2.256602798461914,False
36,83,47,-2.256957605743408,False
89,106,17,-2.257406443939209,False
18,149,131,-2.257536376953125,False
5,35,30,-2.2576129791259767,True
84,108,24,-2.257622287750244,False
94,115,21,-2.257924447174072,False
113,133,20,-2.257999605407715,False
127,138,11,-2.2580325299072266,False
109,117,8,-2.2582799003601073,False
29,46,17,-2.2584102078247072,False
35,113,78,-2.258465481414795,False
38,156,118,-2.258811652984619,False
13,94,81,-2.258977839355469,False
18,144,126,-2.259129846496582,False
1,143,142,-2.259292224884033,False
1,78,77,-2.259388953704834,False
144,159,15,-2.2597081118774414,False
126,158,32,-2.2598120343017576,False
9,28,19,-2.259915867462158,False
79,90,11,-2.26021435836792,False
10,154,144,-2.2607855335998535,False
28,47,19,-2.261225645904541,False
65,84,19,-2.26148304397583,False
99,111,12,-2.2617932234191893,False
8,130,122,-2.2620205589294433,False
69,81,12,-2.26213877822876,False
95,117,22,-2.262590756530762,False
14,93,79,-2.2627487387084964,False
2,39,37,-2.263022868499756,False
42,67,25,-2.263231171417236,False
2,33,31,-2.2633081854248047,False
151,157,6,-2.263540044403076,False
46,79,33,-2.2644855888366697,False
95,116,21,-2.2646770565795897,False
150,156,6,-2.2647583503723143,False
53,95,42,-2.265235252532959,False
73,97,24,-2.265355072784424,False
17,97,80,-2.26537939239502,False
4,33,29,-2.2656315982055664,False
27,136,109,-2.2658474571228027,False
6,30,24,-2.2659852432250975,False
37,156,119,-2.266325011138916,False
95,115,20,-2.26632903137207,False
12,26,14,-2.2664079328918456,False
54,96,42,-2.2667877435302737,False
2,135,133,-2.267185428619385,False
47,77,30,-2.2673756756591796,False
66,84,18,-2.267475905914307,False
80,109,29,-2.267839199371338,False
63,104,41,-2.2678948155212404,False
67,95,28,-2.2685013932800295,False
138,146,8,-2.2685347822570803,False
55,92,37,-2.2686446574401855,False
112,148,36,-2.2688508248901367,False
70,82,12,-2.2688878201293945,False
100,120,20,-2.2689133140563964,False
31,114,83,-2.269045296936035,False
71,89,18,-2.269340678100586,False
22,49,27,-2.2696015003967287,False
18,157,139,-2.269615977172852,False
12,93,81,-2.269834013214111,False
132,141,9,-2.269853049621582,False
135,151,16,-2.2698693338012697,False
26,119,93,-2.2701490312194825,False
28,110,82,-2.2702431983947755,False
61,105,44,-2.270288814544678,False
80,88,8,-2.270879259338379,False
123,159,36,-2.270952433166504,False
35,84,49,-2.2711031536865236,False
66,102,36,-2.271307540435791,False
29,110,81,-2.2715868542480466,False
23,157,134,-2.271653836669922,False
1,62,61,-2.2718354045104983,False
61,90,29,-2.271847331085205,False
34,139,105,-2.2721021894836424,False
30,59,29,-2.272540921020508,False
99,159,60,-2.272705806427002,False
15,47,32,-2.2727161625671384,False
18,158,140,-2.2727873365783693,False
114,158,44,-2.2730959144592284,False
32,113,81,-2.273180571899414,False
90,113,23,-2.273245182952881,False
19,50,31,-2.2732786265563965,False
4,152,148,-2.273360932006836,False
24,32,8,-2.2734254681396484,False
11,94,83,-2.2737988122558592,False
68,99,31,-2.273817971343994,False
25,59,34,-2.273821344451904,False
3,33,30,-2.273843812866211,False
6,27,21,-2.274601908569336,False
77,91,14,-2.2748969473266603,False
82,157,75,-2.274986747894287,False
78,87,9,-2.2760762062072755,False
2,154,152,-2.276108176269531,False
11,26,15,-2.276545688018799,False
25,111,86,-2.2766941580200197,False
17,144,127,-2.27672733215332,False
124,144,20,-2.276986256866455,False
51,95,44,-2.277042088470459,False
31,45,14,-2.2773508993530274,False
7,90,83,-2.2774007345581055,False
43,88,45,-2.277540919799805,False
6,32,26,-2.277657256164551,False
80,86,6,-2.278730198516846,False
29,115,86,-2.278749196929932,False
19,46,27,-2.2788628063964844,False
18,96,78,-2.2799580044555663,False
75,92,17,-2.28019977142334,False
9,158,149,-2.280688451690674,False
21,125,104,-2.280800411987305,False
147,153,6,-2.280892445678711,False
23,50,27,-2.281124977264404,False
63,92,29,-2.2818873445129393,False
55,96,41,-2.2822183647155763,False
130,140,10,-2.282244781188965,False
24,139,115,-2.2826724012756348,False
2,38,36,-2.2826726843261715,False
50,97,47,-2.2826913455200195,False
113,134,21,-2.2829946331787108,False
34,85,51,-2.283363739776611,False
109,116,7,-2.284059272613525,False
123,148,25,-2.2840948706054687,False
89,98,9,-2.2843548446655273,False
18,97,79,-2.2845150456237793,False
57,79,22,-2.2845335418701174,False
60,106,46,-2.2845792977905273,False
114,145,31,-2.285239220428467,False
13,93,80,-2.285504071350098,False
55,66,11,-2.285682858123779,False
15,93,78,-2.285927202606201,False
39,156,117,-2.2861065785217285,False
103,132,29,-2.2862643167114256,False
101,113,12,-2.286319344787598,False
100,130,30,-2.286367106628418,False
124,145,21,-2.2863806466674808,False
107,116,9,-2.286466490478516,False
112,134,22,-2.2873440476989746,False
62,105,43,-2.287381317443848,False
85,107,22,-2.287528908691406,False
19,158,139,-2.287633729858398,False
31,107,76,-2.287882209625244,False
34,86,52,-2.2879933920288087,False
51,96,45,-2.2883749479675295,False
29,109,80,-2.2884476977539063,False
95,118,23,-2.288638830871582,False
23,52,29,-2.289337895355225,False
14,130,116,-2.2894960804748536,False
19,45,26,-2.2899006468200684,False
43,104,61,-2.289933191833496,False
5,133,128,-2.2900098526000976,False
104,122,18,-2.2908745924377443,False
102,121,19,-2.2909436698913574,False
1,147,146,-2.290977734375,False
54,66,12,-2.291188169403076,False
15,154,139,-2.29135807510376,False
127,156,29,-2.291764957580566,False
20,126,106,-2.2920686915588377,False
64,85,21,-2.292097518615723,False
1,43,42,-2.292104630126953,False
19,156,137,-2.2925150192260744,False
60,100,40,-2.2927989865112304,False
37,82,45,-2.293025237426758,False
94,114,20,-2.293151405944824,False
4,86,82,-2.29365314453125,False
113,146,33,-2.2938112524414063,False
52,96,44,-2.294029287109375,False
88,103,15,-2.2945176902770994,False
108,115,7,-2.294534185791016,False
8,153,145,-2.2945590644836424,False
26,59,33,-2.2946292596435547,False
2,27,25,-2.2946355630493165,False
24,122,98,-2.294789658355713,False
111,149,38,-2.2950355725097658,False
114,141,27,-2.295052762298584,False
2,26,24,-2.2950609194946288,False
80,87,7,-2.2951327088928224,False
15,156,141,-2.2954343737792966,False
23,57,34,-2.2964581324768067,False
75,91,16,-2.297006134033203,False
42,101,59,-2.2972532049560543,False
71,91,20,-2.2972659637451174,False
27,34,7,-2.2980915892028806,False
17,157,140,-2.2982375607299805,False
29,48,19,-2.2982851388549803,False
67,96,29,-2.298648350830078,False
33,89,56,-2.2988823796081546,False
2,116,114,-2.299184501953125,False
3,123,120,-2.2993607034301755,False
111,117,6,-2.299374457244873,False
15,51,36,-2.3000305723571777,False
114,137,23,-2.3002128477478028,False
136,150,14,-2.300229478149414,False
42,72,30,-2.3002807942199706,False
95,114,19,-2.3004131454467776,False
67,83,16,-2.3004828256225585,False
122,134,12,-2.30061286819458,False
42,76,34,-2.3007870738220215,False
129,138,9,-2.3011666612243653,False
28,44,16,-2.30130064453125,False
21,155,134,-2.301352871246338,False
58,97,39,-2.3017074378967286,False
17,147,130,-2.301786528930664,False
17,158,141,-2.3018255389404296,False
17,156,139,-2.3018436811828615,False
72,98,26,-2.302504899902344,False
17,96,79,-2.302563497314453,False
83,102,19,-2.302963780670166,False
27,46,19,-2.303102319946289,False
29,42,13,-2.3032786083984376,False
124,142,18,-2.3037843757629397,False
74,104,30,-2.30402957611084,False
19,115,96,-2.304698036956787,False
23,156,133,-2.304944402008057,False
88,104,16,-2.304976901397705,False
40,97,57,-2.305039421081543,False
20,49,29,-2.3056508471679686,False
67,98,31,-2.306317431945801,False
93,116,23,-2.306520650482178,False
74,106,32,-2.306660860290527,False
43,105,62,-2.306715012359619,False
6,88,82,-2.3068094075012207,False
43,86,43,-2.306867839508057,False
28,108,80,-2.306921823425293,False
7,32,25,-2.307279304046631,False
86,108,22,-2.3074730715942384,False
52,93,41,-2.307592564239502,False
94,125,31,-2.3077422567749024,False
18,47,29,-2.30779350982666,False
42,69,27,-2.3078688887023926,False
3,36,33,-2.3080698989868162,False
86,110,24,-2.3080851261901856,False
15,157,142,-2.3084101092529297,False
54,92,38,-2.308800525817871,False
2,123,121,-2.308819953155518,False
114,143,29,-2.308977081298828,False
1,59,58,-2.3090177780151366,False
115,156,41,-2.3091452488708493,False
103,156,53,-2.3091542280578614,False
6,152,146,-2.3093274055480957,False
88,157,69,-2.3097026512145993,False
27,60,33,-2.3097813998413086,False
33,109,76,-2.3102796238708496,False
48,94,46,-2.3102822912597656,False
36,156,120,-2.311411570892334,False
126,137,11,-2.3117606564331057,False
113,142,29,-2.3118682609558108,False
76,92,16,-2.3120768615722658,False
111,137,26,-2.31210711013794,False
24,111,87,-2.31264638961792,False
61,104,43,-2.3138573359680175,False
96,159,63,-2.314142019805908,False
25,51,26,-2.314398624420166,False
35,108,73,-2.31440764755249,False
61,106,45,-2.3144288044738768,False
3,85,82,-2.3144415554809568,False
93,120,27,-2.3144646455383304,False
8,129,121,-2.3149478108215336,False
54,93,39,-2.315305570373535,False
64,105,41,-2.315516036682129,False
114,139,25,-2.3155201258850098,False
7,106,99,-2.315583049621582,False
95,159,64,-2.315613029937744,False
117,140,23,-2.315658899078369,False
21,142,121,-2.3163810316467286,False
117,129,12,-2.316398861694336,False
11,130,119,-2.3165515304565427,False
24,51,27,-2.3166468269348144,False
1,71,70,-2.316721019897461,False
125,135,10,-2.3168822224426266,False
2,117,115,-2.316958746643066,False
32,108,76,-2.317045988006592,False
71,98,27,-2.317085659942627,False
98,110,12,-2.3171386251831056,False
114,144,30,-2.3172281646728514,False
41,100,59,-2.3178407974243163,False
1,146,145,-2.3178453540039063,False
86,105,19,-2.3180927656555177,False
89,158,69,-2.318408582763672,False
52,75,23,-2.318673362121582,False
1,72,71,-2.3186781996154786,False
84,100,16,-2.3189011573791505,False
132,142,10,-2.3190711528015138,False
107,121,14,-2.3192947930908203,False
10,26,16,-2.3195863751220704,False
14,114,100,-2.3197751672363283,False
115,131,16,-2.3198395611572264,False
35,109,74,-2.3205599291992187,False
83,98,15,-2.321100289306641,False
22,48,26,-2.3211310270690917,False
15,53,38,-2.3214259545898437,False
78,89,11,-2.3215321977233887,False
137,149,12,-2.321543176269531,False
33,108,75,-2.3216160043334964,False
54,76,22,-2.3218347718811034,False
43,106,63,-2.3218666430664063,False
59,103,44,-2.3219740293884277,False
84,158,74,-2.3222005114746094,False
8,26,18,-2.322510313720703,False
24,157,133,-2.322581982269287,False
75,93,18,-2.3226578579711914,False
12,28,16,-2.3230207574462893,False
120,141,21,-2.3231240652465823,False
124,141,17,-2.323141457977295,False
149,157,8,-2.323208484954834,False
108,114,6,-2.323528447113037,False
94,124,30,-2.323605186920166,False
117,141,24,-2.3241861027526856,False
56,78,22,-2.3243176225280764,False
17,148,131,-2.3244900859069824,False
70,87,17,-2.3247946504211425,False
3,29,26,-2.3250958714294434,False
66,101,35,-2.3251696055603026,False
15,158,143,-2.3257742649841306,False
1,144,143,-2.3259287913513185,False
38,155,117,-2.3259900288391115,False
30,115,85,-2.3261194453430174,False
24,58,34,-2.326725210876465,False
109,134,25,-2.3267618885803225,False
135,143,8,-2.326986098022461,False
113,140,27,-2.327005167236328,False
27,108,81,-2.327105562133789,False
5,87,82,-2.327231981201172,False
40,65,25,-2.327404557647705,False
11,27,16,-2.327435283050537,False
16,154,138,-2.327789980773926,False
84,105,21,-2.3281847421264645,False
85,104,19,-2.3282394947814944,False
33,141,108,-2.3282771252441408,False
51,94,43,-2.3282890019226072,False
94,159,65,-2.3284714752197266,False
19,157,138,-2.3285339453125,False
108,121,13,-2.328581256866455,False
69,96,27,-2.3286084873962403,False
123,134,11,-2.328718677062988,False
4,35,31,-2.3287572789001465,False
62,89,27,-2.3287895597839356,False
55,91,36,-2.3294689505004884,False
112,147,35,-2.3295121697998047,False
56,81,25,-2.3297596701049805,False
88,98,10,-2.330147402038574,False
58,106,48,-2.330267146911621,False
37,155,118,-2.3305283500671385,False
17,149,132,-2.330859907684326,False
4,116,112,-2.3309113467407228,False
12,94,82,-2.3310141621398928,False
23,49,26,-2.3315735221862792,False
117,154,37,-2.332343584136963,False
74,91,17,-2.332378922729492,False
15,44,29,-2.332417301025391,False
1,58,57,-2.3325961462402343,False
109,118,9,-2.3331002452087404,False
121,141,20,-2.333206957092285,False
94,119,25,-2.333287596588135,False
54,91,37,-2.333579008178711,False
29,43,14,-2.333622160186768,False
56,83,27,-2.333911354217529,False
97,128,31,-2.334061285858154,False
39,96,57,-2.3341945123291015,False
14,153,139,-2.334352156677246,False
45,92,47,-2.3344618658447267,False
9,152,143,-2.3345190887451173,False
25,138,113,-2.3351048204040525,False
23,55,32,-2.3352732823181155,False
25,44,19,-2.3353019955444334,False
43,87,44,-2.335408766784668,False
19,53,34,-2.335538684692383,False
109,121,12,-2.3360201477050784,False
143,154,11,-2.3364715386962893,False
29,96,67,-2.3366361000061033,False
27,94,67,-2.336894482727051,False
42,68,26,-2.3369913090515135,False
83,97,14,-2.3371053298950195,False
137,148,11,-2.337325004577637,False
24,44,20,-2.3374642376708983,False
146,153,7,-2.3376465060424807,False
10,111,101,-2.3378705990600586,False
3,28,25,-2.3379751290893553,False
112,136,24,-2.3381342599487303,False
44,158,114,-2.3382561233520507,False
104,133,29,-2.338269853668213,False
56,82,26,-2.3384515631103513,False
41,156,115,-2.3388348196411135,False
23,54,31,-2.339102009429932,False
85,100,15,-2.3392730418395997,False
27,109,82,-2.339555980987549,False
106,122,16,-2.3397087496948243,False
131,141,10,-2.3398037353515626,False
97,159,62,-2.3398681271362305,False
105,115,10,-2.3398805590820313,False
113,139,26,-2.339927760772705,False
56,96,40,-2.3401942605590818,False
34,137,103,-2.3405909016418454,False
107,115,8,-2.340591964111328,False
85,108,23,-2.340760102996826,False
136,144,8,-2.3411463488769533,False
17,49,32,-2.34181672164917,False
118,131,13,-2.3419600955200197,False
16,150,134,-2.3421413932800292,False
55,86,31,-2.342689799346924,False
86,104,18,-2.342786231231689,False
93,125,32,-2.342868759307861,False
68,97,29,-2.3429901135253908,False
4,134,130,-2.343038146972656,False
102,132,30,-2.3430917137145997,False
13,97,84,-2.343218243560791,False
83,110,27,-2.3434302633666992,False
70,86,16,-2.3434763244628902,False
15,54,39,-2.3436933995056153,False
21,49,28,-2.3438589805603027,False
68,98,30,-2.3440061625671387,False
67,84,17,-2.34405230178833,False
76,94,18,-2.344053472442627,False
23,56,33,-2.344167044219971,False
70,83,13,-2.344467645263672,False
98,159,61,-2.344517856597901,False
47,100,53,-2.344656742858887,False
33,136,103,-2.344660849609375,False
1,76,75,-2.344971576690674,False
74,105,31,-2.3452147886657717,False
99,128,29,-2.3454622906494142,False
116,129,13,-2.345544205169678,False
78,86,8,-2.3458254098510745,False
12,27,15,-2.3462178468322756,False
34,138,104,-2.346524204864502,False
105,121,16,-2.3467976528930663,False
66,94,28,-2.346933702850342,False
13,130,117,-2.3470286560058593,False
16,49,33,-2.347188675689697,False
106,121,15,-2.347239955596924,False
68,83,15,-2.3472411224365235,False
72,102,30,-2.347678719329834,False
97,118,21,-2.348154489593506,False
107,114,7,-2.348491233520508,False
63,105,42,-2.3486077764892577,False
122,141,19,-2.348773882751465,False
10,27,17,-2.3488239097595214,False
123,141,18,-2.3502320988464356,False
108,118,10,-2.350492767791748,False
45,91,46,-2.3506672955322268,False
55,85,30,-2.3508404141235353,False
94,116,22,-2.3508405015563967,False
85,99,14,-2.3511108157348635,False
67,97,30,-2.3511243963623043,False
30,48,18,-2.351233810119629,False
25,156,131,-2.3513491973876954,False
62,90,28,-2.351425122070313,False
3,121,118,-2.3515915643310548,False
114,136,22,-2.351626976928711,False
44,104,60,-2.352076418762207,False
49,75,26,-2.352474627380371,False
11,92,81,-2.3524843557739255,False
54,98,44,-2.3527223150634766,False
28,109,81,-2.3529548695373537,False
54,88,34,-2.3531186112976075,False
59,102,43,-2.3531909661865233,False
74,93,19,-2.3532478747558594,False
67,100,33,-2.3533307557678222,False
42,75,33,-2.3535569140625,False
1,145,144,-2.3536584603881834,False
54,109,55,-2.353790843963623,False
129,139,10,-2.353915612335205,False
74,90,16,-2.3539254513549808,False
16,94,78,-2.3541187159729007,False
18,127,109,-2.3543872454833985,False
5,27,22,-2.354675637512207,False
48,100,52,-2.35479010055542,False
16,158,142,-2.3550561833190917,False
105,122,17,-2.355335964202881,False
19,47,28,-2.355400117034912,False
134,143,9,-2.3555939971923827,False
24,33,9,-2.355852209472656,False
20,97,77,-2.3559600666809084,False
29,38,9,-2.356690387420654,False
28,45,17,-2.356779629974365,False
87,157,70,-2.356849979400635,False
11,28,17,-2.3569861256408693,False
85,109,24,-2.357647469177246,False
126,141,15,-2.3577816418457034,False
129,155,26,-2.3578570861816406,False
16,152,136,-2.358134917755127,False
94,120,26,-2.358303913269043,False
11,131,120,-2.3587205989074707,False
78,158,80,-2.35877036315918,False
109,152,43,-2.359011193237305,False
27,48,21,-2.3590814067077637,False
22,157,135,-2.359246674346924,False
42,70,28,-2.3595155375671384,False
125,141,16,-2.359752256011963,False
82,158,76,-2.3598250915527346,False
72,97,25,-2.359873012237549,False
3,26,23,-2.359891452331543,False
123,150,27,-2.3599961911010743,False
15,150,135,-2.361202891845703,False
118,132,14,-2.3614046919250486,False
18,142,124,-2.3615269619750974,False
5,86,81,-2.36219137588501,False
86,107,21,-2.3623876693725583,False
121,153,32,-2.3626631228637693,False
77,86,9,-2.363030536804199,False
114,142,28,-2.363033093109131,False
100,112,12,-2.3630970613098143,False
68,84,16,-2.363278377990723,False
99,119,20,-2.3634901187133788,False
1,70,69,-2.3635466160583496,False
85,106,21,-2.3643357081604006,False
133,143,10,-2.364601188812256,False
22,50,28,-2.3648261357116698,False
14,150,136,-2.36502321685791,False
69,97,28,-2.3651125332641603,False
33,60,27,-2.365282156677246,False
122,152,30,-2.3656796746826174,False
3,122,119,-2.365904189605713,False
93,119,26,-2.36618374206543,False
98,119,21,-2.36619566116333,False
1,68,67,-2.3662901046752927,False
25,60,35,-2.3665499726867676,False
57,106,49,-2.36707344909668,False
83,158,75,-2.3670804162597654,False
8,107,99,-2.3674748052978516,False
15,130,115,-2.367598147735596,False
3,27,24,-2.3676795919799805,False
71,97,26,-2.3680795135498043,False
1,63,62,-2.368430363769531,False
69,99,30,-2.3685092904663088,False
71,92,21,-2.3685224226379398,False
101,120,19,-2.3695610557556153,False
3,37,34,-2.369561224517822,False
1,75,74,-2.369648487701416,False
84,104,20,-2.370047818145752,False
21,32,11,-2.370233031005859,False
15,52,37,-2.3702432891845704,False
92,122,30,-2.370496994934082,False
1,57,56,-2.37069323348999,False
27,37,10,-2.3707216342163084,False
108,134,26,-2.3707663735961915,False
15,115,100,-2.3712987049865726,False
20,114,94,-2.37140579574585,False
7,131,124,-2.37147902923584,False
109,135,26,-2.371845652923584,False
115,158,43,-2.3720147247314456,False
37,81,44,-2.3723713813781737,False
86,97,11,-2.3724852255249025,False
42,105,63,-2.372667825317383,False
69,86,17,-2.372811441802978,False
44,105,61,-2.372906445922852,False
88,102,14,-2.372921879272461,False
25,158,133,-2.373055713043213,False
46,123,77,-2.373369339599609,False
1,44,43,-2.373480993957519,False
53,96,43,-2.3735491455078126,False
84,109,25,-2.3738227534484864,False
1,46,45,-2.373877264099121,False
52,97,45,-2.3741767068481443,False
35,83,48,-2.3744155220031735,False
48,76,28,-2.374669778137207,False
24,43,19,-2.3749411170959474,False
145,154,9,-2.3751309049987794,False
3,30,27,-2.3752414102172854,False
22,53,31,-2.375329107055664,False
16,115,99,-2.375736923675537,False
43,89,46,-2.375739443511963,False
16,93,77,-2.375839930419922,False
22,46,24,-2.3759222996520997,False
122,153,31,-2.3761521813964843,False
131,153,22,-2.3764136083984377,False
97,113,16,-2.3764208471679686,False
6,133,127,-2.376556828765869,False
18,115,97,-2.3766886743164064,False
72,93,21,-2.3770945333862303,False
3,152,149,-2.377725478668213,False
32,109,77,-2.3778030418395995,False
101,158,57,-2.37805748336792,False
120,154,34,-2.378083184814453,False
44,106,62,-2.3783091386413573,False
50,99,49,-2.378657025909424,False
46,92,46,-2.3788419509887695,False
85,105,20,-2.3790676266479496,False
92,114,22,-2.379545440673828,False
115,139,24,-2.3796266331481934,False
16,46,30,-2.3796495831298827,False
24,156,132,-2.3797019458007815,False
71,93,22,-2.379967603149414,False
128,139,11,-2.380584168395996,False
73,102,29,-2.380603796844482,False
32,135,103,-2.38065477935791,False
4,117,113,-2.380776273803711,False
19,52,33,-2.3809284120178225,False
26,48,22,-2.380947604522705,False
2,30,28,-2.381131287231445,False
9,157,148,-2.3813942512512205,False
53,76,23,-2.381458698577881,False
102,156,54,-2.381495856628418,False
18,51,33,-2.381977374420166,False
10,155,145,-2.3820973234558105,False
89,112,23,-2.3821836067199706,False
23,33,10,-2.3824840806579592,False
51,98,47,-2.3825024208068846,False
69,82,13,-2.382902535095215,False
23,158,135,-2.3831693997192382,False
1,67,66,-2.3831734411621093,False
1,66,65,-2.3833805975341797,False
52,98,46,-2.383522777404785,False
119,154,35,-2.3837973303222655,False
27,38,11,-2.384097842102051,False
4,120,116,-2.384335325317383,False
87,109,22,-2.3844173472595216,False
1,69,68,-2.3844861279296876,False
141,156,15,-2.384512980041504,False
1,45,44,-2.3848745828247067,False
25,121,96,-2.38491525177002,False
46,80,34,-2.3850851924133303,False
23,140,117,-2.3856384658813474,False
22,44,22,-2.3859408291625974,False
59,106,47,-2.3876276205444333,False
25,43,18,-2.387775679626465,False
6,132,126,-2.3877759156799314,False
72,92,20,-2.387802098236084,False
70,96,26,-2.387963616027832,False
4,27,23,-2.3884349661254882,False
22,141,119,-2.388531548461914,False
1,73,72,-2.3885544410705566,False
86,100,14,-2.388871304321289,False
3,83,80,-2.388925958099365,False
27,42,15,-2.388978239746094,False
93,118,25,-2.3890837203979496,False
42,104,62,-2.389161496887207,False
106,123,17,-2.3893593489074707,False
15,155,140,-2.389421897583008,False
14,151,137,-2.389809278869629,False
93,117,24,-2.390183848724365,False
79,87,8,-2.390311214294434,False
15,48,33,-2.390319588317871,False
8,30,22,-2.3904533879089356,False
114,140,26,-2.3906057527160645,False
103,131,28,-2.3906909407043457,False
86,106,20,-2.3910243319702147,False
20,142,122,-2.391058415832519,False
76,89,13,-2.3912172955322264,False
2,137,135,-2.391306779785156,False
112,137,25,-2.3918026669311523,False
45,106,61,-2.392006911621094,False
22,52,30,-2.392066196136475,False
4,85,81,-2.3924372883605955,False
25,61,36,-2.392449652709961,False
75,90,15,-2.3924505966186524,False
58,99,41,-2.3924887551879883,False
22,45,23,-2.392519220123291,False
64,92,28,-2.392523533477783,False
111,118,7,-2.392739141845703,False
74,94,20,-2.3927400805664063,False
63,86,23,-2.3928122650146486,False
17,128,111,-2.3929164640808103,False
35,107,72,-2.3929189224243164,False
114,157,43,-2.3931061073303224,False
126,140,14,-2.3931998556518552,False
29,108,79,-2.3933250787353515,False
60,101,41,-2.3934202893066407,False
81,110,29,-2.393551566162109,False
111,148,37,-2.3937587014770507,False
106,133,27,-2.3938472920227047,False
17,115,98,-2.3943499757385256,False
45,107,62,-2.3945179934692384,False
76,88,12,-2.3946476266479495,False
41,155,114,-2.394649522705078,False
27,43,16,-2.3946565116882326,False
124,146,22,-2.3947847721862794,False
77,108,31,-2.394842465209961,False
78,90,12,-2.395142193908691,False
116,139,23,-2.3951598715209963,False
86,111,25,-2.395196420593262,False
22,43,21,-2.395265905761719,False
115,138,23,-2.395320370788574,False
3,38,35,-2.3960303546142576,False
11,154,143,-2.396033755340576,False
89,113,24,-2.396095700073242,False
10,156,146,-2.396225241546631,False
82,156,74,-2.3962962991333008,False
2,82,80,-2.396396308898926,True
110,151,41,-2.396496015930176,False
70,85,15,-2.3965619778442386,False
10,98,88,-2.3971365524291994,False
22,156,134,-2.397280634918213,False
16,157,141,-2.3977109323120116,False
3,39,36,-2.398165267791748,False
26,46,20,-2.398196288452149,False
19,51,32,-2.3986802772521973,False
69,84,15,-2.399105297393799,False
113,145,32,-2.399220583496094,False
3,84,81,-2.399883613128662,False
24,48,24,-2.3999311766052243,False
127,139,12,-2.400055213623047,False
17,143,126,-2.400072577819824,False
45,105,60,-2.4000884774780276,False
125,136,11,-2.4001253314208983,False
2,40,38,-2.4001361964416503,False
42,71,29,-2.400186153411865,False
112,146,34,-2.4002614239501954,False
31,89,58,-2.4003880012512204,False
102,114,12,-2.400531658325195,False
22,33,11,-2.4007215252685548,False
53,91,38,-2.401210182952881,False
98,128,30,-2.401269481506348,False
42,73,31,-2.4013204756164552,False
72,91,19,-2.401552109832764,False
43,156,113,-2.4016043557739257,False
11,153,142,-2.402317441558838,False
21,113,92,-2.4024114375305174,False
14,154,140,-2.4025882347106933,False
55,90,35,-2.4030143237304684,False
15,31,16,-2.4030851786804197,False
60,108,48,-2.403092229614258,False
5,26,21,-2.403104347076416,False
86,103,17,-2.40323760635376,False
28,37,9,-2.4034404919433596,False
127,141,14,-2.403458605041504,False
21,126,105,-2.4034816374206542,False
30,135,105,-2.403506587371826,False
36,82,46,-2.403631420593262,False
120,140,20,-2.403872134399414,False
31,60,29,-2.4040236404418946,False
16,151,135,-2.4041083485412598,False
101,132,31,-2.4041243592834474,False
60,107,47,-2.404136788482666,False
117,130,13,-2.4045958245849612,False
99,129,30,-2.4047211364746093,False
71,90,19,-2.4048593907165525,False
70,88,18,-2.4051266593933107,False
26,60,34,-2.405283913574219,False
17,95,78,-2.405328384399414,False
4,118,114,-2.405382039642334,False
69,95,26,-2.4054855029296873,False
10,152,142,-2.4057842730712893,False
23,123,100,-2.405830241088867,False
123,139,16,-2.405925128479004,False
68,94,26,-2.406249975280762,False
14,29,15,-2.4065925923156737,False
104,155,51,-2.4066201608276367,False
17,46,29,-2.407033124389648,False
14,157,143,-2.4075493927001954,False
32,152,120,-2.4075989575195313,False
76,91,15,-2.4076533892822267,False
69,98,29,-2.407960895690918,False
10,129,119,-2.408050275878906,False
15,29,14,-2.40812293838501,False
14,156,142,-2.408266085662842,False
31,135,104,-2.408428696441651,False
58,102,44,-2.408653001098633,False
4,36,32,-2.4089429695129394,False
1,77,76,-2.409420064239502,False
3,117,114,-2.40947424621582,False
135,150,15,-2.4096623748779296,False
137,146,9,-2.4100635253906253,False
8,32,24,-2.410156545715332,False
75,94,19,-2.4102507351684572,False
27,35,8,-2.410402772216797,False
2,121,119,-2.4111510607910156,False
88,105,17,-2.4112001750183105,False
15,151,136,-2.411728446044922,False
24,59,35,-2.4117452429199218,False
55,77,22,-2.4118334970092774,False
2,80,78,-2.411892526245117,False
9,29,20,-2.4119820179748537,False
54,99,45,-2.412046634368896,False
137,147,10,-2.4121199362182617,False
3,116,113,-2.4122276487731935,False
86,157,71,-2.4122374603271486,False
65,85,20,-2.4123824380493164,False
10,158,148,-2.412484382629395,False
123,138,15,-2.412490062561035,False
29,41,12,-2.4126112785339355,False
56,97,41,-2.4127019119262694,False
70,95,25,-2.4127827926635743,False
38,63,25,-2.413122324523926,False
4,26,22,-2.4131648260498046,False
43,107,64,-2.413475018310547,False
119,132,13,-2.413596795501709,False
30,47,17,-2.413963868408203,False
36,155,119,-2.4140985346984865,False
74,92,18,-2.4141418603515623,False
141,158,17,-2.414152689208984,False
87,104,17,-2.414844402923584,False
97,111,14,-2.4149724359130857,False
68,100,32,-2.415028312225342,False
123,153,30,-2.4154285858154294,False
97,129,32,-2.415444281616211,False
30,97,67,-2.4155075747680663,False
68,102,34,-2.4155808106994625,False
88,99,11,-2.415651674499512,False
119,141,22,-2.4158479719543458,False
3,134,131,-2.415895927734375,False
8,90,82,-2.416211996307373,False
48,101,53,-2.416335395965576,False
85,157,72,-2.41647160949707,False
59,107,48,-2.416498385620117,False
1,47,46,-2.416505385284424,False
23,47,24,-2.4166116384887695,False
124,149,25,-2.4166828172302246,False
31,150,119,-2.4167581538391114,False
123,140,17,-2.4172507525634765,False
2,28,26,-2.4173383541870117,False
38,107,69,-2.417339118499756,False
70,97,27,-2.417536273193359,False
87,102,15,-2.4175885858154293,False
71,100,29,-2.4177596432495116,False
42,156,114,-2.418182659301758,False
6,34,28,-2.418626395111084,False
1,65,64,-2.418654936981201,False
32,60,28,-2.418666852416992,False
71,94,23,-2.41893498046875,False
106,115,9,-2.41914239944458,False
37,62,25,-2.4192745513916014,False
25,34,9,-2.4192854803466797,False
29,36,7,-2.4193081666564944,False
24,61,37,-2.4193382557678222,False
113,143,30,-2.4195058616638185,False
10,28,18,-2.419573428649902,False
19,54,35,-2.41971677154541,False
24,45,21,-2.419766604614258,False
18,95,77,-2.4199741236877443,False
133,153,20,-2.4199789826965334,False
15,152,137,-2.41998572265625,False
4,135,131,-2.4200202418518066,False
67,102,35,-2.420085378112793,False
134,152,18,-2.420610348815918,False
62,87,25,-2.4208846009826663,False
27,119,92,-2.4209364625549314,False
140,156,16,-2.4211697219848634,False
80,110,30,-2.4212206214904786,False
87,98,11,-2.4212840007019043,False
34,84,50,-2.4218164697265623,False
19,127,108,-2.4218267381286624,False
63,91,28,-2.4219794720458987,False
88,107,19,-2.422018814849854,False
118,141,23,-2.4220350981140135,False
122,151,29,-2.4223044958496094,False
25,48,23,-2.4223188848876953,False
45,104,59,-2.4224123086547853,False
100,113,13,-2.422537328491211,False
41,104,63,-2.422623924255371,False
109,136,27,-2.4226281858825685,False
8,101,93,-2.4227601988220213,False
24,46,22,-2.4228622766113284,False
96,129,33,-2.422926402282715,False
78,157,79,-2.42311201751709,False
126,142,16,-2.4231633764648435,False
20,53,33,-2.423511767730713,False
71,102,31,-2.4241111149597168,False
24,138,114,-2.4241292013549804,False
58,158,100,-2.424335294647217,False
89,157,68,-2.4244376460266115,False
68,85,17,-2.4245337281799317,False
14,49,35,-2.424554514312744,False
106,116,10,-2.4245607757568357,False
53,93,40,-2.424847471923828,False
126,143,17,-2.424857973022461,False
54,97,43,-2.4249317161560056,False
8,152,144,-2.4250748884582523,False
69,83,14,-2.4250792648315427,False
51,97,46,-2.4252134295654297,False
62,107,45,-2.4256850286865235,False
148,157,9,-2.4257841981506347,False
57,105,48,-2.425792994842529,False
108,119,11,-2.425804351043701,False
147,158,11,-2.4259118539428712,False
48,102,54,-2.426174499664307,False
4,83,79,-2.4264058615112303,False
131,142,11,-2.4264519581604005,False
29,60,31,-2.426565006866455,False
86,102,16,-2.4265969622802737,False
92,121,29,-2.4266500256347654,False
40,79,39,-2.4267955334472657,False
21,47,26,-2.426945993347168,False
85,110,25,-2.4269714938354494,False
128,140,12,-2.4271443692016605,False
129,140,11,-2.4273247410583494,False
57,97,40,-2.427694743041992,False
32,134,102,-2.4278276066589357,False
5,134,129,-2.428011785736084,False
126,156,30,-2.4282294259643558,False
2,29,27,-2.4289013386535645,False
26,34,8,-2.4293097039794924,False
4,119,115,-2.4302165664672852,False
117,156,39,-2.43032625,False
69,100,31,-2.4303410989379883,False
18,53,35,-2.430380857696533,False
27,44,17,-2.4304621893310547,False
2,122,120,-2.4307775889587404,False
70,99,29,-2.4309176889038087,False
88,100,12,-2.430932695922851,False
20,156,136,-2.430979663543701,False
25,46,21,-2.4311980337524415,False
49,100,51,-2.431575712432861,False
85,97,12,-2.431597567749024,False
72,101,29,-2.4316218296813963,False
58,103,45,-2.431761603240967,False
69,87,18,-2.431795076446533,False
116,131,15,-2.431957547454834,False
23,51,28,-2.431964376831055,False
2,118,116,-2.432134330749512,False
140,158,18,-2.4321985833740234,False
73,90,17,-2.432330914764404,False
17,29,12,-2.4324443136596683,False
20,50,30,-2.432677861480713,False
132,153,21,-2.432745822753906,False
28,35,7,-2.433117431182861,False
51,93,42,-2.4331580560302735,False
42,106,64,-2.4331848217773437,False
17,45,28,-2.433323227996826,True
118,133,15,-2.4335544645690916,False
32,97,65,-2.4336947412109375,False
34,60,26,-2.4338650999450686,False
15,98,83,-2.4343494567871096,False
46,91,45,-2.4346742474365235,False
29,37,8,-2.4347271650695803,False
124,147,23,-2.4349769010925293,False
13,113,100,-2.4351093754577637,False
18,98,80,-2.435249758758545,False
88,109,21,-2.4352808811950686,False
21,53,32,-2.4353857952880857,False
31,98,67,-2.435446744842529,False
39,80,41,-2.435639006652832,False
52,92,40,-2.436107265930176,False
73,101,28,-2.436107861938477,False
73,103,30,-2.436519180755615,False
7,133,126,-2.4367117430114744,False
1,64,63,-2.436752173156738,False
77,88,11,-2.437286504211426,False
19,31,12,-2.437326758117676,False
11,29,18,-2.4375058226013184,False
121,134,13,-2.4378261376953128,False
13,26,13,-2.437945665283203,False
45,82,37,-2.4380760166931155,False
19,142,123,-2.438462049713135,False
65,104,39,-2.438618378753662,False
37,111,74,-2.4389397790527343,False
113,144,31,-2.4389821951293946,False
7,105,98,-2.4390492362976075,False
87,103,16,-2.439278292541504,False
2,138,136,-2.439356661224365,False
90,158,68,-2.4393663711547853,False
5,36,31,-2.4394179664611815,False
33,88,55,-2.4394485855102537,False
53,92,39,-2.4396072689819333,False
21,48,27,-2.4397418098449704,False
33,142,109,-2.439885475006103,False
127,140,13,-2.440399432373047,False
26,110,84,-2.440501278839111,False
69,88,19,-2.4405361181640624,False
30,45,15,-2.440695026550293,False
117,155,38,-2.4407239337158204,False
107,134,27,-2.440846097717285,False
16,45,29,-2.440884201660156,True
124,135,11,-2.4410441662597657,False
58,105,47,-2.441194991912842,False
109,119,10,-2.4414701399230956,False
42,74,32,-2.44157754989624,False
16,156,140,-2.441742514190674,False
5,83,78,-2.44272257598877,False
120,133,13,-2.4429571481323245,False
3,118,115,-2.4431799200439452,False
9,31,22,-2.44328763671875,False
92,125,33,-2.443412935028076,False
94,118,24,-2.4436489411926265,False
40,156,116,-2.4437448492431644,False
44,83,39,-2.4438374116516117,False
29,44,15,-2.4441467608642578,False
28,36,8,-2.444460719604492,False
25,47,22,-2.4448370150756835,False
21,46,25,-2.444853993835449,False
2,152,150,-2.44485968170166,False
144,154,10,-2.44541919128418,False
98,111,13,-2.4459596456909183,False
31,143,112,-2.4461213211059567,False
116,130,14,-2.4462543600463866,False
56,80,24,-2.4463498880004884,False
24,60,36,-2.446667512359619,False
41,105,64,-2.4469435700988766,False
26,44,18,-2.447307149353027,False
93,124,31,-2.4473561709594724,False
84,98,14,-2.447570788421631,False
26,120,94,-2.447687092895508,False
85,103,18,-2.4478758975219725,False
66,85,19,-2.4482339768981936,False
149,156,7,-2.448534838104248,False
41,76,35,-2.4488684669494627,False
130,154,24,-2.4492238702392575,False
23,48,25,-2.4494556146240236,False
45,150,105,-2.449571378173828,False
104,115,11,-2.449597661743164,False
21,50,29,-2.449663664855957,False
24,158,134,-2.4501909559631345,False
68,86,18,-2.4507077764892577,False
15,43,28,-2.450790544281006,False
19,97,78,-2.450847575531006,False
37,107,70,-2.4511654348754885,False
73,93,20,-2.4514339505004883,False
84,110,26,-2.4516513153076174,False
61,158,97,-2.4518749446105956,False
55,98,43,-2.452025245361328,False
11,158,147,-2.4521028312683106,False
55,84,29,-2.4523432577514646,False
57,158,101,-2.452694094085693,False
58,107,49,-2.452939655151367,False
84,102,18,-2.4531087554931643,False
89,156,67,-2.453327008514404,False
44,157,113,-2.453456295776367,False
18,52,34,-2.453988430938721,False
4,84,80,-2.4540745124816894,False
54,89,35,-2.454169272766113,False
1,74,73,-2.4543706787109376,False
117,132,15,-2.454558923187256,False
78,109,31,-2.454579096984863,False
76,90,14,-2.454717119445801,False
96,128,32,-2.4550223306274415,False
43,155,112,-2.4551116377258304,False
19,96,77,-2.455499285888672,False
1,56,55,-2.4558153942871095,False
87,105,18,-2.455907664031982,False
30,91,61,-2.456099688720703,False
27,36,9,-2.4561040017700195,False
124,140,16,-2.4561531201171873,False
24,47,23,-2.456601987457275,False
16,98,82,-2.456727763061523,False
94,126,32,-2.456728045654297,False
122,140,18,-2.4567451443481447,False
37,110,73,-2.456782746734619,False
92,115,23,-2.456797540435791,False
130,153,23,-2.4570804544067384,False
22,54,32,-2.45709022567749,False
103,121,18,-2.457196508178711,False
45,124,79,-2.4572340452575685,False
28,97,69,-2.45740064453125,False
22,125,103,-2.4574117541503906,False
41,106,65,-2.45747030960083,False
16,53,37,-2.457487093963623,False
126,138,12,-2.4578197564697266,False
39,155,116,-2.4580267893981933,False
72,103,31,-2.458297304229736,False
8,103,95,-2.458485280761719,False
10,100,90,-2.4586135720825193,False
58,98,40,-2.45888725479126,False
84,103,19,-2.459035298156738,False
63,106,43,-2.459102548828125,False
40,78,38,-2.4591535556030273,False
84,97,13,-2.4592175598144532,False
97,115,18,-2.459251713867187,False
59,100,41,-2.4596376895141603,False
51,92,41,-2.4597913174438473,False
33,96,63,-2.4598177209472656,False
52,91,39,-2.460257287445068,False
32,107,75,-2.4604267613220214,False
54,90,36,-2.4607737202453612,False
97,114,17,-2.4611108193969726,False
88,106,18,-2.4613111100769043,False
108,120,12,-2.461554166870117,False
27,61,34,-2.4616302832031254,False
30,44,14,-2.461708460998535,False
142,155,13,-2.4624082595825194,False
5,85,80,-2.4625040277099606,False
16,54,38,-2.4630754347229002,False
22,112,90,-2.4631338563537595,False
39,64,25,-2.4632687507629396,False
54,110,56,-2.4633922956848147,False
87,110,23,-2.4634225776672363,False
27,47,20,-2.4634894567871095,False
14,152,138,-2.4635249592590336,False
79,158,79,-2.463560747833252,False
117,158,41,-2.4635992990112308,False
35,154,119,-2.463825768585205,False
67,101,34,-2.4639038163757325,False
136,145,9,-2.464203179321289,False
94,117,23,-2.464281157684326,False
112,138,26,-2.4644783323669435,False
73,92,19,-2.4645050457763675,False
53,97,44,-2.464714915466309,False
14,158,144,-2.464762059173584,False
1,55,54,-2.465102438659668,False
88,156,68,-2.465256782684326,False
16,146,130,-2.4653870068359374,False
12,92,80,-2.465522726135254,False
122,139,17,-2.4655632429504393,False
97,112,15,-2.4670346530151366,False
56,79,23,-2.467185657348633,False
22,57,35,-2.467226298828125,False
78,110,32,-2.4673350430297853,False
17,50,33,-2.4673402705383305,False
83,157,74,-2.467900489654541,False
77,157,80,-2.468228550720215,False
126,144,18,-2.4685397384643553,False
111,138,27,-2.468677363433838,False
50,100,50,-2.46876073638916,False
130,141,11,-2.4692204118347165,False
92,123,31,-2.4692426376342773,False
64,106,42,-2.4696264135742187,False
87,156,69,-2.469678781585693,False
55,97,42,-2.4697430493164063,False
29,47,18,-2.4703913098144534,False
126,139,13,-2.470399238891601,False
86,99,13,-2.4705052581787106,False
29,135,106,-2.470613574523926,False
4,151,147,-2.47066714050293,False
72,90,18,-2.471014917755127,False
102,131,29,-2.4711120713806154,False
104,121,17,-2.4711865742492676,False
32,89,57,-2.471273381652832,False
25,45,20,-2.4714125289916993,False
14,50,36,-2.471556644897461,False
26,47,21,-2.4717628314208984,False
57,99,42,-2.4718313467407227,False
98,129,31,-2.472238196563721,False
9,129,120,-2.472479085083008,False
88,110,22,-2.472524319152832,False
70,98,28,-2.472595785675049,False
99,112,13,-2.4733964395141603,False
121,140,19,-2.4737931422424317,False
47,78,31,-2.473893171386719,False
38,111,73,-2.4741013092041015,False
54,100,46,-2.474284525604248,False
22,158,136,-2.474341520690918,False
27,40,13,-2.4745007812499997,False
84,157,73,-2.4745264558410645,False
86,101,15,-2.4747623458862305,False
55,99,44,-2.4749567916870117,False
26,45,19,-2.4751478939819336,False
73,91,18,-2.4753678996276856,False
21,157,136,-2.4755388018798827,False
27,39,12,-2.475687035217285,False
125,140,15,-2.476027128601074,False
95,127,32,-2.4760279220581056,False
86,113,27,-2.4761794358825684,False
2,136,134,-2.4763410437011717,False
68,91,23,-2.4765063150024416,False
90,156,66,-2.476759263153076,False
22,51,29,-2.477264468688965,False
73,94,21,-2.4773264416503906,False
99,118,19,-2.4773876516723634,False
4,60,56,-2.47746419128418,False
68,92,24,-2.4776344160461425,False
45,158,113,-2.477652456512451,False
35,82,47,-2.4776806088256835,False
84,101,17,-2.477765648498535,False
69,85,16,-2.477978075714111,False
65,93,28,-2.4780062136840817,False
69,102,33,-2.4781041482543946,False
10,157,147,-2.4781904206848147,False
101,131,30,-2.4782612950134277,False
105,116,11,-2.478270783996582,False
20,48,28,-2.4784859558105468,False
3,40,37,-2.47859115814209,False
103,133,30,-2.478781828765869,False
38,96,58,-2.478862744445801,False
12,132,120,-2.47922573135376,False
128,141,13,-2.4794887818908693,False
35,61,26,-2.479549870452881,False
30,107,77,-2.479645708770752,False
12,98,86,-2.4797516104125976,False
29,45,16,-2.4799148275756835,False
55,108,53,-2.4805490042114258,False
85,102,17,-2.480582547912598,False
100,119,19,-2.480618747253418,False
125,143,18,-2.4807149241638187,False
87,101,14,-2.480948433685303,False
8,131,123,-2.4810036720275876,False
66,103,37,-2.4812295474243165,False
146,154,8,-2.481292751922607,False
109,120,11,-2.4813077337646483,False
14,92,78,-2.4813314691162107,False
77,158,81,-2.4815777014160156,False
2,79,77,-2.4815869482421875,False
15,92,77,-2.481595053100586,False
20,127,107,-2.481657064056397,False
117,131,14,-2.4817831619262694,False
92,120,28,-2.4820030364990235,False
119,140,21,-2.4820046228027346,False
92,116,24,-2.482170144195557,False
2,81,79,-2.4823807803344726,False
77,109,32,-2.4826439720153806,False
46,158,112,-2.4826589904785155,False
68,93,25,-2.4829118629455564,False
4,61,57,-2.4829667916870117,False
123,152,29,-2.4830128967285154,False
30,116,86,-2.4835790957641604,False
125,142,17,-2.483682353668213,False
31,144,113,-2.4843208114624025,False
120,134,14,-2.484510680389404,False
118,154,36,-2.4847865240478515,False
77,89,12,-2.4849320486450197,False
16,145,129,-2.4850016625976563,False
53,109,56,-2.485198280029297,False
14,53,39,-2.485388797149658,False
47,103,56,-2.485552265930176,False
23,45,22,-2.4855682760620117,False
14,131,117,-2.4856612017822264,False
72,94,22,-2.4857723361206054,False
27,45,18,-2.486444069519043,False
16,129,113,-2.48650884185791,False
16,155,139,-2.4866341760253907,False
83,101,18,-2.48692456161499,False
64,86,22,-2.487211190490723,False
77,110,33,-2.487384221801758,False
37,154,117,-2.487540670928955,False
115,132,17,-2.487679872589111,False
34,141,107,-2.4879675195312503,False
1,48,47,-2.488208905029297,False
41,67,26,-2.488296438140869,False
122,138,16,-2.4884802113342284,False
53,98,45,-2.4884887339782713,False
54,87,33,-2.488508639831543,False
47,102,55,-2.48870969543457,False
100,157,57,-2.4887363038635253,False
28,118,90,-2.489032398376465,False
21,43,22,-2.4890821257019042,False
61,107,46,-2.4893794244384764,False
5,84,79,-2.489505497131348,False
35,139,104,-2.4897068606567383,False
7,152,145,-2.4898844233703614,False
125,157,32,-2.4898995611572268,False
28,41,13,-2.4899565129089356,False
81,157,76,-2.4902490908813477,False
112,145,33,-2.490464754333496,False
14,155,141,-2.490489147796631,False
5,135,130,-2.4908318055725096,False
88,101,13,-2.490832090148926,False
21,141,120,-2.4908726567077637,False
21,45,24,-2.491144644927979,False
27,97,70,-2.4913804130554196,False
46,157,111,-2.4916467834472655,False
126,145,19,-2.491811072387695,False
11,156,145,-2.4918951892089845,False
55,109,54,-2.4919055099487304,False
26,36,10,-2.492008891906738,False
68,101,33,-2.4921138146972655,False
57,109,52,-2.4921357955932617,False
20,52,32,-2.4925329077148435,False
124,148,24,-2.492663982849121,False
87,99,12,-2.4926879579162597,False
57,107,50,-2.4929349749755856,False
31,115,84,-2.493208559112549,False
125,158,33,-2.493361310119629,False
74,158,84,-2.493592044067383,False
149,155,6,-2.493741538696289,False
31,146,115,-2.494250098876953,False
116,156,40,-2.494256078491211,False
54,108,54,-2.4944012332153322,False
88,108,20,-2.494925884399414,False
12,29,17,-2.495105090484619,False
77,90,13,-2.495365584716797,False
66,86,20,-2.4955474842834473,False
11,98,87,-2.4957739495849607,False
142,158,16,-2.4963163162231448,False
5,136,131,-2.4963877304077147,False
13,28,15,-2.496710283203125,False
1,54,53,-2.4967275753784177,False
147,156,9,-2.4969346109008788,False
20,158,138,-2.4970815689086914,False
60,109,49,-2.4971692935180663,False
74,156,82,-2.497380958251953,False
90,157,67,-2.497461085357666,False
25,35,10,-2.4980255191040035,False
17,98,81,-2.498147720336914,False
135,144,9,-2.498246333618164,False
21,57,36,-2.4985920452880857,False
97,116,19,-2.4987745419311524,False
21,156,135,-2.4989083226013187,False
147,157,10,-2.4989180239868163,False
97,117,20,-2.498926683197021,False
54,106,52,-2.49910423034668,False
46,107,61,-2.499203822174072,False
101,114,13,-2.4999832498168946,False
26,61,35,-2.5004274319458006,False
20,157,137,-2.5005914680480954,False
74,157,83,-2.5006119277954104,False
27,120,93,-2.5008835105896,False
45,109,64,-2.50092281829834,False
110,137,27,-2.501111375427246,False
86,98,12,-2.5013419525146485,False
11,155,144,-2.501565735778809,False
60,158,98,-2.5017536085510255,False
85,98,13,-2.5022980729675295,False
23,139,116,-2.5023401292419436,False
115,135,20,-2.502780571899414,False
38,154,116,-2.5029752053833008,False
85,101,16,-2.5030132952880857,False
119,134,15,-2.5031762477111816,False
76,108,32,-2.503241499786377,False
14,51,37,-2.50352845703125,False
20,46,26,-2.503660396270752,False
105,120,15,-2.5037150100708008,False
16,50,34,-2.503815931854248,False
13,92,79,-2.5038250650024416,False
67,94,27,-2.5046328953552246,False
70,89,19,-2.505755901031494,False
26,43,17,-2.5061025718688965,False
18,94,76,-2.506169599761963,False
44,107,63,-2.5065055400085448,False
32,114,82,-2.5066611143493653,False
22,56,34,-2.5067138552856445,False
72,158,86,-2.506719200744629,False
20,96,76,-2.5067656414794923,False
117,157,40,-2.5068480584716797,False
50,93,43,-2.507154559326172,False
107,117,10,-2.507429375152588,False
46,104,58,-2.507520497741699,False
43,154,111,-2.5076310119628906,False
45,153,108,-2.5076775349426272,False
54,102,48,-2.5082313262939455,False
50,92,42,-2.5082927493286133,False
22,55,33,-2.5083435119628907,False
90,114,24,-2.508436056518555,False
19,55,36,-2.508446966094971,False
24,34,10,-2.5087358126831054,False
7,89,82,-2.508957031555176,False
56,98,42,-2.5089852842712403,False
127,142,15,-2.5095833418273927,False
44,90,46,-2.5095922610473633,False
15,131,116,-2.5097435035705566,False
118,134,16,-2.5101297685241697,False
21,52,31,-2.5103008602905272,False
81,156,75,-2.51070061920166,False
42,155,113,-2.5110197720336913,False
14,46,32,-2.511184552307129,False
29,116,87,-2.5113059867858887,False
102,120,18,-2.5113954797363283,False
45,122,77,-2.5114595350646973,False
17,51,34,-2.5118320225524906,False
75,108,33,-2.5119935636901856,False
87,100,13,-2.5121542126464846,False
56,108,52,-2.5121813357543945,False
115,157,42,-2.5122289428710936,False
79,113,34,-2.512458291320801,False
1,52,51,-2.512687978210449,False
38,110,72,-2.5131340507507325,False
48,142,94,-2.513345108795166,False
22,96,74,-2.5136220150756836,False
13,156,143,-2.51384162979126,False
35,138,103,-2.5139427450561525,False
49,93,44,-2.5139689538574217,False
64,91,27,-2.51413695022583,False
2,41,39,-2.514162273406982,False
37,108,71,-2.5142489306640625,False
68,88,20,-2.5143326678466797,False
36,96,60,-2.5144243212890625,False
86,112,26,-2.514933232269287,False
23,44,21,-2.5151193005371093,False
41,101,60,-2.5152277789306643,False
6,134,128,-2.515538089447021,False
25,110,85,-2.5158655992126464,False
68,87,19,-2.51627143661499,False
20,45,25,-2.516385307006836,False
105,133,28,-2.5166086613464356,False
45,120,75,-2.516764749298096,False
4,137,133,-2.516833006286621,False
10,99,89,-2.5172371464538577,False
10,29,19,-2.5172689434814455,False
106,153,47,-2.5175011376953127,False
11,157,146,-2.517626320953369,False
15,56,41,-2.5178741400146487,False
7,134,127,-2.518444872894287,False
57,108,51,-2.518610887145996,False
42,107,65,-2.5188771908569336,False
59,158,99,-2.51887815032959,False
22,140,118,-2.5190514517211917,False
21,96,75,-2.5193133665466307,False
112,142,30,-2.519803803405762,False
123,135,12,-2.5201334941101075,False
115,134,19,-2.520439543457031,False
26,96,70,-2.5205187022399906,False
92,117,25,-2.5205531898498537,False
106,120,14,-2.5207005549621586,False
55,107,52,-2.520805961914063,False
58,104,46,-2.521049081726074,False
78,156,78,-2.521154789733887,False
73,105,32,-2.521622277069092,False
21,51,30,-2.521750785217285,False
18,54,36,-2.5222765277099612,False
61,108,47,-2.522632862854004,False
17,142,125,-2.522752758789063,False
46,105,59,-2.522789121246338,False
16,31,15,-2.5230091510009762,False
1,51,50,-2.5230472082519535,False
116,155,39,-2.5232804635620116,False
88,113,25,-2.5237330267333986,False
14,54,40,-2.5237931784057617,False
28,61,33,-2.5238893463134766,False
54,101,47,-2.5242154400634766,False
11,152,141,-2.5242972373962402,False
75,156,81,-2.5243630804443358,False
116,158,42,-2.5245510217285156,False
16,144,128,-2.5246013717651365,False
75,157,82,-2.5248215228271484,False
57,102,45,-2.525200120544434,False
59,101,42,-2.5260686529541014,False
123,137,14,-2.526137524108887,False
37,109,72,-2.526179848175049,False
2,42,40,-2.5268501843261717,False
34,140,106,-2.527096868133545,False
21,54,33,-2.527335785369873,False
56,106,50,-2.52735282623291,False
14,52,38,-2.5275553498840333,False
52,112,60,-2.5276775325012206,False
2,148,146,-2.527791962890625,False
18,99,81,-2.527941790008545,False
148,156,8,-2.5281997581481934,False
14,31,17,-2.528336513366699,False
65,86,21,-2.52876452331543,False
58,101,43,-2.5290355798339847,False
119,133,14,-2.5290720629882815,False
34,83,49,-2.5293434216308595,False
54,105,51,-2.5295183517456055,False
15,30,15,-2.529554951171875,False
146,155,9,-2.529556639099121,False
40,103,63,-2.5297695095825197,False
44,88,44,-2.529831880493164,False
67,86,19,-2.530000355987549,False
66,93,27,-2.5304300553894046,False
103,115,12,-2.5308198110961913,False
125,144,19,-2.5308485264587404,False
125,145,20,-2.5312701121520993,False
20,98,78,-2.531518971710205,False
93,126,33,-2.531650755767822,False
87,106,19,-2.531724836883545,False
4,136,132,-2.5317556520080564,False
43,153,110,-2.5317653182983397,False
50,76,26,-2.53229014251709,False
17,94,77,-2.532458099060059,False
44,84,40,-2.53284227722168,False
17,93,76,-2.533145481262207,False
14,113,99,-2.5331579289245605,False
2,120,118,-2.533306616821289,False
63,88,25,-2.5333071923828125,False
27,135,108,-2.5333601208496095,False
112,141,29,-2.5334188461303713,False
2,61,59,-2.533467756347656,False
31,134,103,-2.5336297755432127,False
18,30,12,-2.5338526387023927,False
59,108,49,-2.533887921447754,False
65,105,40,-2.5339830422973635,False
82,155,73,-2.5341711381530763,False
80,157,77,-2.534323996887207,False
99,113,14,-2.5344632943725585,False
74,107,33,-2.5344814582824706,False
26,37,11,-2.5345025149536133,False
99,117,18,-2.5346149438476564,False
16,92,76,-2.534639613952637,False
4,62,58,-2.53470749786377,False
9,130,121,-2.5350586085510254,False
32,143,111,-2.5353332057189943,False
69,101,32,-2.535391689910889,False
56,109,53,-2.535621787109375,False
75,158,83,-2.5356354486083985,False
87,113,26,-2.5358637522888183,False
120,139,19,-2.5367517947387697,False
107,120,13,-2.5370676426696774,False
60,134,74,-2.5372202700805664,False
54,107,53,-2.5372641177368167,False
79,86,7,-2.5376365696716308,False
88,111,23,-2.5379797676086424,False
40,66,26,-2.5380841786193846,False
79,157,78,-2.538479718933105,False
30,60,30,-2.538565114898682,False
50,112,62,-2.5388534220886227,False
56,107,51,-2.5391698004150394,False
59,105,46,-2.5393200390625,False
41,75,34,-2.5396428009033203,False
43,108,65,-2.539998009643555,False
14,149,135,-2.540135037536621,False
86,156,70,-2.5404823599243165,False
67,85,18,-2.540846459197998,False
13,27,14,-2.540967727355957,False
3,62,59,-2.5410684301757813,False
18,44,26,-2.5412561026000975,False
34,114,80,-2.54130706451416,False
25,137,112,-2.541641844177246,False
16,147,131,-2.5419607122802734,False
12,156,144,-2.542222619628906,False
23,46,23,-2.542249450073242,False
59,104,45,-2.5423882208251953,False
108,135,27,-2.543115651397705,False
70,91,21,-2.543425839996338,False
87,107,20,-2.5434914517211915,False
3,119,116,-2.543641623535156,False
99,130,31,-2.5437645851135255,False
36,110,74,-2.5439702603149414,False
96,133,37,-2.5439796293640136,False
17,53,36,-2.5443526254272464,False
136,146,10,-2.5443833908081053,False
55,110,55,-2.5444495053100584,False
134,144,10,-2.544785560302734,False
10,130,120,-2.5448640827941893,False
53,110,57,-2.5449989158630375,False
57,104,47,-2.5450362442016603,False
15,32,17,-2.5450367538452148,False
129,141,12,-2.5453150215148925,False
118,140,22,-2.545654473571777,False
49,76,27,-2.5459412342834473,False
5,151,146,-2.5461214894104005,False
20,54,34,-2.5461786357116702,False
77,113,36,-2.546444990539551,False
46,153,107,-2.546543781280518,False
36,113,77,-2.546848460998535,False
47,107,60,-2.5470693112182614,False
100,132,32,-2.54720532333374,False
44,156,112,-2.547619489440918,False
57,98,41,-2.548304962615967,False
6,87,81,-2.5483388139343264,False
56,99,43,-2.548436583862305,False
2,62,60,-2.5484622512817383,False
116,132,16,-2.5486013095092774,False
71,101,30,-2.5487290338134767,False
61,109,48,-2.5487332650756835,False
10,131,121,-2.5490872811889647,False
9,91,82,-2.549102242279053,False
122,137,15,-2.549104223175049,False
88,112,24,-2.549652226715088,False
16,143,127,-2.549934817504883,False
41,154,113,-2.550089101257324,False
1,53,52,-2.5506523403930665,False
40,98,58,-2.550698295440674,False
64,87,23,-2.550753255615234,False
102,133,31,-2.5509342375183106,False
36,81,45,-2.55105227142334,False
145,155,10,-2.5511976779174805,False
3,151,148,-2.5512453775024415,False
121,139,18,-2.5512680975341797,False
1,49,48,-2.551598299255371,False
13,157,144,-2.5520901490783694,False
33,87,54,-2.5524066958618166,False
90,115,25,-2.552435659790039,False
21,158,137,-2.552559588470459,False
49,102,53,-2.5527049627685545,False
20,113,93,-2.552749805908203,False
66,104,38,-2.5527944808959964,False
3,135,132,-2.55288618850708,False
11,31,20,-2.5531279745483397,False
14,98,84,-2.553541356048584,False
71,103,32,-2.553585914764404,False
16,51,35,-2.5535888610839845,False
30,134,104,-2.5536450646972657,False
104,134,30,-2.553788375701904,False
20,141,121,-2.5539998266601565,False
26,121,95,-2.5541995803833006,False
75,110,35,-2.5546134614562988,False
35,137,102,-2.554651777191162,False
47,101,54,-2.554846013946533,False
58,100,42,-2.5549046353149416,False
135,145,10,-2.5549216329956055,False
15,55,40,-2.5549636560058593,False
14,45,31,-2.5549917306518557,False
6,33,27,-2.5552881701660155,False
124,139,15,-2.555394902496338,False
87,108,21,-2.555429985656738,False
17,129,112,-2.555665397338867,False
44,87,43,-2.556160078735352,False
16,47,31,-2.5563083822631834,False
31,106,75,-2.5564726196289063,False
87,111,24,-2.5567333880615233,False
69,92,23,-2.556746751861572,False
98,117,19,-2.556981505737305,False
54,77,23,-2.5579304273986816,False
9,109,100,-2.55798088973999,False
53,90,37,-2.558047135925293,False
63,87,24,-2.5582763446044923,False
46,106,60,-2.558816511230469,False
120,135,15,-2.5589857835388186,False
16,99,83,-2.559079761352539,False
16,100,84,-2.5593564453125,False
100,114,14,-2.559939183654785,False
115,137,22,-2.560111943054199,False
91,114,23,-2.560219751434326,False
76,158,82,-2.5604865661621092,False
12,31,19,-2.5605969274902343,False
51,76,25,-2.561011645202637,False
57,100,43,-2.5610678582763673,False
16,148,132,-2.561111609802246,False
44,109,65,-2.5612336520385743,False
57,103,46,-2.561279520263672,False
82,111,29,-2.561388839111328,False
123,151,28,-2.5614286663818358,False
26,136,110,-2.5615940875244143,False
41,109,68,-2.5616875979614258,False
121,135,14,-2.561834651031494,False
38,108,70,-2.5618995837402343,False
20,32,12,-2.5622946911621094,False
16,56,40,-2.562395354309082,False
31,145,114,-2.5624204959106445,False
21,44,23,-2.562556636199951,False
46,81,35,-2.5626464265441897,False
51,99,48,-2.5627795220947265,False
24,42,18,-2.5628699981689453,False
55,106,51,-2.562953659057617,False
76,157,81,-2.563442278137207,False
21,140,119,-2.563850640411377,False
70,94,24,-2.5639250674438476,False
26,35,9,-2.5639370388793945,False
19,98,79,-2.5639669010925292,False
2,140,138,-2.5643704525756834,False
87,112,25,-2.5645393505859375,False
17,48,31,-2.5646232818603516,True
5,137,132,-2.5646479627990724,False
48,77,29,-2.564715071563721,False
70,92,22,-2.5647849449157714,False
29,97,68,-2.565086121368408,False
46,109,63,-2.5659300494384767,False
127,145,18,-2.566035097961426,False
92,119,27,-2.5660526852416994,False
73,158,85,-2.566551936645508,False
23,43,20,-2.566648500061035,False
20,100,80,-2.5667457029724123,False
117,133,16,-2.5668745977783205,False
17,47,30,-2.567706666870117,False
26,95,69,-2.5679638999938965,False
40,70,30,-2.5681304541015626,False
1,50,49,-2.5681754901123046,False
125,137,12,-2.568714696350098,False
129,154,25,-2.5688681231689454,False
76,110,34,-2.568931899108887,False
69,89,20,-2.569147378845215,False
104,120,16,-2.5692621170043948,False
23,111,88,-2.569348189239502,False
3,120,117,-2.5695857174682617,False
13,153,140,-2.5697918084716798,False
122,136,14,-2.5701053826904294,False
32,144,112,-2.570201408691406,False
132,143,11,-2.5702582131958005,False
91,158,67,-2.570413700256348,False
47,79,32,-2.570496185760498,False
35,97,62,-2.5709367817687987,False
69,93,24,-2.571208259277344,False
46,150,104,-2.571394646911621,False
49,101,52,-2.571877460784912,False
80,156,76,-2.5720398632812502,False
46,122,76,-2.5723543856811526,False
142,156,14,-2.5728295260620113,False
98,116,18,-2.5728942361450193,False
94,133,39,-2.5730196688842772,False
52,110,58,-2.5730470568847656,False
57,110,53,-2.573061660461426,False
99,114,15,-2.573393542480469,False
16,149,133,-2.5735269403076173,False
16,29,13,-2.5736422343444825,False
12,99,87,-2.573695570526123,False
91,116,25,-2.573910702972412,False
45,157,112,-2.5747734411621095,False
32,151,119,-2.5755011949157716,False
46,120,74,-2.5755067909240723,False
119,139,20,-2.575526703186035,False
11,99,88,-2.5757468928527834,False
9,151,142,-2.57600234375,False
133,144,11,-2.5760400662231446,False
33,107,74,-2.5764469978332523,False
46,124,78,-2.5764982853698735,False
70,93,23,-2.5772016940307614,False
33,135,102,-2.577353852081299,False
99,116,17,-2.5778015170288087,False
36,111,75,-2.5779108947753904,False
70,90,20,-2.577951618499756,False
64,107,43,-2.5781102236938476,False
45,108,63,-2.578131480102539,False
143,156,13,-2.578236371154785,False
43,123,80,-2.578299796295166,False
78,113,35,-2.5783114862060548,False
25,122,97,-2.578372402648926,False
33,134,101,-2.5784420646667483,False
130,142,12,-2.578456427307129,False
28,135,107,-2.5784985568237304,False
57,101,44,-2.5786620513916017,False
101,133,32,-2.5787265130615236,False
98,118,20,-2.578788224182129,False
41,69,28,-2.578874671020508,False
143,155,12,-2.5789505490112306,False
47,93,46,-2.5790927500915526,False
38,109,71,-2.5790950257873533,False
44,123,79,-2.5794773179626462,False
34,136,102,-2.5798663626098635,False
41,71,30,-2.5800080340576175,False
69,91,22,-2.58009413192749,False
121,136,15,-2.580119555206299,False
53,112,59,-2.580622794494629,False
147,155,8,-2.581017528076172,False
32,146,114,-2.5816090927124025,False
42,154,112,-2.581699359283447,False
69,94,25,-2.581814269714356,False
20,51,31,-2.581953646240234,False
16,130,114,-2.5819663291931154,False
53,106,53,-2.5820650729370116,False
38,153,115,-2.58240371307373,False
77,156,79,-2.58287142578125,False
122,135,13,-2.582987520294189,False
85,156,71,-2.5833847756958006,False
20,47,27,-2.583542498474121,False
9,101,92,-2.5835550596618653,False
32,145,113,-2.583618689880371,False
2,60,58,-2.5837900534057616,False
23,58,35,-2.5840804608154295,False
46,156,110,-2.584169253540039,False
69,158,89,-2.584319952545166,False
128,155,27,-2.584338915405273,False
50,91,41,-2.5845014749145507,False
73,104,31,-2.584595661773682,False
91,156,65,-2.584656751251221,False
54,113,59,-2.5847216133117676,False
14,43,29,-2.58479143371582,False
91,115,24,-2.5850182179260255,False
62,108,46,-2.585137945861816,False
46,108,62,-2.5852051608276367,False
115,133,18,-2.5854339961242676,False
21,55,34,-2.5857307931518556,False
19,99,80,-2.5857858103942872,False
6,151,145,-2.5865363081359862,False
13,158,145,-2.5866132365417482,False
72,105,33,-2.586655473022461,False
92,124,32,-2.5871612646484374,False
2,119,117,-2.5871990838623047,False
43,109,66,-2.587215807189941,False
120,155,35,-2.587341901550293,False
44,138,94,-2.58746335357666,False
8,104,96,-2.5878758026123045,False
4,59,55,-2.587983460083008,False
63,107,44,-2.5882550030517577,False
15,99,84,-2.5884437481689453,False
64,88,24,-2.5886014828491213,False
120,156,36,-2.5887525701904295,False
2,151,149,-2.589525786437988,False
5,37,32,-2.589606972961426,False
79,156,77,-2.5896553048706052,False
27,41,14,-2.5899440977478028,False
15,114,99,-2.5899459788513184,False
21,97,76,-2.5900017028808593,False
58,108,50,-2.5902983767700194,False
3,42,39,-2.5909310205078127,False
14,47,33,-2.59114046585083,False
81,158,77,-2.591307810974121,False
111,147,36,-2.591467483520508,False
46,112,66,-2.59160641204834,False
119,155,36,-2.5917185662841797,False
84,156,72,-2.5919058206176757,False
146,156,10,-2.5925743698120116,False
41,70,29,-2.5927212963867188,False
100,131,31,-2.592896786193848,False
17,54,37,-2.5930640756225585,False
18,93,75,-2.593439057922363,False
80,158,78,-2.593465476837158,False
45,154,109,-2.5935060452270506,False
45,156,111,-2.5936435775756834,False
90,116,26,-2.5937880712890626,False
13,98,85,-2.593820798187256,False
17,52,35,-2.5938229080200195,False
15,57,42,-2.5941233799743655,False
15,100,85,-2.594373603210449,False
76,109,33,-2.594463909606934,False
55,100,45,-2.5947455462646483,False
44,139,95,-2.594864973754883,False
4,37,33,-2.594899877319336,False
31,88,57,-2.5953285760498046,False
101,156,55,-2.595474379425049,False
32,133,101,-2.596176943206787,False
41,68,27,-2.596269928894043,False
56,105,49,-2.5963911538696287,False
12,158,146,-2.596472215423584,False
40,71,31,-2.596929493103027,False
92,118,26,-2.59714291809082,False
48,143,95,-2.5973838764953614,False
124,136,12,-2.597479300994873,False
104,116,12,-2.597622330932617,False
4,138,134,-2.5976251110839845,False
68,90,22,-2.5977402658081052,False
8,102,94,-2.5978088250732423,False
51,91,40,-2.598127705078125,False
73,106,33,-2.598161274108887,False
46,121,75,-2.599084976348877,False
89,114,25,-2.5990861257934568,False
124,150,26,-2.5993397912597658,False
24,110,86,-2.599526549987793,False
40,67,27,-2.5995975848388673,False
76,156,80,-2.6000714529418945,False
44,155,111,-2.6003052038574217,False
95,133,38,-2.600363547668457,False
46,142,96,-2.600450624389649,False
47,142,95,-2.6007755203247074,False
123,136,13,-2.6008294284057616,False
63,89,26,-2.6009288786315916,False
87,153,66,-2.600989449768066,False
35,106,71,-2.6010529597473147,False
32,115,83,-2.601239984130859,False
50,101,51,-2.6015559405517577,False
125,139,14,-2.6017571563720705,False
37,113,76,-2.6017738861083983,False
12,153,141,-2.6018014356994628,False
5,150,145,-2.602052624511719,False
15,91,76,-2.60227633605957,False
40,155,115,-2.6022828594970706,False
26,108,82,-2.602345296630859,False
117,139,22,-2.60245328125,False
97,133,36,-2.6024848672485352,False
63,90,27,-2.6029370188903806,False
127,143,16,-2.6034026008605955,False
24,137,113,-2.6034187622070313,False
5,38,33,-2.603825429840088,False
21,56,35,-2.6038829714965823,False
31,116,85,-2.6040091723632814,False
18,55,37,-2.604202850036621,False
17,30,13,-2.6042037429809572,False
18,141,123,-2.6042078247070313,False
60,133,73,-2.6043093099975585,False
11,151,140,-2.604373609313965,False
145,156,11,-2.6048368399047854,False
30,117,87,-2.605052483825683,False
39,154,115,-2.6050905523681642,False
45,110,65,-2.60518866607666,False
27,121,94,-2.6055346316528323,False
25,42,17,-2.6055761819458008,False
2,150,148,-2.6058285372924805,False
70,100,30,-2.606085960388184,False
41,153,112,-2.606334172668457,False
16,52,36,-2.6063391311645505,False
110,150,40,-2.60647440826416,False
11,57,46,-2.606692129821777,False
112,144,32,-2.606714620666504,False
90,155,65,-2.6068230964660644,False
48,141,93,-2.6072298902893065,False
47,109,62,-2.60799397857666,False
141,157,16,-2.608231594543457,False
136,149,13,-2.608638737792969,False
22,126,104,-2.608648396606445,False
2,141,139,-2.6087433944702147,False
140,157,17,-2.608747071228027,False
65,92,27,-2.608882406005859,False
7,88,81,-2.6090237390136717,False
100,158,58,-2.6098690762329104,False
4,148,144,-2.610118478088379,False
20,55,35,-2.6104126138305666,False
14,30,16,-2.6105535589599613,False
41,72,31,-2.610605252075195,False
19,141,122,-2.6107766259765626,False
49,112,63,-2.6107980291748047,False
61,157,96,-2.6109596618652344,False
34,142,108,-2.6111529417419432,False
49,91,42,-2.6112227249145508,False
25,109,84,-2.6112549719238283,False
36,154,118,-2.6112617175292967,False
52,99,47,-2.6113825747680663,False
18,43,25,-2.611705885162354,False
75,109,34,-2.6119433190917967,False
41,107,66,-2.6123263159179686,False
15,149,134,-2.6128397921752926,False
42,153,111,-2.61304011138916,False
2,147,145,-2.6130492106628416,False
40,77,37,-2.613099770202637,False
12,152,140,-2.613264927062988,False
99,157,58,-2.6133204695129395,False
52,90,38,-2.613344815979004,False
29,92,63,-2.613403922119141,False
7,33,26,-2.6134594917297362,False
107,118,11,-2.6135787017822265,False
14,44,30,-2.6138532118225095,False
3,41,38,-2.6143100653076172,False
44,142,98,-2.6143154833984377,False
37,112,75,-2.6145564785766604,False
14,100,86,-2.614753077697754,True
9,57,48,-2.6147762670898436,False
3,82,79,-2.6149342460632328,False
42,139,97,-2.614999644165039,False
70,158,88,-2.615135921630859,False
18,100,82,-2.6151401055908203,False
19,100,81,-2.61551053237915,False
68,89,21,-2.6155126174926755,False
44,85,41,-2.6157421775817875,False
29,93,64,-2.615900902404785,False
12,157,145,-2.6159124899291992,False
34,152,118,-2.6162025621032714,False
11,111,100,-2.6165474613952635,False
45,88,43,-2.6166359971618656,False
36,139,103,-2.616860333251953,False
16,55,39,-2.6168845207214355,False
67,93,26,-2.6171544631958006,False
54,112,58,-2.6171584954833986,False
47,108,61,-2.617180013122559,False
7,132,125,-2.617377121887207,False
116,138,22,-2.61754268661499,False
60,137,77,-2.617583918762207,False
122,156,34,-2.617607534790039,False
73,157,84,-2.61800765045166,False
61,156,95,-2.61802377166748,False
32,88,56,-2.6180920431518553,False
51,112,61,-2.6192429121398924,False
97,130,33,-2.619543177185059,False
53,108,55,-2.619572416381836,False
14,148,134,-2.619734266662598,False
58,109,51,-2.6198243685913085,False
125,156,31,-2.6204115606689453,False
3,60,57,-2.6204803790283204,False
55,142,87,-2.620512424468994,False
35,81,46,-2.620701874389648,False
41,74,33,-2.62070206451416,False
48,103,55,-2.6207942250061036,False
2,149,147,-2.6211789678955077,False
147,154,7,-2.6212937727355956,False
103,116,13,-2.6213794845581058,False
21,112,91,-2.621660130615234,False
27,107,80,-2.621677205810547,False
45,146,101,-2.621736314239502,False
12,100,88,-2.6217636096191406,False
45,112,67,-2.621808878173828,False
59,109,50,-2.6218386614990234,False
116,157,41,-2.621875590515137,False
43,113,70,-2.622319771728516,False
52,142,90,-2.6225155363464356,False
2,139,137,-2.6225177464294434,False
106,154,48,-2.622671695861816,False
45,155,110,-2.622731876220703,False
46,146,100,-2.622840348510742,False
25,108,83,-2.6232522579956052,False
45,121,76,-2.6233849267578124,False
3,138,135,-2.6239266606140133,False
22,139,117,-2.6239531163024905,False
39,107,68,-2.6239662922668456,False
48,144,96,-2.623998482208252,False
5,149,144,-2.6240695794677733,False
52,76,24,-2.6241519424438478,False
68,122,54,-2.6243159936523437,False
49,142,93,-2.6243276763916015,False
53,105,52,-2.624357331237793,False
62,158,96,-2.624451163635254,False
6,135,129,-2.6244716345214845,False
51,100,49,-2.62447250289917,False
3,61,58,-2.62454733795166,False
44,150,106,-2.6245742570495603,False
55,102,47,-2.6246808529663084,False
18,31,13,-2.6250928858947753,False
107,119,12,-2.6252248371887204,False
10,150,140,-2.625233352661133,False
121,154,33,-2.6252588549804687,False
100,118,18,-2.625310258178711,False
72,104,32,-2.62542924407959,False
12,154,142,-2.625490613098145,False
44,154,110,-2.6256761306762693,False
103,120,17,-2.6258943809509274,False
62,109,47,-2.6259783657836913,False
124,153,29,-2.626014905090332,False
7,57,50,-2.626079152069092,False
127,144,17,-2.626238160858154,False
28,98,70,-2.6262425604248048,False
26,122,96,-2.6264055853271486,False
121,138,17,-2.6264446212768555,False
14,32,18,-2.62657331237793,False
3,148,145,-2.6268116940307618,False
79,112,33,-2.627171424560547,False
12,57,45,-2.6272845248413086,False
44,153,109,-2.6278827711486814,False
6,150,144,-2.628121424560547,False
7,34,27,-2.628291703186035,False
86,153,67,-2.6282946423339846,False
136,148,12,-2.6283496466064453,False
33,152,119,-2.6288800999450683,False
81,155,74,-2.628902428588867,False
57,157,100,-2.628924199523926,False
15,143,128,-2.628939895629883,False
61,134,73,-2.629016125793457,False
89,155,66,-2.6290200204467773,False
10,151,141,-2.6295284545898436,False
45,151,106,-2.6300485284423827,False
49,77,28,-2.630561307373047,False
37,153,116,-2.630970040893555,False
16,48,32,-2.6312170834350583,False
101,119,18,-2.6312576400756837,False
36,112,76,-2.6313562951660154,False
124,138,14,-2.631423267364502,False
29,134,105,-2.631432788085937,False
13,150,137,-2.6314833828735353,False
11,132,121,-2.6315476190185545,False
96,130,34,-2.6316497030639647,False
24,123,99,-2.631776472015381,False
8,133,125,-2.631896999053955,False
136,147,11,-2.631975768432617,False
45,142,97,-2.6321927288818356,False
119,135,16,-2.6326441998291017,False
11,56,45,-2.632742407531738,False
51,110,59,-2.632992046051025,False
41,110,69,-2.6330697476196288,False
38,113,75,-2.6331428015136717,False
33,86,53,-2.6331692541503906,False
91,155,64,-2.633220359039307,False
17,100,83,-2.6332241986083984,False
85,111,26,-2.6335564012145993,False
56,158,102,-2.633683139953613,False
40,69,29,-2.6337806039428715,False
125,146,21,-2.633910552368164,False
19,44,25,-2.634314794921875,False
47,112,65,-2.6346239974975587,False
118,158,40,-2.634822838745117,False
44,108,64,-2.6349008294677736,False
16,44,28,-2.635365901031494,False
9,30,21,-2.635686182556152,False
42,138,96,-2.6358078280639647,False
98,113,15,-2.6358109667968748,False
2,59,57,-2.635832835998535,False
38,80,42,-2.6361801794433597,False
26,42,16,-2.6362568484497073,False
102,115,13,-2.636533073730469,False
68,123,55,-2.6365984158325197,False
82,113,31,-2.6366796923828124,False
79,111,32,-2.6366863748168945,False
8,151,143,-2.6367595153808594,False
17,31,14,-2.6369159616088864,False
43,124,81,-2.6369799731445314,False
66,105,39,-2.6371024816894533,False
30,98,68,-2.637511589508057,False
11,47,36,-2.637636060791016,False
78,112,34,-2.6376675289916993,False
55,78,23,-2.637846555786133,False
129,142,13,-2.638503668823242,False
120,138,18,-2.638653144073486,False
92,155,63,-2.6386850292968753,False
25,96,71,-2.6387499324035644,False
8,57,49,-2.639028426208496,False
17,56,39,-2.639067964172363,False
120,136,16,-2.6392116638183594,False
52,102,50,-2.639315991821289,False
121,137,16,-2.639373873291016,False
9,32,23,-2.6396486181640624,False
34,151,117,-2.6398976640319822,False
4,40,36,-2.6399528366088867,False
25,36,11,-2.6401988015747073,False
10,91,81,-2.640236259460449,False
45,152,107,-2.6402642622375487,False
38,106,68,-2.6402828985595703,False
108,136,28,-2.6406058734130857,False
126,153,27,-2.640738418579102,False
33,85,52,-2.6410313262939455,False
20,57,37,-2.6412098162841797,False
35,153,118,-2.641272677001953,False
56,100,44,-2.641373311767578,False
15,146,131,-2.6414004501342774,False
34,134,100,-2.64176180267334,False
53,99,46,-2.6418155174255373,False
37,96,59,-2.6418880604553223,False
53,113,60,-2.6419248928833006,False
44,137,93,-2.642051354370117,False
53,88,35,-2.6420774853515625,False
52,111,59,-2.6424809223937986,False
20,94,74,-2.6425881838989254,False
21,95,74,-2.642698607788086,False
89,115,26,-2.6429053237915037,False
46,154,108,-2.6429421591186526,False
119,156,37,-2.6430661376953126,False
20,99,79,-2.6432051918029784,False
18,114,96,-2.6435008432006835,False
127,153,26,-2.6437460064697267,False
53,77,24,-2.6437751054382326,False
99,115,16,-2.6437945516967774,False
42,109,67,-2.6438422201538083,False
47,106,59,-2.64397352142334,False
55,101,46,-2.644210203552246,False
89,116,27,-2.64434322265625,False
122,157,35,-2.6444431604003906,False
115,136,21,-2.644493744354248,False
41,138,97,-2.6447874145507813,False
134,145,11,-2.645109569396973,False
125,138,13,-2.6455676083374025,False
13,154,141,-2.645801145477295,False
17,99,82,-2.6460767732238772,False
34,135,101,-2.6463145080566406,False
17,92,75,-2.646468054199219,False
17,44,27,-2.6467440278625487,False
83,156,73,-2.646828968811035,False
11,100,89,-2.6468702003479003,False
5,59,54,-2.6471794335937497,False
55,81,26,-2.6473397091674804,False
13,131,118,-2.647510212249756,False
144,155,11,-2.6476895150756836,False
2,78,76,-2.6477897869873046,False
143,158,15,-2.6478549740600585,False
18,128,110,-2.647859197540283,False
98,112,14,-2.64804744720459,False
4,149,145,-2.648121311035156,False
15,42,27,-2.6481825592041015,False
57,113,56,-2.6483598880004884,False
46,110,64,-2.648367505493164,False
67,91,24,-2.648401551208496,False
44,146,102,-2.6484266793823243,False
19,43,24,-2.648466280822754,False
54,104,50,-2.6486145736694335,False
31,133,102,-2.6486761338806155,False
56,110,54,-2.6486883444213865,False
32,98,66,-2.6487677795410156,False
20,140,120,-2.649006636352539,False
19,95,76,-2.649267716369629,False
29,117,88,-2.649444262084961,False
10,110,100,-2.649450733947754,False
117,134,17,-2.6495042538452145,False
14,99,85,-2.64974250213623,False
34,115,81,-2.6497625814819337,False
100,133,33,-2.6499241500854493,False
93,133,40,-2.6500512078857423,False
4,63,59,-2.650096283874512,False
54,103,49,-2.6502029403686524,False
48,93,45,-2.6504832191467287,False
23,124,101,-2.650775586242676,False
35,136,101,-2.6508041091918946,False
47,80,33,-2.6509926014709473,False
12,47,35,-2.651186679229736,False
133,152,19,-2.6512026434326175,False
110,149,39,-2.651261314086914,False
128,153,25,-2.651646563720703,False
37,80,43,-2.6517384399414063,False
112,143,31,-2.651805449523926,False
69,103,34,-2.6523132421875,False
125,149,24,-2.652401240539551,False
26,109,83,-2.652538932800293,False
83,111,28,-2.652642454071045,False
13,151,138,-2.6526644662475585,False
72,157,85,-2.652752311706543,False
123,156,33,-2.6528814852905276,False
5,61,56,-2.652892664794922,False
67,123,56,-2.6529327410888675,False
23,60,37,-2.653346321411133,False
43,139,96,-2.653352225341797,False
9,131,122,-2.653447043457031,False
53,102,49,-2.6534626947021485,False
125,147,22,-2.6536364151000975,False
19,56,37,-2.654162625732422,False
49,92,43,-2.654193225250244,False
54,84,30,-2.6542619744873046,False
46,145,99,-2.654655746765137,False
46,148,102,-2.6547066093444824,False
21,100,79,-2.6550453599548343,False
31,149,118,-2.6552627630615233,False
2,63,61,-2.6552757284545896,False
11,91,80,-2.6555525595092773,False
82,153,71,-2.6556068118286134,False
18,56,38,-2.6556099133300783,False
112,139,27,-2.6556978950500487,False
35,140,105,-2.655704317932129,False
4,39,35,-2.655773795013428,False
44,140,96,-2.6559684048461913,False
36,108,72,-2.656899900054932,False
126,146,20,-2.656957438659668,False
60,138,78,-2.6569976040649417,False
33,143,110,-2.6571414674377443,False
16,30,14,-2.6575439602661133,False
44,124,80,-2.657797486114502,False
13,152,139,-2.6578276121521,False
46,116,70,-2.6578738006591798,False
110,138,28,-2.657928544311523,False
17,141,124,-2.6579405822753905,False
55,105,50,-2.6582295303344727,False
50,113,63,-2.6583597894287108,False
128,142,14,-2.658494396972656,False
57,112,55,-2.6586212744140623,False
66,92,26,-2.6589200120544434,False
47,104,57,-2.659044236450195,False
60,157,97,-2.659065307922363,False
23,59,36,-2.659138039855957,False
21,33,12,-2.659159671630859,False
33,83,50,-2.659405458679199,False
54,86,32,-2.6594780004882814,False
23,61,38,-2.659944345397949,False
5,60,55,-2.660181564025879,False
45,113,68,-2.6602216873168945,False
129,153,24,-2.6603394540405274,False
90,118,28,-2.660592902832031,False
58,110,52,-2.660629155273438,False
125,148,23,-2.660660302124023,False
11,61,50,-2.660892074890137,False
4,82,78,-2.6608996127319338,False
77,112,35,-2.661110443725586,False
33,114,81,-2.661926977539063,False
124,158,34,-2.6620679901123045,False
20,56,36,-2.6621210528564454,False
6,35,29,-2.662342502593994,False
17,55,38,-2.6623625588989257,False
73,156,83,-2.6627203280639646,False
14,48,34,-2.662743956451416,False
36,107,71,-2.6628055078125,False
46,113,67,-2.662826477050781,False
124,152,28,-2.663057373962402,False
91,120,29,-2.663109974975586,False
44,141,97,-2.66343434967041,False
52,109,57,-2.6638578729248046,False
45,119,74,-2.6638779986572265,False
4,38,34,-2.6639555447387697,False
14,57,43,-2.6642072624206543,False
65,106,41,-2.664232820739746,False
91,157,66,-2.6645208630371093,False
58,157,99,-2.6646026727294925,False
21,127,106,-2.664649651031494,False
22,111,89,-2.6648769247436523,False
67,87,20,-2.664882540588379,False
65,158,93,-2.6650023576354984,False
22,58,36,-2.6650679440307616,False
14,56,42,-2.6656910610961915,False
53,101,48,-2.6657551318359376,False
50,102,52,-2.665936634979248,False
20,95,75,-2.6662558259582516,False
78,155,77,-2.666487306213379,False
19,57,38,-2.6665621224975586,False
101,115,14,-2.6665921578979495,False
94,127,33,-2.6668421559143067,False
19,94,75,-2.6674431146240236,False
56,102,46,-2.667521948547363,False
28,93,65,-2.667999160461426,False
52,101,49,-2.6682713446044923,False
40,99,59,-2.6683331413269045,False
4,58,54,-2.6686532345581058,False
53,100,47,-2.6688595953369143,False
16,91,75,-2.6689020608520506,False
144,156,12,-2.669098092956543,False
38,112,74,-2.6691103048706055,False
3,136,133,-2.6691510137939454,False
17,130,113,-2.669536146850586,False
35,141,106,-2.6696000408935547,False
117,135,18,-2.6698834802246094,False
43,138,95,-2.6699052270507813,False
92,158,66,-2.6700524575805664,False
59,157,98,-2.6700896270751953,False
25,62,37,-2.6700950625610353,False
120,137,17,-2.6703648951721193,False
45,149,104,-2.6704205352783204,False
22,42,20,-2.6704633024597166,False
57,156,99,-2.67051885559082,False
31,148,117,-2.670651430969238,False
35,105,70,-2.670733931274414,False
35,135,100,-2.670987644958496,False
11,150,139,-2.6714846911621093,False
44,143,99,-2.671508586730957,False
3,137,134,-2.6715604486083984,False
44,89,45,-2.671564217376709,False
47,92,45,-2.671672937774658,False
63,108,45,-2.6719609481811526,False
67,158,91,-2.672055638885498,False
69,90,21,-2.672320505371094,False
85,153,68,-2.672344060058594,False
9,90,81,-2.6724516577148436,False
41,73,32,-2.672540241699219,False
116,134,18,-2.6726663020324706,False
14,55,41,-2.6731612898254395,False
106,119,13,-2.673200104370117,False
31,147,116,-2.673540405883789,False
22,95,73,-2.6736780154418947,False
45,145,100,-2.6738731796264648,False
56,142,86,-2.673884458312988,False
8,106,98,-2.673890654602051,False
48,158,110,-2.6739338623046875,False
95,129,34,-2.673941220397949,False
92,156,64,-2.6741840579223632,False
31,99,68,-2.674383309631348,False
55,83,28,-2.6744794192504884,False
57,134,77,-2.6745319442749023,False
27,122,95,-2.6746045434570314,False
5,40,35,-2.674826880493164,False
102,116,14,-2.6748750390625,False
16,57,41,-2.6749147503662107,False
10,31,21,-2.6751984155273436,False
61,155,94,-2.675528730316162,False
124,157,33,-2.6755690838623045,False
67,92,25,-2.6756758183288576,False
23,96,73,-2.675762011413574,False
27,93,66,-2.675970382232666,False
54,111,57,-2.676184601287842,False
48,104,56,-2.6762426965332033,False
70,102,32,-2.676289645843506,False
95,128,33,-2.6766061129760743,False
42,140,98,-2.677441018676758,False
4,150,146,-2.6774440145874023,False
10,56,46,-2.677543452758789,False
3,79,76,-2.67804401184082,False
30,90,60,-2.6780487887573243,False
100,117,17,-2.678163511047363,False
13,29,16,-2.6782344863891603,False
109,151,42,-2.678485875244141,False
12,56,44,-2.6785270913696286,False
51,111,60,-2.6788013075256347,False
37,106,69,-2.6789447137451172,False
50,110,60,-2.679340530090332,False
12,155,143,-2.679372046356201,False
37,139,102,-2.6798128852844236,False
44,136,92,-2.6799349822998044,False
36,138,102,-2.6799417532348633,False
63,109,46,-2.6799739477539064,False
47,123,76,-2.6800477775573732,False
40,105,65,-2.680075941772461,False
91,119,28,-2.6801110888671875,False
36,109,73,-2.680314065246582,False
44,151,107,-2.6803812367248536,False
19,114,95,-2.6804490158081054,False
34,133,99,-2.680858836975098,False
12,133,121,-2.680952054901123,False
54,85,31,-2.681059772644043,False
48,145,97,-2.681772079162598,False
106,134,28,-2.682117386322022,False
56,101,45,-2.6821231118774413,False
11,30,19,-2.682167541809082,False
118,155,37,-2.682170297546387,False
42,123,81,-2.682471071472168,False
24,35,11,-2.6824893737792967,False
65,88,23,-2.682564242248535,False
3,63,60,-2.682861577758789,False
116,135,19,-2.683081236572266,False
10,57,47,-2.6831999365234376,False
12,151,139,-2.683231400756836,False
69,122,53,-2.683856569213867,False
118,135,17,-2.6839887287902835,False
41,113,72,-2.684168946228027,False
7,135,128,-2.684240249786377,False
34,106,72,-2.684261226806641,False
12,54,42,-2.6844760025024414,False
45,138,93,-2.684516694946289,False
124,137,13,-2.6848911218261717,False
53,89,36,-2.6849030892944334,False
107,152,45,-2.6851546279907224,False
71,104,33,-2.6852138165283206,False
21,139,118,-2.685279413146973,False
125,153,28,-2.6854395263671877,False
110,148,38,-2.6855433731079104,False
68,103,35,-2.685545315246582,False
107,135,28,-2.685641795654297,False
55,136,81,-2.6859781915283203,False
127,155,28,-2.6863030310058593,False
68,158,90,-2.6863716076660156,False
13,155,142,-2.6864541900634764,False
60,110,50,-2.6865394869995116,False
16,142,126,-2.686594243774414,False
81,113,32,-2.686849732055664,False
36,62,26,-2.6870326359558105,False
98,157,59,-2.6872028872680667,False
15,148,133,-2.687230389404297,False
102,119,17,-2.6872738198852537,False
51,109,58,-2.687366683502197,False
80,113,33,-2.687539582214355,False
7,151,144,-2.6876075399780275,True
4,42,38,-2.6878487240600584,False
122,154,32,-2.687962348937988,False
64,108,44,-2.6882789138793948,False
7,35,28,-2.6883041720581056,False
5,58,53,-2.6885377783203124,False
46,149,103,-2.689157491455078,False
61,138,77,-2.689260545349121,False
2,144,142,-2.689325600128174,False
26,38,12,-2.6895417868041993,False
44,113,69,-2.6898667404174805,False
85,113,28,-2.6900186782836917,False
40,68,28,-2.690214848632812,False
135,146,11,-2.690337354125977,False
42,110,68,-2.690374625854492,False
39,106,67,-2.6903883645629882,False
59,110,51,-2.6905156356811526,False
47,158,111,-2.6906354496765137,False
81,111,30,-2.6908975500488284,False
5,62,57,-2.6909906857299806,False
104,119,15,-2.6910628311157225,False
57,137,80,-2.6910684600830077,False
37,63,26,-2.6911514227294924,False
53,107,54,-2.6911585623168945,False
5,57,52,-2.6915413360595704,False
100,116,16,-2.6916675189208985,False
96,157,61,-2.6918981045532226,False
20,44,24,-2.6920225479125977,False
56,104,48,-2.692304445800781,False
51,101,50,-2.692470414123535,False
96,132,36,-2.692513974914551,False
29,118,89,-2.6926410702514647,False
43,110,67,-2.692720596923828,False
54,80,26,-2.692760754699707,False
47,124,77,-2.6928331246948245,False
16,114,98,-2.6930253854370116,False
36,137,101,-2.69319741317749,False
18,140,122,-2.6933861071777345,False
98,114,16,-2.693388931274414,False
18,57,39,-2.6935416918945316,False
3,80,77,-2.6935559536743163,False
32,86,54,-2.6937346032714844,False
49,108,59,-2.693995559082031,False
21,58,37,-2.694045413208008,False
128,154,26,-2.6940527392578124,False
57,133,76,-2.6940813534545898,False
105,119,14,-2.6941215994262695,False
6,136,130,-2.6947165078735353,False
131,152,21,-2.6947322366333006,False
14,146,132,-2.694854671936035,False
43,112,69,-2.694892502441406,False
146,157,11,-2.6949199630737306,False
42,141,99,-2.694933411254883,False
3,58,55,-2.6950604159545897,False
17,114,97,-2.695250292663574,False
97,157,60,-2.6953531576538086,False
42,108,66,-2.6955353213500977,False
56,112,56,-2.6956434936523435,False
82,112,30,-2.695753713531494,False
2,58,56,-2.6958824148559573,False
46,139,93,-2.6960313986206055,False
34,116,82,-2.6963160977172853,False
131,143,12,-2.6963233450317383,False
12,150,138,-2.6964729736328126,False
2,64,62,-2.696573214111328,False
55,137,82,-2.696596940612793,False
4,80,76,-2.6967581112670898,False
18,92,74,-2.696789688415527,False
52,100,48,-2.6972267234802247,False
13,31,18,-2.6972477124023437,False
57,153,96,-2.6974254263305664,False
119,137,18,-2.697637121734619,False
14,61,47,-2.6976560748291014,False
2,66,64,-2.697747776184082,False
92,126,34,-2.6978857864379884,False
12,49,37,-2.6978966171264647,False
91,117,26,-2.698106436767578,False
24,96,72,-2.6981580738830564,False
6,86,80,-2.698374219665527,False
14,147,133,-2.6985829296875,False
50,77,27,-2.698603389587402,False
7,62,55,-2.6986563479614256,False
64,90,26,-2.69881490814209,False
142,157,15,-2.6988558047485354,False
33,84,51,-2.699065855102539,False
8,56,48,-2.69915608795166,False
46,119,73,-2.699260523376465,False
35,133,98,-2.699586864624023,False
55,82,27,-2.6996532971191405,False
101,116,15,-2.699658505859375,False
98,115,17,-2.6996817874145504,False
2,73,71,-2.6996965826416015,False
49,143,94,-2.6997456005859375,False
6,57,51,-2.7000134692382813,False
29,61,32,-2.700539329223633,False
67,88,21,-2.7011446786499023,False
61,153,92,-2.7012781028747557,False
80,155,75,-2.7012796087646485,False
48,112,64,-2.701437550048828,False
57,155,98,-2.701664400024414,False
42,113,71,-2.7020019424438475,False
65,87,22,-2.7020616012573244,False
32,85,53,-2.702124460144043,False
12,43,31,-2.702187255706787,False
19,140,121,-2.70223969543457,False
125,150,25,-2.7022471395874024,False
39,79,40,-2.7024844227600098,False
26,40,14,-2.7025518048095707,False
8,89,81,-2.7026121728515626,False
50,109,59,-2.7026218167114258,False
90,119,29,-2.702684106445312,False
15,147,132,-2.702902244873047,False
4,41,37,-2.7030070584106447,False
11,32,21,-2.7030296987915037,False
59,156,97,-2.703185563049316,False
29,98,69,-2.7031936886596677,False
46,82,36,-2.7033559220886234,False
10,55,45,-2.70336188873291,False
48,140,92,-2.703397501525879,False
47,141,94,-2.703533705444336,False
4,57,53,-2.703583003540039,False
66,87,21,-2.7035919372558594,False
11,49,38,-2.704091434020996,False
71,158,87,-2.7041485702514647,False
71,105,34,-2.7041885794067384,False
28,107,79,-2.7044561428833007,False
55,140,85,-2.70456025680542,False
99,132,33,-2.7047710552978517,False
46,155,109,-2.7053168276977537,False
134,151,17,-2.7053339669799805,False
103,118,15,-2.7055368966674807,False
2,70,68,-2.7056530267333985,False
3,59,56,-2.705683592529297,False
61,137,76,-2.7057387075805663,False
41,139,98,-2.7059986590576175,False
39,153,114,-2.706283099060059,False
25,95,70,-2.7064285772705077,False
12,30,18,-2.7064342465209963,False
123,154,31,-2.706606266174316,False
37,137,100,-2.706679144287109,False
65,122,57,-2.706897375488281,False
7,59,52,-2.707134202270508,False
47,110,63,-2.707190792541504,False
98,130,32,-2.7072754641723633,False
44,144,100,-2.707326191101074,False
109,137,28,-2.707613544921875,False
3,81,78,-2.7076480143737793,False
103,119,16,-2.7077854205322267,False
34,82,48,-2.708004889221191,False
53,104,51,-2.7080247341918944,False
4,79,75,-2.708316477355957,False
40,102,62,-2.7083812634277344,False
68,126,58,-2.7084516732788084,False
12,91,79,-2.70858303314209,False
43,136,93,-2.7085964935302735,False
58,156,98,-2.708619786682129,False
103,155,52,-2.708879230041504,False
129,143,14,-2.7090845358276368,False
88,155,67,-2.7091682186889647,False
64,122,58,-2.7091954873657227,False
47,143,96,-2.7093300561523437,False
11,54,43,-2.709461678161621,False
103,134,31,-2.7096329539489745,False
64,158,94,-2.709636134033203,False
47,150,103,-2.7096624365234376,False
56,136,80,-2.7099817324829103,False
55,80,25,-2.710162175292969,False
15,41,26,-2.7102433076477053,False
66,158,92,-2.710255234222412,False
96,134,38,-2.7103060372924803,False
31,117,86,-2.710412549743652,False
67,103,36,-2.710512288970947,False
148,154,6,-2.7105288871765136,False
55,103,48,-2.7107571047973633,False
69,123,54,-2.7108225189208985,False
84,111,27,-2.710859866027832,False
45,141,96,-2.711268958435059,False
146,158,12,-2.711508507080078,False
48,105,57,-2.711705557861328,False
48,139,91,-2.711766396484375,False
24,109,85,-2.711934401550293,False
44,112,68,-2.711947760925293,False
47,105,58,-2.7119656716918947,False
57,136,79,-2.71216114074707,False
88,115,27,-2.7122272772216798,False
32,87,55,-2.712390210876465,False
2,43,41,-2.7124372778320316,False
44,86,42,-2.7128955252075193,False
23,138,115,-2.7129841293334964,False
48,123,75,-2.7130336215209963,False
116,137,21,-2.713169562072754,False
45,125,80,-2.713173676300049,False
63,158,95,-2.713358106689453,False
56,137,81,-2.7138237338256834,False
9,56,47,-2.713957909851074,False
91,118,27,-2.7142063897705078,False
20,43,23,-2.714421339111328,False
66,88,22,-2.714662576904297,False
78,111,33,-2.7148252142333984,False
13,54,41,-2.715118362121582,False
61,133,72,-2.715272397766113,False
28,134,106,-2.715392696838379,False
124,156,32,-2.7154552450561527,False
47,157,110,-2.715470241088867,False
48,107,59,-2.7156964547729494,False
39,110,71,-2.7158333129882815,False
9,58,49,-2.715841393432617,False
118,139,21,-2.71584483291626,False
60,155,95,-2.715854873352051,False
75,155,80,-2.7159577673339843,False
4,81,77,-2.7160933737182615,False
102,118,16,-2.7161537734985353,False
74,155,81,-2.716196005859375,False
12,50,38,-2.7162440226745606,False
46,138,92,-2.716299458007813,False
87,155,68,-2.7163080065917966,False
7,58,51,-2.7164396928405763,False
2,57,55,-2.7165718161010743,False
55,104,49,-2.7165912530517575,False
101,134,33,-2.716657926635742,False
67,122,55,-2.716715386047363,False
5,39,34,-2.7169045553588864,False
43,125,82,-2.7169501231384277,False
24,62,38,-2.717045434265137,False
102,134,32,-2.7170825022888185,False
54,78,24,-2.7172411361694335,False
2,76,74,-2.717611839599609,False
43,150,107,-2.717786672363281,False
33,133,100,-2.7179714680480958,False
111,141,30,-2.7184391329956057,False
39,103,64,-2.7185390829467773,False
11,90,79,-2.718692717285156,False
42,142,100,-2.7190675613403323,False
13,50,37,-2.719082144622803,False
26,41,15,-2.7191970693969725,False
2,67,65,-2.7194548367309572,False
23,34,11,-2.719561313781738,False
116,136,20,-2.7196486320495605,False
50,111,61,-2.7196542852783203,False
128,143,15,-2.7197621980285644,False
42,137,95,-2.7197659844970703,False
100,115,15,-2.7202387423706056,False
52,108,56,-2.720523216552734,False
14,91,77,-2.7205846496582033,False
135,149,14,-2.7209026959228515,False
18,32,14,-2.720925618591308,False
45,139,94,-2.7209841668701173,False
37,138,101,-2.7210446319580077,False
47,146,99,-2.721063113708496,False
3,150,147,-2.7212165147399903,False
58,155,97,-2.721226795654297,False
15,145,130,-2.7213064318847655,False
90,122,32,-2.721389137878418,False
118,156,38,-2.7214480435180666,False
2,69,67,-2.721455092468262,False
2,145,143,-2.72156844329834,False
126,155,29,-2.721582149658203,False
105,154,49,-2.721696204223633,False
91,122,31,-2.721737891845703,False
23,110,87,-2.7218287911987304,False
39,65,26,-2.7220160246276857,False
32,106,74,-2.722379606628418,False
103,117,14,-2.7225570489501956,False
55,139,84,-2.722591739501953,False
10,132,122,-2.7226782452392575,False
35,134,99,-2.7227484436035154,False
39,97,58,-2.7228567863464357,False
45,83,38,-2.7229437925720217,False
90,117,27,-2.7231620071411133,False
8,134,126,-2.723179839172363,False
7,56,49,-2.7235890515136716,False
2,75,73,-2.72363078704834,False
35,114,79,-2.723775747528076,False
13,51,38,-2.7239240243530274,False
54,158,104,-2.723986597595215,False
130,152,22,-2.7240430334472654,False
47,139,92,-2.7241868884277345,False
83,113,30,-2.724331031036377,False
43,137,94,-2.724333479309082,False
70,101,31,-2.724394209899902,False
85,112,27,-2.724535905303955,False
10,47,37,-2.7246050360107423,False
56,133,77,-2.7247674209594726,False
120,158,38,-2.7249806518554687,False
54,81,27,-2.7250377615356447,False
47,145,98,-2.7251178215026854,False
15,144,129,-2.725533788757324,False
14,143,129,-2.72560802734375,False
49,123,74,-2.7256933940124513,False
111,146,35,-2.725962670288086,False
20,112,92,-2.7261396472167965,False
15,61,46,-2.7266167538452146,False
45,147,102,-2.7266756756591795,False
105,134,29,-2.7268108992004394,False
43,120,77,-2.726829383850098,False
120,157,37,-2.726896737060547,False
105,153,48,-2.727823083190918,False
51,102,51,-2.727826819458008,False
46,152,106,-2.727869994506836,False
116,133,17,-2.727885135650635,False
42,112,70,-2.728145050354004,False
108,152,44,-2.7281627587890624,False
46,111,65,-2.7283350177001955,False
56,103,47,-2.7283488665771487,False
2,68,66,-2.728728542175293,False
79,114,35,-2.7290357104492187,False
41,140,99,-2.7290995190429688,False
106,117,11,-2.729143260498047,False
11,133,122,-2.7291533819580076,False
107,136,29,-2.7292206521606444,False
13,149,136,-2.7292482594299314,False
16,32,16,-2.7292652462768556,False
17,43,26,-2.729698782501221,False
60,139,79,-2.7297056088256837,False
61,152,91,-2.7299044334411624,False
51,142,91,-2.730159754333496,False
53,87,34,-2.7302778704833983,False
64,126,62,-2.730584319763184,False
122,158,36,-2.7307275949096677,False
17,32,15,-2.73073667175293,False
14,145,131,-2.7311272421264645,False
61,110,49,-2.7314932434082033,False
21,98,77,-2.7315146406555177,False
118,157,39,-2.731570348205566,False
44,147,103,-2.731740340423584,False
12,111,99,-2.7317547494506838,False
45,143,98,-2.7318191973876953,False
65,107,42,-2.732270487670898,False
25,37,12,-2.7325949209594724,False
16,131,115,-2.7326256399536133,False
46,147,101,-2.732879606170654,False
112,140,28,-2.7328851065063473,False
97,132,35,-2.7328978857421875,False
9,150,141,-2.73295805267334,False
44,145,101,-2.732996204071045,False
26,97,71,-2.7333661380004886,False
55,138,83,-2.73357203125,False
80,153,73,-2.733954669494629,False
34,97,63,-2.734164044494629,False
13,49,36,-2.7342484609985354,False
17,57,40,-2.7342812156677248,False
53,103,50,-2.7343287915039065,False
89,153,64,-2.7346010958862306,False
41,108,67,-2.7346582974243163,False
46,141,95,-2.7346613888549802,False
47,122,75,-2.7347165367126465,False
59,155,96,-2.7347842138671874,False
60,156,96,-2.7349292279052735,False
42,136,94,-2.735064839782715,False
7,61,54,-2.7350969256591795,False
32,132,100,-2.7351136947631836,False
10,54,44,-2.735113731689453,False
10,30,20,-2.735205424194336,False
56,113,57,-2.7352115792846683,False
126,152,26,-2.735226195373535,False
64,123,59,-2.7352740963745115,False
99,158,59,-2.73531826095581,False
5,42,37,-2.7353272122192385,False
83,155,72,-2.7354859228515624,False
55,133,78,-2.736082947692871,False
26,135,109,-2.7361376708984375,False
122,155,33,-2.736249659423828,False
119,158,39,-2.7363366824340822,False
83,112,29,-2.7364182543945312,False
40,104,64,-2.7365835456848147,False
46,143,97,-2.736610972595215,False
53,111,58,-2.736974896697998,False
2,146,144,-2.7370655447387695,False
48,79,31,-2.73751055267334,False
57,152,95,-2.7375466674804687,False
119,136,17,-2.737672690887451,False
66,106,40,-2.7377146725463866,False
2,65,63,-2.7382240057373046,False
93,153,60,-2.7383731719970705,False
88,153,65,-2.738438850402832,False
9,108,99,-2.738591608276367,False
102,117,15,-2.7388216873168942,False
123,157,34,-2.7391031314086915,False
37,141,104,-2.739195125732422,False
22,97,75,-2.7393279583740235,False
70,103,33,-2.7393301556396485,False
26,123,97,-2.739952715148926,False
43,151,108,-2.7400040670776367,False
119,138,19,-2.7400525735473633,False
21,42,21,-2.74015876373291,False
55,141,86,-2.7402478828430175,False
49,109,60,-2.740270447692871,False
45,137,92,-2.740343814086914,False
81,153,72,-2.740461601867676,False
33,144,111,-2.7406159979248046,False
2,44,42,-2.7407210748291013,False
2,47,45,-2.740782839355469,False
5,82,77,-2.740788720703125,False
123,155,32,-2.7408151382446286,False
49,105,56,-2.740850437927246,False
49,141,92,-2.741902294616699,False
96,135,39,-2.7419329696655277,False
55,113,58,-2.7423185028076174,False
13,53,40,-2.742472588500976,False
55,111,56,-2.742493885192871,False
23,42,19,-2.7429581124877926,False
26,94,68,-2.7430752491760253,False
7,44,37,-2.7430820907592777,False
91,121,30,-2.7432226846313474,False
43,142,99,-2.7435178729248046,False
25,40,15,-2.7436083840942382,False
15,33,18,-2.743652071533203,False
3,149,146,-2.7437208866882323,False
27,98,71,-2.7439766711425784,False
40,75,35,-2.744412843322754,False
57,111,54,-2.744459070739746,False
48,78,30,-2.744945679016113,False
22,61,39,-2.7451414266967773,False
130,143,13,-2.745344280700684,False
45,90,45,-2.7453766694641115,False
44,122,78,-2.7457956251525877,False
12,101,89,-2.746060361480713,False
28,119,91,-2.746145135498047,False
47,140,93,-2.7461589358520504,False
131,151,20,-2.7463181311035156,False
45,148,103,-2.746463279724121,False
11,110,99,-2.746516886291504,False
52,107,55,-2.7465923275756836,False
22,34,12,-2.746670350952148,False
55,158,103,-2.7467267630004883,False
15,142,127,-2.7469004370117185,False
29,107,78,-2.746942468261719,False
100,134,34,-2.7469788398742674,False
17,91,74,-2.747102958374023,False
82,154,72,-2.747193883972168,False
30,133,103,-2.7473142967224122,False
51,113,62,-2.7474050611877443,False
39,109,70,-2.7474978228759768,False
101,118,17,-2.747599083557129,False
134,150,16,-2.7477017721557617,False
102,155,53,-2.7478780572509764,False
125,152,27,-2.7479392297363283,False
57,154,97,-2.7479901306152343,False
32,116,84,-2.7481701904296876,False
28,92,64,-2.7485212783813475,False
19,32,13,-2.748934705810547,False
33,151,118,-2.7489959997558593,False
76,113,37,-2.7492184857177735,False
96,136,40,-2.7493603201293944,False
44,125,81,-2.7498204176330567,False
10,90,80,-2.7498366369628906,False
41,141,100,-2.7505457974243166,False
38,64,26,-2.750859252319336,False
46,114,68,-2.7511530911254884,False
74,110,36,-2.751173790283203,False
43,111,68,-2.7512162268066405,False
27,92,65,-2.7513961544799805,False
64,89,25,-2.7515531106567384,False
46,151,105,-2.7517587731933597,False
49,158,109,-2.752470572967529,False
40,141,101,-2.7525222760009767,False
37,114,77,-2.7525451467895508,False
104,135,31,-2.7526824728393557,False
95,136,41,-2.7527375918579104,False
47,113,66,-2.7529700134277344,False
11,55,44,-2.7530663192749025,False
20,93,73,-2.753322962036133,False
77,111,34,-2.753488784790039,False
45,144,99,-2.7536136791992187,False
5,138,133,-2.753652130432129,False
64,109,45,-2.7537284857177733,False
41,111,70,-2.7538637454223633,False
40,139,99,-2.7538637561035157,False
45,127,82,-2.7539538565063477,False
3,64,61,-2.754350186767578,False
11,58,47,-2.75469013671875,False
127,146,19,-2.754798597717285,False
121,156,35,-2.7554908544921877,False
4,64,60,-2.7555489236450197,False
59,134,75,-2.7556446871948244,False
66,89,23,-2.7557250778198243,False
61,130,69,-2.7558135787963867,False
59,137,78,-2.7560864566040038,False
62,137,75,-2.756626862792969,False
6,83,77,-2.756810118713379,False
96,158,62,-2.756930614471435,False
58,137,79,-2.757014421081543,False
90,120,30,-2.757046788330078,False
121,155,34,-2.757212014160156,False
41,112,71,-2.7573219635009765,False
33,61,28,-2.758025673980713,False
13,99,86,-2.7581058865356445,False
21,61,40,-2.75816650390625,False
2,72,70,-2.7582262265014648,False
10,61,51,-2.759507586364746,False
12,51,39,-2.759568211669922,False
48,108,60,-2.7596058627319335,False
99,133,34,-2.7596896043395995,False
21,60,39,-2.7597523779296873,False
106,118,12,-2.759836260070801,False
16,43,27,-2.759841256256103,False
11,53,42,-2.760169526824951,False
56,138,82,-2.760237078552246,False
40,140,100,-2.760310815429688,False
56,111,55,-2.7603458084106447,False
13,43,30,-2.7604447706604005,False
42,124,82,-2.7605124130249026,False
44,126,82,-2.7605415016174315,False
88,114,26,-2.7605462451171876,False
44,148,104,-2.7609552796936034,False
52,113,61,-2.7612930989074704,False
124,151,27,-2.7615772714233398,False
32,83,51,-2.7615974365234375,False
18,91,73,-2.7617806304931642,False
40,100,60,-2.7618416244506836,False
41,137,96,-2.762132378845215,False
90,121,31,-2.7621471505737305,False
21,99,78,-2.762325740966797,False
20,139,119,-2.7624780001831057,False
18,42,24,-2.762676270751953,False
84,153,69,-2.7629873342895506,False
44,121,77,-2.7632942604064943,False
50,108,58,-2.763330696105957,False
45,126,81,-2.7633790072631834,False
54,79,25,-2.763402209777832,False
2,74,72,-2.7634855575561525,False
4,139,135,-2.7635321047973633,False
31,85,54,-2.76354122467041,False
53,158,105,-2.7636335597229005,False
33,115,82,-2.763724696044922,False
48,157,109,-2.763791579284668,False
6,58,52,-2.763922345275879,False
43,140,97,-2.763924561462402,False
43,122,79,-2.763989373626709,False
14,101,87,-2.764001654510498,False
40,76,36,-2.7640245932006833,False
104,118,14,-2.7641313583374023,False
44,120,76,-2.764261929931641,False
143,157,14,-2.7643162023925782,False
15,58,43,-2.764468793487549,False
47,144,97,-2.764588001098633,False
42,135,93,-2.764917643127441,False
39,111,72,-2.764985471801758,False
3,57,54,-2.7653121380615233,False
22,127,105,-2.765362794189453,False
46,127,81,-2.7654701789855958,False
2,143,141,-2.76563930267334,False
71,157,86,-2.765885137023926,False
12,53,41,-2.765989718322754,False
21,94,73,-2.7662060711669922,False
66,122,56,-2.7662441738891603,False
36,97,61,-2.7664169314575195,False
55,79,24,-2.766709284362793,False
126,149,23,-2.766936553649902,False
10,101,91,-2.766980610961914,False
145,158,13,-2.7671084646606445,False
67,90,23,-2.767442897949219,False
92,157,65,-2.767752682800293,False
65,108,43,-2.7679070794677734,False
8,58,50,-2.7679178933715822,False
90,153,63,-2.768048479309082,False
87,115,28,-2.768146729736328,False
95,157,62,-2.768425727844238,False
2,77,75,-2.7684496963500975,False
33,97,64,-2.7685022538757322,False
43,127,84,-2.768522133483887,False
108,137,29,-2.768698556213379,False
61,154,93,-2.7689566107177734,False
9,47,38,-2.7691299452209472,False
111,145,34,-2.7691455349731444,False
19,93,74,-2.7692004931640626,False
74,108,34,-2.769229485473633,False
65,123,58,-2.76952689666748,False
57,138,81,-2.769983955078125,False
36,140,104,-2.7700242587280273,False
85,149,64,-2.7700615982055665,False
88,116,28,-2.77013183380127,False
36,141,105,-2.770250032043457,False
36,133,97,-2.7702736587524415,False
46,125,79,-2.7703367042541505,False
128,144,16,-2.7703422296142577,False
42,111,69,-2.770371633605957,False
49,103,54,-2.7704821255493166,False
11,101,90,-2.7705429866027833,False
56,140,84,-2.770662921142578,False
133,145,12,-2.770695541381836,False
10,133,123,-2.770794844360352,False
127,152,25,-2.7709108334350585,False
13,47,34,-2.7709332719421385,False
20,102,82,-2.770944470825195,False
43,126,83,-2.7710131224060057,False
13,148,135,-2.771014393920898,False
57,135,78,-2.7710662905883785,False
47,147,100,-2.771624573364258,False
20,60,40,-2.7718270260620117,False
65,91,26,-2.771934234619141,False
68,124,56,-2.7719581887817384,False
60,136,76,-2.771958384399414,False
7,60,53,-2.772100350036621,False
64,129,65,-2.7721343048095703,False
79,155,76,-2.772265241699219,False
97,134,37,-2.7723018240356447,False
2,71,69,-2.77231465423584,False
75,113,38,-2.7723335604858397,False
11,46,35,-2.7723673532104494,False
111,139,28,-2.7728051889038086,False
49,110,61,-2.7729186154174803,False
48,106,58,-2.773076329650879,False
60,130,70,-2.773136347351074,False
46,90,44,-2.7731860955810546,False
41,150,109,-2.773226513671875,False
26,39,13,-2.773302621765137,False
9,54,45,-2.7738019583129883,False
24,108,84,-2.7738158923339844,False
12,44,32,-2.7738375505065918,False
56,139,83,-2.773840374145508,False
36,136,100,-2.77390512512207,False
39,104,65,-2.7740252343750003,False
43,121,78,-2.7740291888427735,False
27,62,35,-2.7740634768676755,False
49,144,95,-2.7741510400390625,False
26,62,36,-2.774155741271973,False
83,153,70,-2.7745116259765625,False
40,106,66,-2.774534111022949,False
3,78,75,-2.7747837344360353,False
47,153,106,-2.7748063482666017,False
18,139,121,-2.7748789053344725,False
34,143,109,-2.7748910501098636,False
81,154,73,-2.775060026855469,False
15,101,86,-2.7754547348022465,False
14,42,28,-2.7756948031616213,False
51,90,39,-2.7759191680908204,False
13,112,99,-2.776001272583008,False
22,59,37,-2.7760635620117187,False
52,89,37,-2.7760796200561524,False
89,122,33,-2.7761234271240234,False
15,132,117,-2.7763244522094728,False
44,152,108,-2.7763632260131836,False
51,77,26,-2.776474456176758,False
2,45,43,-2.7764996636962893,False
44,110,66,-2.7765173150634768,False
84,113,29,-2.776551831359863,False
44,135,91,-2.777274522705078,False
55,112,57,-2.7773205163574217,False
79,115,36,-2.777679645690918,False
126,154,28,-2.7778620733642576,False
46,130,84,-2.777885835571289,False
59,111,52,-2.778154671020508,False
50,158,108,-2.778179297790527,False
77,155,78,-2.7784004779052736,False
30,118,88,-2.778428798522949,False
59,133,74,-2.7785065481567384,False
31,105,74,-2.7785195571899415,False
34,150,116,-2.7786440783691404,False
84,112,28,-2.778977237854004,False
46,144,98,-2.7789805511474612,False
39,78,39,-2.7790307766723634,False
80,112,32,-2.779079758300781,False
81,112,31,-2.7791058993530275,False
12,32,20,-2.7791934045410156,False
49,157,108,-2.7794104321289064,False
127,154,27,-2.7794798995971677,False
6,85,79,-2.7795026443481445,False
66,91,25,-2.7795107028198243,False
8,132,124,-2.779676827850342,False
13,52,39,-2.779982160949707,False
47,148,101,-2.780022700805664,False
89,117,28,-2.7800798471069337,False
49,113,64,-2.7801304318237308,False
17,131,114,-2.780133283843994,False
40,74,34,-2.7803682360839845,False
45,111,66,-2.7804021942138673,False
13,44,31,-2.780514808959961,False
12,148,136,-2.7806310079956056,False
44,149,105,-2.7807564918518066,False
56,157,101,-2.7807762561035156,False
67,104,37,-2.780982548828125,False
101,117,16,-2.781095147399902,False
49,107,58,-2.7811887078857422,False
11,59,48,-2.7813728088378906,False
47,91,44,-2.78150028213501,False
19,102,83,-2.78150720703125,False
12,110,98,-2.7817350564575194,False
11,48,37,-2.781792568664551,False
121,158,37,-2.7819881607055663,False
11,51,40,-2.782320941772461,False
62,138,76,-2.7823848901367185,False
47,116,69,-2.7824774783325195,False
11,52,41,-2.782649406738281,False
9,61,52,-2.7826595333862305,False
31,86,55,-2.782941275024414,False
72,156,84,-2.783002091064453,False
7,43,36,-2.7830669381713866,False
42,151,109,-2.783359894714356,False
3,139,136,-2.783448872680664,False
86,155,69,-2.7834781744384767,False
25,136,111,-2.7836275399780273,False
52,106,54,-2.783702207946777,False
7,136,129,-2.783816247253418,False
48,92,44,-2.7838984957885744,False
25,123,98,-2.7839075827026365,False
22,60,38,-2.7839755667114257,False
35,115,80,-2.7840744784545897,False
117,136,19,-2.784274953155518,False
5,148,143,-2.7845311596679685,False
129,144,15,-2.784682686767578,False
80,111,31,-2.7849915481567384,False
99,156,57,-2.785067538146973,False
58,153,95,-2.7851835217285155,False
22,98,76,-2.785333843383789,False
5,63,58,-2.7854764672851564,False
48,146,98,-2.7855607537841798,False
19,42,23,-2.785804509124756,False
12,149,137,-2.7859427993774415,False
49,111,62,-2.7865022708129885,False
105,118,13,-2.7865255404663087,False
91,153,62,-2.786819632568359,False
60,111,51,-2.787510762023926,False
40,138,98,-2.7875210980224607,False
39,105,66,-2.787679728240967,False
118,136,18,-2.787760360107422,False
10,32,22,-2.7878364929199217,False
43,114,71,-2.7879766625976563,False
36,153,117,-2.788250132446289,False
23,64,41,-2.7884039263916014,False
70,157,87,-2.7884180297851566,False
38,150,112,-2.7885407052612305,False
44,133,89,-2.788573362731934,False
80,154,74,-2.788928719177246,False
5,41,36,-2.788940632019043,False
6,149,143,-2.788957635192871,False
46,117,71,-2.7891201986694334,False
44,127,83,-2.7892574575805664,False
57,142,85,-2.7895924899291993,False
135,148,13,-2.7897857781982425,False
68,121,53,-2.789843823852539,False
104,136,32,-2.790094934997559,False
7,150,143,-2.7900961993408204,False
56,134,78,-2.7901296322631834,False
17,61,44,-2.7901641088867186,False
58,133,75,-2.7903499835205077,False
48,109,61,-2.7904774517822264,False
6,59,53,-2.7905549139404298,False
6,56,50,-2.7906387829589843,False
37,105,68,-2.7907700161743163,False
105,117,12,-2.7908694235229494,False
38,103,65,-2.7910234967041014,False
45,116,71,-2.7911054052734374,False
23,125,102,-2.7911740859985352,False
68,125,57,-2.791234498901367,False
95,134,39,-2.791270350341797,False
7,63,56,-2.79127099029541,False
68,120,52,-2.7915839556884765,False
67,124,57,-2.7917776571655275,False
117,138,21,-2.7919781640625,False
8,105,97,-2.7922264071655274,False
43,146,103,-2.792474009399414,False
99,131,32,-2.792569527435303,False
49,104,55,-2.79260221282959,False
13,56,43,-2.792978440246582,False
12,52,40,-2.793038288574219,False
78,153,75,-2.7932075930786135,False
22,110,88,-2.7932303018188476,False
32,150,118,-2.7932454660034183,False
61,113,52,-2.7934583120727536,False
84,149,65,-2.7936390948486327,False
144,157,13,-2.7938165505981445,False
62,157,95,-2.7939842071533203,False
9,55,46,-2.79416357788086,False
14,144,130,-2.7942723590087892,False
132,144,12,-2.794379528198242,False
97,158,61,-2.7946825354003906,False
58,136,78,-2.794773788757324,False
145,157,12,-2.7950568783569336,False
43,135,92,-2.795057343444824,False
42,150,108,-2.7950791287231445,False
48,138,90,-2.795186053161621,False
67,89,22,-2.7952363995361327,False
78,154,76,-2.7952461700439453,False
6,137,131,-2.79530314163208,False
14,90,76,-2.7955839208984377,False
47,125,78,-2.79566375,False
45,87,42,-2.7956873162841793,False
106,152,46,-2.795825113830566,False
13,91,78,-2.7961880313110354,False
60,154,94,-2.7963792880249025,False
104,117,13,-2.796424815368652,False
57,130,73,-2.7964569763183595,False
58,111,53,-2.7965043182373046,False
121,157,36,-2.796721820373535,False
61,139,78,-2.796924000854492,False
123,158,35,-2.7972976974487302,False
29,91,62,-2.797488141174316,False
11,50,39,-2.7975969738769533,False
53,142,89,-2.797597350769043,False
59,154,95,-2.797700623168945,False
81,115,34,-2.7977460528564455,False
15,90,75,-2.7979614505004884,False
82,115,33,-2.797998463745117,False
126,150,24,-2.7980611727905274,False
38,79,41,-2.798103944091797,False
47,111,64,-2.798222053527832,False
58,113,55,-2.798687417297363,False
38,151,113,-2.798696876220703,False
58,134,76,-2.798970823059082,False
36,106,70,-2.798980980682373,False
12,55,43,-2.7990751507568357,False
33,116,83,-2.799107331542969,False
135,147,12,-2.7991369342041015,False
2,142,140,-2.7993443795776365,False
49,106,57,-2.799476376953125,False
43,116,73,-2.7996693170166016,False
18,113,95,-2.7996808572387697,False
57,132,75,-2.799703555603027,False
34,61,27,-2.7997710760498045,False
50,78,28,-2.799783186035156,False
31,87,56,-2.799806290283203,False
5,81,76,-2.799874284362793,False
2,46,44,-2.799906145629883,False
86,114,28,-2.8003195205688476,False
40,110,70,-2.8005793170166013,False
11,43,32,-2.800748758850098,False
35,62,27,-2.801097291259766,False
7,55,48,-2.8012741189575197,False
24,95,71,-2.801419481048584,False
37,140,103,-2.80167672454834,False
12,61,49,-2.8017235635375974,False
9,133,124,-2.8019283497619627,False
60,112,52,-2.802250732421875,False
87,114,27,-2.8022966137695313,False
133,151,18,-2.8023431912231445,False
98,158,60,-2.8024076580810546,False
33,145,112,-2.802423794555664,False
40,153,113,-2.8026258721923827,False
60,135,75,-2.8028257525634763,False
24,136,112,-2.8029171786499023,False
93,158,65,-2.802949585571289,False
9,59,50,-2.8029580084228516,False
7,42,35,-2.8030115869140624,False
15,141,126,-2.8031299526977542,False
64,110,46,-2.8033424362182617,False
7,64,57,-2.8033612496948246,False
10,58,48,-2.803623175048828,False
61,129,68,-2.803720378112793,False
132,152,20,-2.8039279577636718,False
46,137,91,-2.8040295513916016,False
89,120,31,-2.804062576599121,False
49,78,29,-2.804074551086426,False
84,155,71,-2.804639865722656,False
39,113,74,-2.8046463223266604,False
96,156,60,-2.8048304513549804,False
106,136,30,-2.805072256469727,False
126,148,22,-2.805466567687988,False
106,135,29,-2.8056604626464843,False
92,153,61,-2.805687287597656,False
18,61,43,-2.8058885485839844,False
95,132,37,-2.806038379211426,False
52,105,53,-2.806507762451172,False
85,155,70,-2.8065248269653322,False
48,148,100,-2.806660214996338,False
28,120,92,-2.806777914428711,False
98,156,58,-2.8069520727539063,False
129,152,23,-2.807192153930664,False
40,109,69,-2.8072221151733396,False
44,130,86,-2.8074286032104494,False
18,129,111,-2.807871195373535,False
40,154,114,-2.8082614730834963,False
43,152,109,-2.8084848150634767,False
45,135,90,-2.8085890103149413,False
48,150,102,-2.808720348510742,False
45,84,39,-2.808945488128662,False
53,78,25,-2.809041956176758,False
51,141,90,-2.8092624032592775,False
70,156,86,-2.8093879458618165,False
14,142,128,-2.809390075378418,False
35,104,69,-2.8094264080810545,False
44,116,72,-2.809620416870117,False
19,113,94,-2.8096270736694335,False
60,132,72,-2.80986485168457,False
43,141,98,-2.8098894067382814,False
117,137,20,-2.8099287397766113,False
58,138,80,-2.810085756225586,False
52,103,51,-2.810335816955566,False
6,84,78,-2.810613473510742,False
18,130,112,-2.8109375230407716,False
8,43,35,-2.8110003463745117,False
100,156,56,-2.8110845817565915,False
47,156,109,-2.8111681343078616,False
47,155,108,-2.81116926361084,False
4,78,74,-2.8112477163696292,False
66,123,57,-2.811513410644531,False
47,127,80,-2.811845039367676,False
13,100,87,-2.8121124345397948,False
89,121,32,-2.812255239868164,False
27,134,107,-2.8123726455688476,False
57,139,82,-2.812432583618164,False
52,143,91,-2.812518316040039,False
94,134,40,-2.8127435763549804,False
95,135,40,-2.8129668518066406,False
67,126,59,-2.812987423095703,False
5,43,38,-2.8130330877685545,False
60,140,80,-2.8132036010742185,False
8,34,26,-2.8133686242675777,False
10,149,139,-2.813435953979492,False
13,132,119,-2.813590785675049,False
45,89,44,-2.8136660609436035,False
40,72,32,-2.8137132693481446,False
94,153,59,-2.813781773071289,False
31,61,30,-2.813807075805664,False
22,41,19,-2.813959835205078,False
37,136,99,-2.814003146057129,False
95,130,35,-2.814019487609863,False
46,131,85,-2.814341593017578,False
21,59,38,-2.8146635299682616,False
144,158,14,-2.8148346231079104,False
8,61,53,-2.815077403259277,False
67,105,38,-2.8152691079711913,False
14,132,118,-2.8153257418823245,False
41,152,111,-2.8155500469970702,False
57,141,84,-2.815566285400391,False
60,153,93,-2.816016617126465,False
40,137,97,-2.816269018859863,False
12,58,46,-2.8164220355224607,False
70,113,43,-2.8165082067871094,False
61,151,90,-2.8166321774291996,False
42,122,80,-2.8169709130859375,False
15,134,119,-2.8170086184692384,False
39,98,59,-2.8173279667663573,False
69,157,88,-2.8174360168457033,False
50,157,107,-2.817520280456543,False
14,33,19,-2.8178180480957034,False
38,152,114,-2.818040330505371,False
65,109,44,-2.8182741317749023,False
97,131,34,-2.818500994567871,False
35,98,63,-2.8186190017700197,False
12,46,34,-2.8189148327636717,False
82,114,32,-2.8189708157348634,False
8,44,36,-2.8189827633666993,False
14,58,44,-2.819007050476074,False
87,145,58,-2.819042608642578,False
11,62,51,-2.819051282348633,False
61,136,75,-2.8190941781616212,False
41,151,110,-2.819096086730957,False
36,135,99,-2.819161668395996,False
66,90,24,-2.819626380004883,False
19,128,109,-2.81964395111084,False
18,112,94,-2.819717596130371,False
48,122,74,-2.820076398925781,False
48,113,65,-2.820306408691406,False
79,153,74,-2.8203409832763673,False
31,132,101,-2.82039806640625,False
3,43,40,-2.820502673645019,False
95,158,63,-2.8207092639160156,False
64,130,66,-2.8209031539916993,False
72,106,34,-2.8211068405151365,False
23,97,74,-2.8212178143310545,False
47,154,107,-2.821449367828369,False
21,111,90,-2.8216417346191407,False
3,147,144,-2.8216629284667967,False
62,136,74,-2.8218161587524415,False
49,145,96,-2.822133295593262,False
32,147,115,-2.8222630023193362,False
42,146,104,-2.8222822430419923,False
59,136,77,-2.822355377197266,False
52,88,36,-2.8223730966186524,False
49,90,41,-2.8225564126586913,False
64,157,93,-2.8225987216186526,False
48,137,89,-2.82268557800293,False
126,147,21,-2.8227467709350584,False
65,89,24,-2.8228694876098634,False
59,138,79,-2.822877582702637,False
131,150,19,-2.822899475097656,False
19,60,41,-2.823042622070312,False
81,114,33,-2.8230699267578125,False
8,59,51,-2.823073248901367,False
30,89,59,-2.823079628601074,False
23,95,72,-2.8231176625061036,False
69,120,51,-2.8231337222290036,False
9,132,123,-2.823140914764404,False
47,151,104,-2.8232103329467773,False
55,149,94,-2.823353692779541,False
46,115,69,-2.823398753051758,False
39,108,69,-2.8235385162353515,False
36,114,78,-2.8235397491455076,False
93,134,41,-2.823677296447754,False
127,150,23,-2.8239364752197265,False
109,138,29,-2.824109753112793,False
43,133,90,-2.824196479492188,False
74,109,35,-2.8242138635253906,False
45,136,91,-2.8244797103881836,False
104,154,50,-2.8245629125976564,False
125,155,30,-2.8246945657348634,False
38,97,59,-2.824913988189697,False
64,124,60,-2.8249390548706055,False
58,154,96,-2.8251025930786136,False
42,132,90,-2.825395156555176,False
37,97,60,-2.825761119995117,False
128,152,24,-2.8258154010009764,False
5,44,39,-2.825955983581543,False
32,61,29,-2.826024013977051,False
31,118,87,-2.8260618197631837,False
110,147,37,-2.826113279724121,False
8,55,47,-2.8261315213012694,False
15,40,25,-2.826212105102539,False
42,144,102,-2.826498480834961,False
6,36,30,-2.82685537109375,False
73,107,34,-2.8270547674560547,False
41,114,73,-2.8271181060791015,False
36,80,44,-2.827328882446289,False
44,131,87,-2.8273572409057617,False
46,136,90,-2.8274096490478517,False
24,36,12,-2.827424432373047,False
57,140,83,-2.8275430471801757,False
93,127,34,-2.827656015625,False
4,43,39,-2.8276645556640623,False
107,137,30,-2.8276705468750003,False
55,143,88,-2.827690181427002,False
84,147,63,-2.8283414498901367,False
48,91,43,-2.82858333984375,False
111,140,29,-2.8287071846008303,False
128,145,17,-2.8289230102539062,False
8,150,142,-2.8289316262817383,False
43,148,105,-2.8292014151000977,False
63,138,75,-2.829272691040039,False
19,139,120,-2.8297691525268553,False
8,47,39,-2.829894950561523,False
22,99,77,-2.830100646972656,False
40,107,67,-2.830127798156738,False
13,57,44,-2.8301326928710937,False
49,140,91,-2.83029391998291,False
59,153,94,-2.830333144836426,False
119,157,38,-2.8306187118530275,False
20,128,108,-2.8306502352905274,False
40,113,73,-2.8310402731323245,False
56,135,79,-2.831288101196289,False
55,134,79,-2.8313359979248047,False
53,137,84,-2.831476980895996,False
71,120,49,-2.831535981140137,False
42,143,101,-2.8317074768066406,False
38,105,67,-2.8318862590026854,False
65,124,59,-2.832260930786133,False
51,140,89,-2.8322941003417967,False
47,81,34,-2.832428795166016,False
95,156,61,-2.8325508737182616,False
58,112,54,-2.8325622155761723,False
45,140,95,-2.8326914709472657,False
17,140,123,-2.8330811682128907,False
20,58,38,-2.833169539794922,False
61,135,74,-2.833248564758301,False
70,120,50,-2.8332972933959963,False
42,120,78,-2.8335218078613282,False
32,105,73,-2.833662010498047,False
13,45,32,-2.833848611755371,False
41,136,95,-2.834059382019043,False
46,135,89,-2.8341536602783206,False
64,125,61,-2.834262001647949,False
52,104,52,-2.8343588903808596,False
132,151,19,-2.834446510620117,False
128,150,22,-2.83445127532959,False
60,142,82,-2.834703995361328,False
5,64,59,-2.8347124520874027,False
45,114,69,-2.8348671600341797,False
94,129,35,-2.8349813973999023,False
48,156,108,-2.8350563623046874,False
89,118,29,-2.835113389892578,False
15,113,98,-2.835159583129883,False
24,64,40,-2.83539907623291,False
54,133,79,-2.835485933837891,False
5,80,75,-2.8354937716674806,False
47,149,102,-2.8355105458068848,False
48,80,32,-2.835552043457031,False
60,152,92,-2.835552579650879,False
56,143,87,-2.835629571228027,False
24,97,73,-2.835651890716553,False
69,104,35,-2.835656548461914,False
65,157,92,-2.835808140258789,False
56,156,100,-2.8358090728759766,False
42,114,72,-2.835929962158203,False
52,141,89,-2.8362050384521487,False
39,141,102,-2.8362944592285158,False
4,44,40,-2.8362947311401365,False
13,46,33,-2.836615552368164,False
43,115,72,-2.8366517202758788,False
34,117,83,-2.8367495205688478,False
104,153,49,-2.8367613943481444,False
54,82,28,-2.8371386791992186,False
39,139,100,-2.8371850119018553,False
45,115,70,-2.8372406726074217,False
11,60,49,-2.8372695095825193,False
25,97,72,-2.837503516845703,False
46,140,94,-2.837637319335937,False
22,138,116,-2.8377247058105466,False
22,94,72,-2.83816660736084,False
53,150,97,-2.838229505004883,False
50,90,40,-2.8383989416503907,False
27,64,37,-2.838577785949707,False
20,42,22,-2.8386728674316406,False
54,137,83,-2.8387193161010744,False
6,61,55,-2.8388950299072264,False
39,140,101,-2.8390136294555663,False
48,116,68,-2.8390212084960935,False
29,119,90,-2.8391628790283203,False
95,137,42,-2.83916809173584,False
17,42,25,-2.8392498388671874,False
25,38,13,-2.839326467285156,False
38,139,101,-2.8396990829467774,False
35,132,97,-2.839750789489746,False
56,141,85,-2.8400712326049806,False
30,99,69,-2.8401818267822265,False
63,126,63,-2.8402006411743166,False
37,144,107,-2.8405539282226564,False
23,98,75,-2.840679331512451,False
34,81,47,-2.8408749462890626,False
54,136,82,-2.8409699435424804,False
20,61,41,-2.84105406829834,False
59,112,53,-2.841274320678711,False
95,153,58,-2.84138039642334,False
15,133,118,-2.841626669921875,False
35,116,81,-2.8416346154785157,False
52,87,35,-2.8418237969970703,False
68,104,36,-2.8418644140625,False
72,120,48,-2.84190558013916,False
40,101,61,-2.841987093811035,False
34,105,71,-2.8421098136901852,False
60,131,71,-2.84216928894043,False
61,131,70,-2.842537488098144,False
25,94,69,-2.8425510263061526,False
5,47,42,-2.842637901000977,False
61,141,80,-2.8426745138549805,False
125,154,29,-2.8428352111816406,False
68,105,37,-2.842836362915039,False
44,114,70,-2.843200268249512,False
46,128,82,-2.843202974853516,False
32,84,52,-2.8433405807495116,False
90,129,39,-2.843386374206543,False
53,149,96,-2.843447442932129,False
25,41,16,-2.8434478674316406,False
57,151,94,-2.8434941653442385,False
15,34,19,-2.8435180807495115,False
43,119,76,-2.843560898742676,False
78,132,54,-2.84376874420166,False
127,149,22,-2.843789260253906,False
32,82,50,-2.843803124694824,False
93,132,39,-2.844148319091797,False
51,79,28,-2.8443217559814453,False
87,116,29,-2.844555510253906,False
45,134,89,-2.8445565948486324,False
22,100,78,-2.844954023742676,False
47,152,105,-2.8453258560180665,False
8,35,27,-2.845467417907715,False
62,134,72,-2.845606229858398,False
19,101,82,-2.8456469021606443,False
12,48,36,-2.8456547747802734,False
27,123,96,-2.8457080850219727,False
15,59,44,-2.8458902478027346,False
129,151,22,-2.8459910635375976,False
54,149,95,-2.8460103927612304,False
33,106,73,-2.8461551904296876,False
83,149,66,-2.846304497680664,False
52,77,25,-2.846471628723145,False
130,151,21,-2.8466313220214845,False
125,151,26,-2.8467975241088865,False
50,106,56,-2.846836342468262,False
43,117,74,-2.8468473800659178,False
91,125,34,-2.846886170349121,False
45,130,85,-2.8469189398193357,False
24,41,17,-2.8469922930908202,False
36,134,98,-2.8470026037597655,False
14,59,45,-2.8470878939819335,False
109,150,41,-2.847230021057129,False
31,104,73,-2.847434567871094,False
37,79,42,-2.8474594500732424,False
89,119,30,-2.8474687670898438,False
63,130,67,-2.847485670166016,False
75,122,47,-2.8475159146118165,False
98,132,34,-2.847565602416992,False
148,155,7,-2.8476934390258792,False
21,138,117,-2.8477546936035156,False
49,122,73,-2.8480902473449707,False
134,146,12,-2.8481903494262695,False
53,136,83,-2.8482609368896483,False
53,145,92,-2.8484703024291993,False
48,124,76,-2.8484827557373045,False
2,56,54,-2.8486802807617186,False
43,149,106,-2.8489028631591795,False
21,102,81,-2.849062102355957,False
7,45,38,-2.8493937234497073,False
45,117,72,-2.849535411987305,False
49,79,30,-2.8495427975463867,False
32,149,117,-2.849674476623535,False
42,128,86,-2.849736398162842,False
10,43,33,-2.8500865505981445,False
28,62,34,-2.8501178558349607,False
20,59,39,-2.8501539434814456,False
33,82,49,-2.850554102478027,False
17,60,43,-2.8507129806518554,False
47,121,74,-2.8509762435913086,False
13,30,17,-2.851223415222168,False
34,132,98,-2.8513343811035154,False
65,121,56,-2.8513374938964846,False
12,45,33,-2.8513881915283203,False
30,61,31,-2.851453355102539,False
49,116,67,-2.851464691467285,False
54,138,84,-2.8515214324951175,False
50,103,53,-2.8516726232910155,False
42,121,79,-2.8517821246337887,False
70,122,52,-2.8519500552368164,False
11,44,33,-2.8521728775024413,False
38,144,106,-2.8522336923217773,False
33,132,99,-2.85240419342041,False
50,107,57,-2.8525420172119142,False
39,66,27,-2.852817572937012,False
94,158,64,-2.8528992263793946,False
42,125,83,-2.8529161853027345,False
22,35,13,-2.8529769772338867,False
118,138,20,-2.853020428314209,False
22,40,18,-2.8531054580688475,False
97,156,59,-2.8532646701049806,False
74,113,39,-2.853361605834961,False
60,141,81,-2.85338521484375,False
9,102,93,-2.854006361694336,False
93,157,64,-2.854061178283691,False
15,60,45,-2.8540649447631834,False
19,61,42,-2.8542877404785156,False
7,137,130,-2.8545343060302732,False
71,113,42,-2.854558036193848,False
44,134,90,-2.8545852172851562,False
124,155,31,-2.85464051361084,False
76,155,79,-2.8549407278442382,False
79,154,75,-2.8550431384277344,False
67,125,58,-2.855154175720215,False
52,145,93,-2.8552806021118164,False
17,58,41,-2.855511831665039,False
11,63,52,-2.855533442077637,False
54,150,96,-2.855539267578125,False
63,122,59,-2.855813579101562,False
9,107,98,-2.8559643725585935,False
30,106,76,-2.8563221966552734,False
60,113,53,-2.8568220010375978,False
89,133,44,-2.8568592770385743,False
42,133,91,-2.8568922717285155,False
43,143,100,-2.8569185479736325,False
56,153,97,-2.8569374133300784,False
10,59,49,-2.857133231201172,False
44,119,75,-2.8572043658447264,False
2,55,53,-2.85745353515625,False
57,131,74,-2.8574832205200194,False
41,135,94,-2.8575533349609374,False
70,104,34,-2.857590946350098,False
14,41,27,-2.8577847789001467,False
9,149,140,-2.857821060180664,False
11,134,123,-2.857899960327148,False
70,123,53,-2.8579227536010743,False
54,83,29,-2.8579856051635746,False
39,70,31,-2.8580761471557614,False
46,126,80,-2.85817681930542,False
43,132,89,-2.858193116455078,False
66,109,43,-2.8585865740966794,False
53,139,86,-2.8586172280883786,False
11,89,78,-2.858619288024902,False
38,138,100,-2.858972926940918,False
96,131,35,-2.8591491961669924,False
69,156,87,-2.859233699951172,False
12,59,47,-2.8593711648559568,False
86,115,29,-2.8594891549682617,False
11,149,138,-2.8595146298217773,False
14,141,127,-2.859664276123047,False
68,157,89,-2.859694864501953,False
48,149,101,-2.8596988243103025,False
85,150,65,-2.859766348876953,False
42,152,110,-2.8599320321655273,False
69,121,52,-2.8602628094482423,False
47,115,68,-2.860543898925781,False
38,114,76,-2.860635089416504,False
63,110,47,-2.8606573303222658,False
63,129,66,-2.8606652645874022,False
118,137,19,-2.8606986978149416,False
8,60,52,-2.8607042224121093,False
93,129,36,-2.8608163467407226,False
46,133,87,-2.8608884002685544,False
67,157,90,-2.860921403198242,False
45,85,40,-2.86112127532959,False
38,137,99,-2.8611308041381838,False
42,145,103,-2.861351292114258,False
62,139,77,-2.8615424136352536,False
53,86,33,-2.861548891296387,False
72,122,50,-2.861617921142578,False
53,140,87,-2.8617246365356444,False
69,105,36,-2.861899087524414,False
19,58,39,-2.86191611694336,False
46,132,86,-2.8621788461303708,False
50,105,55,-2.8622732736206054,False
3,44,41,-2.8624172265625,False
43,128,85,-2.8624753298950196,False
41,123,82,-2.862578825378418,False
16,141,125,-2.8626002548217775,False
55,135,80,-2.862711287536621,False
23,35,12,-2.8627757080078124,False
87,154,67,-2.8627898977661133,False
94,132,38,-2.862978841552734,False
76,112,36,-2.863224524230957,False
71,106,35,-2.8634336923217774,False
37,152,115,-2.86357364074707,False
48,147,99,-2.8637177490234373,False
94,157,63,-2.8637563916015627,False
18,60,42,-2.863939972381592,False
105,136,31,-2.8640769400024415,False
67,120,53,-2.8641818508911134,False
23,137,114,-2.8641989208984375,False
40,73,33,-2.8642374835205078,False
42,127,85,-2.8642945945739746,False
9,104,95,-2.8642972763061523,False
44,115,71,-2.864350078125,False
21,93,72,-2.8645966510009764,False
58,135,77,-2.864844274597168,False
78,115,37,-2.8649263040161133,False
78,114,36,-2.8652089154052733,False
63,137,74,-2.8652184622192385,False
51,108,57,-2.8654591479492186,False
8,33,25,-2.865462799682617,False
15,63,48,-2.865555096435547,False
14,89,75,-2.8655809375,False
11,64,53,-2.8658176666259765,False
45,133,88,-2.8661057077026366,False
38,145,107,-2.8662293145751954,False
51,150,99,-2.86635096282959,False
3,70,67,-2.866518029174805,False
28,64,36,-2.8667923165893554,False
58,139,81,-2.867022630615234,False
53,79,26,-2.867125917663574,False
61,142,81,-2.867524351501465,False
84,151,67,-2.8679184182739257,False
13,55,42,-2.8679772512817383,False
93,155,62,-2.8682107989501953,False
25,39,14,-2.8683742669677734,False
66,126,60,-2.8684833938598633,False
86,145,59,-2.868694928588867,False
132,150,18,-2.8688684243774416,False
126,151,25,-2.868901469116211,False
71,107,36,-2.8689616540527343,False
14,60,46,-2.8691460720825193,False
8,88,80,-2.8692779217529294,False
5,56,51,-2.869386548156738,False
18,58,40,-2.8694513955688477,False
50,142,92,-2.8697612951660156,False
52,158,106,-2.870085446472168,False
9,103,94,-2.8701488720703123,False
76,122,46,-2.870540237121582,False
82,152,70,-2.870699030456543,False
85,151,66,-2.8707356491088865,False
54,142,88,-2.870897528991699,False
15,140,125,-2.8711018493652345,False
83,145,62,-2.87119453704834,False
35,80,45,-2.871260358276367,False
103,135,32,-2.8713198323059084,False
39,67,28,-2.871378429260254,False
14,112,98,-2.8716528131103516,False
59,113,54,-2.871683419189453,False
24,63,39,-2.872228966064453,False
127,151,24,-2.8725191540527346,False
12,134,122,-2.872602203063965,False
14,64,50,-2.872916408691406,False
104,137,33,-2.872966436462402,False
21,41,20,-2.873016007080078,False
53,141,88,-2.873432241821289,False
62,130,68,-2.87371431640625,False
47,138,91,-2.8738474743652342,False
15,35,20,-2.8739322299194336,False
85,152,67,-2.874088692932129,False
54,114,60,-2.8741255245971677,False
43,147,104,-2.8741448217773438,False
47,114,67,-2.8742209283447266,False
51,139,88,-2.8747079971313476,False
128,151,23,-2.875044954223633,False
23,109,86,-2.875112683410644,False
2,54,52,-2.8753583746337887,False
46,88,42,-2.8754202221679686,False
111,142,31,-2.875645026550293,False
26,98,72,-2.8759782901000976,False
37,133,96,-2.8759860205078125,False
14,62,48,-2.8760050967407222,False
42,126,84,-2.876010380706787,False
42,131,89,-2.876026168823242,False
65,110,45,-2.8761599792480466,False
3,140,137,-2.87669604309082,False
4,72,68,-2.8768728527832033,False
8,54,46,-2.87704375,False
52,140,88,-2.877050161437988,False
41,142,101,-2.8771035317993165,False
28,99,71,-2.877164084472656,False
84,152,68,-2.8771887261962887,False
80,114,34,-2.877250386657715,False
134,149,15,-2.8773268313598637,False
62,110,48,-2.877364757080078,False
94,136,42,-2.8773828491210938,False
66,113,47,-2.877409919128418,False
18,101,83,-2.877661090698242,False
86,116,30,-2.877676846008301,False
51,106,55,-2.877707366638184,False
15,102,87,-2.8778425746154785,False
40,108,68,-2.8778429373168946,False
18,41,23,-2.8779135842895505,False
58,152,94,-2.878052071838379,False
5,45,40,-2.8782900622558594,False
39,77,38,-2.8783541354370117,False
36,105,69,-2.878394398498535,False
94,128,34,-2.8784932156372074,False
84,150,66,-2.878547246704102,False
28,121,93,-2.878552123718262,False
61,111,50,-2.8786058126831056,False
6,62,56,-2.878642864685059,False
28,106,78,-2.8787534393310548,False
61,126,65,-2.8788973626708985,False
58,151,93,-2.8789592642211916,False
6,64,58,-2.8790999124145507,False
105,135,30,-2.8793373822021486,False
111,144,33,-2.879440860290527,False
41,120,79,-2.879504715576172,False
38,115,77,-2.8795962170410156,False
19,92,73,-2.8797630325317383,False
6,60,54,-2.879921683044434,False
43,145,102,-2.8800316122436525,False
56,145,89,-2.880161601257324,False
16,42,26,-2.8801863500976563,False
59,139,80,-2.8802186032104493,False
27,63,36,-2.880232053527832,False
14,140,126,-2.8802428436279297,False
46,118,72,-2.8803764544677732,False
23,63,40,-2.88050897354126,False
16,90,74,-2.880565522155762,False
38,141,103,-2.880765100097656,False
32,99,67,-2.8808167362976076,False
13,133,120,-2.880943204345703,False
47,120,73,-2.8809755612182615,False
94,130,36,-2.8810985006713867,False
130,144,14,-2.8811156494140624,False
8,45,37,-2.881205206298828,False
87,149,62,-2.881365855407715,False
44,111,67,-2.881472533569336,False
50,114,64,-2.881504881439209,False
45,131,86,-2.8817807693481443,False
39,99,60,-2.881830160827637,False
39,137,98,-2.8819219635009765,False
17,113,96,-2.8819444171142576,False
47,126,79,-2.8819981576538085,False
106,137,31,-2.88223588684082,False
47,131,84,-2.882269729614258,False
3,71,68,-2.8823578060913086,False
71,123,52,-2.882387127685547,False
39,133,94,-2.882472654724121,False
41,146,105,-2.8827329864501956,False
42,134,92,-2.8828599227905274,False
40,111,71,-2.882878439331055,False
56,149,93,-2.883042561035156,False
37,135,98,-2.883059677734375,False
5,65,60,-2.8834918380737307,False
23,100,77,-2.8837361135864255,False
44,132,88,-2.8838895648193357,False
98,133,35,-2.883996519165039,False
12,90,78,-2.8840750961303714,False
38,98,60,-2.884314391784668,False
14,40,26,-2.8843391004943846,False
26,107,81,-2.884489883728027,False
51,107,56,-2.884552508850098,False
90,133,43,-2.884654317932129,False
48,125,77,-2.884660966491699,False
23,62,39,-2.88466473236084,False
48,153,105,-2.8847025019836425,False
14,133,119,-2.8847615460205076,False
31,100,69,-2.8848004290771483,False
13,48,35,-2.884817783203125,False
74,154,80,-2.884874983215332,False
59,130,71,-2.885090810546875,False
51,78,27,-2.885171966247559,False
21,40,19,-2.885326922912598,False
6,42,36,-2.8853290649414065,False
89,134,45,-2.8854231997680664,False
39,69,30,-2.8854530084228514,False
40,136,96,-2.8855044158935548,False
93,136,43,-2.8857127966308598,False
37,145,108,-2.8857169244384764,False
86,149,63,-2.8859717059326173,False
13,32,19,-2.8860185848999023,False
44,117,73,-2.886246735534668,False
53,80,27,-2.886420085144043,False
49,80,31,-2.8864365396118163,False
61,132,71,-2.886599941101074,False
46,134,88,-2.886784180908203,False
47,137,90,-2.8867882147216797,False
49,149,100,-2.886830315246582,False
66,107,41,-2.8869700210571287,False
41,144,103,-2.8869964654541014,False
6,43,37,-2.887301390686035,False
62,129,67,-2.8873172201538084,False
133,150,17,-2.8873375131225587,False
36,132,96,-2.887361379394531,False
47,136,89,-2.8875296350097654,False
68,129,61,-2.8876876611328126,False
64,127,63,-2.887703998413086,False
64,134,70,-2.8877690185546876,False
57,150,93,-2.887795739440918,False
39,112,73,-2.887822535705566,False
15,62,47,-2.8878642602539064,False
18,102,84,-2.887902637786865,False
53,81,28,-2.887914761352539,False
37,151,114,-2.8879711560058596,False
129,145,16,-2.8881057623291015,False
49,120,71,-2.88854708694458,False
64,121,57,-2.888553740234375,False
23,94,71,-2.888783594970703,False
74,122,48,-2.8888332000732424,False
49,139,90,-2.88891565826416,False
95,155,60,-2.8891764724731446,False
41,121,80,-2.8893232165527345,False
6,82,76,-2.8895244174194334,False
124,154,30,-2.889807266845703,False
42,119,77,-2.889813078613281,False
3,45,42,-2.889918744812012,False
18,59,41,-2.8902135812377927,False
65,126,61,-2.8902318075561526,False
45,118,73,-2.8902337387084964,False
64,128,64,-2.89023967590332,False
34,144,110,-2.890519407958984,False
71,122,51,-2.8906809246826173,False
9,43,34,-2.890763773498535,False
37,115,78,-2.8907749383544923,False
42,148,106,-2.8910625244140626,False
29,133,104,-2.8912040032958983,False
32,117,85,-2.891315925292969,False
7,54,47,-2.8913169635009766,False
60,129,69,-2.8914565161132812,False
39,100,61,-2.8916362417602537,False
69,124,55,-2.8918552990722657,False
93,156,63,-2.8921288369750977,False
51,144,93,-2.8921875384521485,False
16,101,85,-2.892350656738281,False
6,55,49,-2.892408561401367,False
28,63,35,-2.8924462521362306,False
94,155,61,-2.8928336654663083,False
77,124,47,-2.8928806698608396,False
62,156,94,-2.892895722961426,False
65,90,25,-2.893223913574219,False
13,101,88,-2.8933826162719725,False
75,112,37,-2.89342512512207,False
69,126,57,-2.893533798828125,False
54,134,80,-2.893625401916504,False
38,140,102,-2.8944036254882812,False
129,150,21,-2.894509339599609,False
83,144,61,-2.8945505807495118,False
40,130,90,-2.894866105041504,False
52,150,98,-2.8949592059326172,False
91,126,35,-2.895025004577637,False
42,147,105,-2.8950289205932616,False
91,123,32,-2.8951552066040036,False
80,115,35,-2.895365765686035,False
18,131,113,-2.895525308380127,False
49,150,101,-2.895598553161621,False
40,135,95,-2.8957261267089844,False
71,156,85,-2.89614634979248,False
62,126,64,-2.8961839541625976,False
58,130,72,-2.8961918170166014,False
90,154,64,-2.896216735687256,False
5,66,61,-2.896275546569824,False
50,104,54,-2.8963256802368162,False
41,124,83,-2.896425274963379,False
19,59,40,-2.8969264468383793,False
58,141,83,-2.896974897766113,False
4,147,143,-2.897211295776367,False
6,63,57,-2.89727276763916,False
75,111,36,-2.8974365295410154,False
51,105,54,-2.897531681518555,False
61,112,51,-2.8975484329223633,False
58,142,84,-2.8975844949340823,False
40,133,93,-2.8977514361572263,False
57,143,86,-2.8978320867919924,False
91,154,63,-2.8979094969177246,False
17,59,42,-2.897980461730957,False
94,156,62,-2.8981418328857425,False
53,84,31,-2.8981447680664063,False
102,135,33,-2.8982055645751954,False
63,134,71,-2.8986533807373047,False
50,141,91,-2.8987054733276367,False
52,139,87,-2.89886180847168,False
10,48,38,-2.899060817565918,False
67,129,62,-2.899214215698242,False
55,156,101,-2.8992490814208987,False
10,62,52,-2.8995583828735354,False
7,87,80,-2.8999287222290038,False
64,142,78,-2.900216376037598,False
8,64,56,-2.9002842474365234,False
48,111,63,-2.900458183288574,False
93,135,42,-2.900533828125,False
18,90,72,-2.900599878540039,False
73,110,37,-2.9007430441284177,False
52,137,85,-2.9007607202148438,False
48,131,83,-2.9008929040527343,False
32,104,72,-2.900931632080078,False
33,146,113,-2.9013765567016603,False
10,60,50,-2.9013805993652344,False
86,154,68,-2.901402475891113,False
4,56,52,-2.901857869567871,False
19,41,22,-2.901873791503906,False
13,146,133,-2.9018843344116214,False
67,121,54,-2.901997089233398,False
82,133,51,-2.9023662771606444,False
69,118,49,-2.9024226113891602,False
62,135,73,-2.9026112796020507,False
51,143,92,-2.902753323059082,False
30,88,58,-2.902995736999512,False
6,54,48,-2.903004475708008,False
81,133,52,-2.9032667025756838,False
53,148,95,-2.9033385400390626,False
108,151,43,-2.9037822375488282,False
12,64,52,-2.903826279296875,False
51,104,53,-2.903988800354004,False
55,150,95,-2.9041276376342773,False
63,157,94,-2.904274866027832,False
66,124,58,-2.9044489257812502,False
49,156,107,-2.9047415524291993,False
58,140,82,-2.904872731628418,False
103,136,33,-2.9052695300292966,False
68,127,59,-2.9052705230712887,False
46,83,37,-2.9055198223876952,False
49,153,104,-2.905549388427734,False
77,114,37,-2.905559317932129,False
85,154,69,-2.9056433325195314,False
64,133,69,-2.9056703121948244,False
63,131,68,-2.905704133300781,False
35,142,107,-2.9057518368530273,False
38,104,66,-2.9059583363342285,False
37,134,97,-2.906081525268555,False
64,113,49,-2.9060993096923826,False
86,144,58,-2.9061215072631836,False
85,147,62,-2.9063448361206055,False
65,111,46,-2.906413867492676,False
4,45,41,-2.9064384277343747,False
133,148,15,-2.9066254611206057,False
7,47,40,-2.906630136871338,False
92,154,62,-2.906701361846924,False
2,48,46,-2.9067875704956054,False
19,112,93,-2.9069976824951174,False
33,150,117,-2.9072044052124024,False
23,108,85,-2.907401968383789,False
21,34,13,-2.9074192904663088,False
63,141,78,-2.907517435913086,False
89,132,43,-2.907558647460937,False
8,62,54,-2.9077174899291993,False
51,103,52,-2.90776212890625,False
35,130,95,-2.9077975018310545,False
25,63,38,-2.907924924926758,False
76,111,35,-2.9079975122070314,False
63,142,79,-2.9080445510864257,False
43,144,101,-2.908096969909668,False
12,147,135,-2.9085498849487306,False
21,64,43,-2.9086323718261715,False
47,119,72,-2.9088151800537108,False
24,94,70,-2.9088576152038574,False
105,152,47,-2.909101555786133,False
49,146,97,-2.9094754092407227,False
14,35,21,-2.9096813275146483,False
87,152,65,-2.9097556646728515,False
55,157,102,-2.909802805786133,False
11,45,34,-2.909924375305176,False
91,133,42,-2.910157967224121,False
43,130,87,-2.910208620300293,False
48,152,104,-2.9103664280700685,False
7,66,59,-2.910688649902344,False
49,121,72,-2.910701749572754,False
37,78,41,-2.9108568664550782,False
63,152,89,-2.9110368075561524,False
83,152,69,-2.9115364352416995,False
43,134,91,-2.9115635366821286,False
67,113,46,-2.911640816040039,False
134,148,14,-2.911711436767578,False
16,102,86,-2.9119770697021488,False
83,151,68,-2.912186858215332,False
63,123,60,-2.9124735272216795,False
75,154,79,-2.9125627731323243,False
6,44,38,-2.912565541992188,False
52,136,84,-2.912791025085449,False
61,150,89,-2.9128847454833986,False
78,123,45,-2.9129125265502926,False
37,117,80,-2.9129664703369142,False
85,133,48,-2.913161616821289,False
24,124,100,-2.913207043762207,False
29,99,70,-2.9132513415527344,False
56,114,58,-2.9133598947143553,False
3,72,69,-2.913481473083496,False
3,65,62,-2.9135950985717773,False
46,129,83,-2.913651557006836,False
77,116,39,-2.9138272494506836,False
50,80,30,-2.913891254882812,False
39,71,32,-2.913935036315918,False
63,151,88,-2.9139896621704104,False
85,148,63,-2.914282080383301,False
66,108,42,-2.9143323532104493,False
54,139,85,-2.9143821533203123,False
42,115,73,-2.9144484982299805,False
4,66,62,-2.915098961486817,False
52,144,92,-2.915125592803955,False
4,65,61,-2.9151395223999024,False
49,124,75,-2.9151948193359374,False
8,46,38,-2.9151978747558593,False
14,134,120,-2.9152956042480467,False
84,148,64,-2.915408877258301,False
62,155,93,-2.9155367309570313,False
61,140,79,-2.915552933959961,False
73,155,82,-2.915652463378906,False
40,142,102,-2.9156575988769533,False
94,154,60,-2.915854005432129,False
54,157,103,-2.9158868270874025,False
25,107,82,-2.91612961517334,False
70,105,35,-2.9161537442016603,False
5,55,50,-2.9163557464599608,False
51,158,107,-2.916378956604004,False
22,63,41,-2.9165665045166014,False
65,125,60,-2.9166389532470705,False
39,138,99,-2.916645594482422,False
62,153,91,-2.9166670642089843,False
30,132,102,-2.916740095214844,False
66,130,64,-2.9167781115722655,False
45,128,83,-2.9167892245483396,False
38,146,108,-2.9169422161865235,False
86,136,50,-2.917049784545898,False
10,53,43,-2.917457994995117,False
53,138,85,-2.9175344857788086,False
89,129,40,-2.9176879684448243,False
47,117,70,-2.9177146453857423,False
33,98,65,-2.9179281192016604,False
110,139,29,-2.917948709411621,False
10,89,79,-2.9182227645874024,False
20,101,81,-2.918389814300537,False
22,62,40,-2.918407131958008,False
89,131,42,-2.9184320651245117,False
84,146,62,-2.9185016864013673,False
57,114,57,-2.918963949584961,False
54,151,97,-2.9190397842407227,False
6,47,41,-2.9190949838256834,False
7,149,142,-2.9191389843750004,False
64,131,67,-2.9198408685302732,False
29,64,35,-2.919890540161133,False
79,122,43,-2.9199105810546877,False
82,151,69,-2.9202981286621097,False
77,122,45,-2.9203215338134765,False
35,117,82,-2.920357876586914,False
8,135,127,-2.920449400024414,False
35,63,28,-2.9204569912719727,False
12,62,50,-2.920490102844238,False
93,130,37,-2.9209727743530274,False
56,146,90,-2.9210704135131835,False
41,143,102,-2.9211758291625975,False
95,131,36,-2.9212221981811526,False
45,132,87,-2.9213755322265627,False
92,128,36,-2.921450449829101,False
54,135,81,-2.9214823526000977,False
48,110,62,-2.9214878039550785,False
74,112,38,-2.9217978189086913,False
63,127,64,-2.9218303683471682,False
32,148,116,-2.9219215078735354,False
57,145,88,-2.9219646463012694,False
110,140,30,-2.922072357177734,False
49,114,65,-2.9222861166381837,False
50,79,29,-2.922509169921875,False
27,106,79,-2.9225133697509764,False
47,128,81,-2.922691618041992,False
59,135,76,-2.922711134338379,False
128,146,18,-2.923057504272461,False
88,129,41,-2.923224436950684,False
54,153,99,-2.923333629150391,False
70,112,42,-2.923370557861328,False
24,98,74,-2.9235389067077637,False
48,133,85,-2.923547276611328,False
4,55,51,-2.9236867892456053,False
88,145,57,-2.923915014038086,False
3,55,52,-2.923920093078613,False
109,148,39,-2.92398453704834,False
13,61,48,-2.923993937072754,False
48,134,86,-2.9245806243896486,False
108,138,30,-2.924714479675293,False
88,133,45,-2.9248898306274413,False
68,118,50,-2.9249439404296877,False
59,140,81,-2.924969468383789,False
48,115,67,-2.925098240356445,False
41,145,104,-2.9253028878784177,False
17,101,84,-2.925617666320801,False
53,146,93,-2.9257041622924804,False
51,89,38,-2.9257643411254883,False
7,65,58,-2.925943396911621,False
50,143,93,-2.9259643853759765,False
102,136,34,-2.926115344543457,False
65,120,55,-2.9264030169677735,False
63,124,61,-2.926513715209961,False
86,143,57,-2.9266412283325196,False
88,131,43,-2.92671201965332,False
44,128,84,-2.9267280517578125,False
86,133,47,-2.92674675201416,False
48,127,79,-2.927271007385254,False
54,156,102,-2.9273182147216796,False
39,152,113,-2.927345267333984,False
10,134,124,-2.9274285693359374,False
64,143,79,-2.9277118533325193,False
10,49,39,-2.92780234954834,False
77,115,38,-2.9280267208862307,False
20,92,72,-2.928164537963867,False
3,66,63,-2.9281880645751954,False
53,157,104,-2.92819001159668,False
50,150,100,-2.9283033993530276,False
83,133,50,-2.9285775021362306,False
89,154,65,-2.9290516860961917,False
56,150,94,-2.9290838076782224,False
101,155,54,-2.9290874462890626,False
88,132,44,-2.92924654876709,False
51,151,100,-2.929275653076172,False
41,127,86,-2.929346310119629,False
31,120,89,-2.92948555267334,False
63,113,50,-2.929765020751953,False
86,152,66,-2.9297712860107423,False
56,132,76,-2.929831375427246,False
4,47,43,-2.930106030883789,False
127,148,21,-2.930178564147949,False
28,100,72,-2.930180512695313,False
61,128,67,-2.93042195892334,False
19,63,44,-2.9305178715515137,False
41,149,108,-2.930562825317383,False
72,123,51,-2.930646025695801,False
130,145,15,-2.9309735293579102,False
9,60,51,-2.930976374206543,False
29,90,61,-2.9310460626220705,False
17,90,73,-2.9312758340454104,False
109,149,40,-2.9314888696289065,False
2,51,49,-2.9315968432617185,False
77,154,77,-2.931650471496582,False
78,122,44,-2.9317646542358395,False
6,38,32,-2.931847352600098,False
23,126,103,-2.9321185061645507,False
53,133,80,-2.932186381225586,False
63,136,73,-2.93244807800293,False
16,61,45,-2.9324683666992186,False
50,151,101,-2.932684364929199,False
83,150,67,-2.932846806640625,False
63,153,90,-2.932966506347656,False
98,131,33,-2.932966770935059,False
96,137,41,-2.9330679748535156,False
40,112,72,-2.933082875976562,False
51,88,37,-2.933166491699219,False
53,143,90,-2.9332333822631833,False
38,147,109,-2.93335565246582,False
87,133,46,-2.9334449008178707,False
37,146,109,-2.933449260253906,False
6,40,34,-2.933632007446289,False
62,133,71,-2.933880979919434,False
68,156,88,-2.9339465469360353,False
84,143,59,-2.9339734765625,False
42,149,107,-2.9341379888916017,False
53,151,98,-2.934296073303223,False
14,34,20,-2.934315732116699,False
77,123,46,-2.9345178646850583,False
59,141,82,-2.934657989501953,False
80,152,72,-2.9347702850341797,False
41,126,85,-2.9348327026367187,False
41,115,74,-2.934834846496582,False
55,146,91,-2.934897784729004,False
13,145,132,-2.935000601196289,False
57,149,92,-2.9350378170776366,False
95,154,59,-2.9351097515869142,False
37,143,106,-2.935120527038574,False
16,58,42,-2.9351545700073243,False
94,135,41,-2.9352058764648437,False
87,146,59,-2.935271816101074,False
69,125,56,-2.9353038131713864,False
95,139,44,-2.9353396075439453,False
48,121,73,-2.93540856262207,False
43,131,88,-2.9354170877075196,False
55,153,98,-2.9356408599853516,False
78,116,38,-2.935697802429199,False
84,145,61,-2.9357498931884765,False
12,63,51,-2.935804927368164,False
56,152,96,-2.9358170571899413,False
38,99,61,-2.9359639254760745,False
24,38,14,-2.9360428283691404,False
71,126,55,-2.936176635437012,False
3,69,66,-2.936185411071777,False
56,130,74,-2.936197988586426,False
51,145,94,-2.9362209985351564,False
35,151,116,-2.936430183105469,False
46,89,43,-2.936533946380615,False
22,64,42,-2.9366473794555663,False
82,150,68,-2.9370066882324215,False
53,144,91,-2.9371418771362303,False
12,146,134,-2.937291694030762,False
76,126,50,-2.9373790908813477,False
25,64,39,-2.937382024536133,False
3,73,70,-2.9374419653320314,False
39,151,112,-2.937443383483887,False
10,52,42,-2.9374650241088864,False
48,120,72,-2.9376171109008786,False
74,120,46,-2.937967403869629,False
110,141,31,-2.9381152267456057,False
12,42,30,-2.938120189819336,False
88,122,34,-2.9381317681884767,False
58,132,74,-2.9382907125854496,False
23,99,76,-2.938384806213379,False
26,134,108,-2.938531923828125,False
35,152,117,-2.9385798330688475,False
25,135,110,-2.938734934387207,False
75,133,58,-2.9388273864746095,False
81,142,61,-2.938886143493652,False
39,136,97,-2.9388909301757815,False
64,120,56,-2.938947394714355,False
63,139,76,-2.9391019479370115,False
56,144,88,-2.9391353242492677,False
29,106,77,-2.9391527423095702,False
93,152,59,-2.9391889865112306,False
24,37,13,-2.939575655822754,False
43,129,86,-2.9398057330322267,False
65,113,48,-2.939942240600586,False
9,62,53,-2.939992799682617,False
133,149,16,-2.940051193847656,False
53,85,32,-2.9400836236572268,False
66,157,91,-2.9405588333129886,False
4,54,50,-2.940589967651367,False
48,119,71,-2.9407669311523437,False
79,116,37,-2.940772428894043,False
73,122,49,-2.9409298013305665,False
78,124,46,-2.9409787799072267,False
51,87,36,-2.941053444519043,False
5,147,142,-2.9411404141235353,False
99,134,35,-2.9412551657104493,False
35,103,68,-2.941477984008789,False
36,144,108,-2.94178926940918,False
81,140,59,-2.941948801879883,False
108,150,42,-2.941968400878906,False
55,145,90,-2.9419976376342776,False
14,63,49,-2.9420162579345703,False
39,130,91,-2.942048171386719,False
72,126,54,-2.942088447265625,False
18,33,15,-2.942185759277344,False
5,46,41,-2.942222378540039,False
88,154,66,-2.9422431393432618,False
81,152,71,-2.942519669189453,False
63,133,70,-2.9426964016723636,False
90,141,51,-2.942753273010254,False
37,130,93,-2.943699558105469,False
37,98,61,-2.9438622622680666,False
63,125,62,-2.9440070294189455,False
63,135,72,-2.944110196838379,False
49,119,70,-2.944303787231445,False
50,144,94,-2.9444300274658204,False
26,63,37,-2.9449400869750977,False
40,143,103,-2.945124827270508,False
49,148,99,-2.9454792770385745,False
28,122,94,-2.9456086685180667,False
60,151,91,-2.945638494567871,False
93,128,35,-2.9456456503295896,False
56,155,99,-2.9458531942749024,False
87,137,50,-2.945882224731445,False
9,64,55,-2.945950123596192,False
134,147,13,-2.9459571560668945,False
62,113,51,-2.945979465637207,False
37,147,110,-2.946048909606934,False
91,124,33,-2.946377778015137,False
2,52,50,-2.9463823800659177,False
3,56,53,-2.9465137579345706,False
18,138,120,-2.94661760345459,False
80,140,60,-2.9466618060302734,False
79,126,47,-2.946831963806152,False
3,47,44,-2.9469302084350586,False
82,116,34,-2.9471403793334963,False
59,152,93,-2.9472115039062503,False
50,156,106,-2.9472481048583985,False
9,134,125,-2.9473868701171875,False
34,118,84,-2.947406612548828,False
59,132,73,-2.947435206604004,False
48,136,88,-2.947608877258301,False
93,137,44,-2.9477289120483396,False
9,89,80,-2.9478965335083007,False
28,105,77,-2.947946826171875,False
62,154,92,-2.9479668392944336,False
55,144,89,-2.9480592025756835,False
131,144,13,-2.9481878897094727,False
86,137,51,-2.948477511291504,False
17,112,95,-2.9485372817993163,False
39,131,92,-2.948601055603027,False
83,143,60,-2.9487872784423828,False
105,137,32,-2.9488358514404296,False
92,129,37,-2.9490257943725586,False
91,129,38,-2.949094441833496,False
54,145,91,-2.9492074014282226,False
69,119,50,-2.9493190277099606,False
30,119,89,-2.9494075588989257,False
54,141,87,-2.949655053405762,False
97,136,39,-2.949655971374512,False
16,59,43,-2.9496890890502927,False
3,74,71,-2.9497164892578125,False
6,37,31,-2.9497613116455077,False
129,148,19,-2.9501319116210936,False
21,110,89,-2.9501790658569336,False
78,152,74,-2.9502117013549807,False
57,129,72,-2.950329672241211,False
26,64,38,-2.951196111755371,False
128,149,21,-2.9514842053222656,False
13,147,134,-2.9515041369628907,False
12,38,26,-2.95156419128418,False
17,139,122,-2.9516075076293946,False
41,125,84,-2.9516533853149416,False
43,118,75,-2.951743532104492,False
61,127,66,-2.951819726257324,False
73,113,40,-2.95197996673584,False
66,121,55,-2.952046362915039,False
53,135,82,-2.9520615734863282,False
54,140,86,-2.9521167404174804,False
64,111,47,-2.9522987658691404,False
83,148,65,-2.952303635253906,False
83,146,63,-2.9524427059936524,False
68,113,45,-2.9525202169799805,False
17,102,85,-2.9528533450317385,False
11,148,137,-2.953309404602051,False
30,105,75,-2.9534131579589844,False
131,149,18,-2.953521551513672,False
95,138,43,-2.9536590823364257,False
90,132,42,-2.9539846307373048,False
39,68,29,-2.9540956823730466,False
15,64,49,-2.9542060873413085,False
41,117,76,-2.9542859777832033,False
93,154,61,-2.9543655883789066,False
72,125,53,-2.954376811828613,False
6,45,39,-2.9544335049438475,False
31,103,72,-2.9545154318237303,False
9,106,97,-2.954629044189453,False
64,152,88,-2.9548011074829104,False
16,60,44,-2.9550741871643065,False
21,62,41,-2.9552485659790038,False
34,98,64,-2.955416116027832,False
110,146,36,-2.955421731262207,False
15,89,74,-2.9554318685913086,False
8,136,128,-2.9554851959228516,False
40,152,112,-2.955597230224609,False
41,116,75,-2.9556068011474608,False
90,134,44,-2.955650331726074,False
8,49,41,-2.955812631530762,False
12,60,48,-2.955911276245117,False
23,41,18,-2.956427264404297,False
3,145,142,-2.956460184326172,False
50,89,39,-2.956478094177246,False
79,125,46,-2.956500589904785,False
61,143,82,-2.956635887145996,False
39,74,35,-2.956638775024414,False
26,93,67,-2.9566745498657228,False
133,147,14,-2.9567530041503907,False
31,119,88,-2.956821792297363,False
24,125,101,-2.9568328372192383,False
83,154,71,-2.9568933560180666,False
59,142,83,-2.956977068786621,False
7,36,29,-2.9570961740112303,False
10,46,36,-2.957158395996094,False
77,153,76,-2.957163136291504,False
39,132,93,-2.9572112393188474,False
42,116,74,-2.957314132385254,False
6,81,75,-2.957380805358887,False
66,110,44,-2.957426701965332,False
57,115,58,-2.957483646850586,False
18,62,44,-2.9577506700134277,False
3,141,138,-2.9577674302673342,False
52,149,97,-2.957995407409668,False
64,141,77,-2.958027601318359,False
54,148,94,-2.958052127990723,False
71,110,39,-2.958436944274902,False
50,153,103,-2.9584560546875,False
18,40,22,-2.958588989562988,False
47,132,85,-2.9587380197143553,False
36,143,107,-2.9587958731079103,False
67,156,89,-2.9589984692382814,False
9,44,35,-2.959026623840332,False
78,133,55,-2.9590921896362303,False
4,71,67,-2.9592816979980467,False
22,102,80,-2.9592908407592775,False
55,114,59,-2.9593124020385746,False
47,133,86,-2.959553698120117,False
19,130,111,-2.959614917297363,False
92,127,35,-2.9596604989624025,False
71,112,41,-2.959753818664551,False
40,144,104,-2.9597773794555664,False
21,128,107,-2.9598737857055664,False
82,142,60,-2.960020159301758,False
82,140,58,-2.960102504882813,False
16,140,124,-2.960114138793945,False
56,131,75,-2.960123472290039,False
50,140,90,-2.9603016757202147,False
36,63,27,-2.96039616027832,False
62,122,60,-2.960447433166504,False
28,91,63,-2.9605473110961915,False
81,132,51,-2.9606288888549805,False
34,80,46,-2.960677435913086,False
49,115,66,-2.9607220364379883,False
36,142,106,-2.9607581423950196,False
7,41,34,-2.9609380236816407,False
77,126,49,-2.9611333209228516,False
67,127,60,-2.9611468545532227,False
96,155,59,-2.9611549392700196,False
5,79,74,-2.961170614318848,False
37,142,105,-2.9612646160888674,False
14,102,88,-2.9613444787597656,False
67,106,39,-2.961468215026856,False
41,148,107,-2.9617364553833005,False
21,101,80,-2.961852676544189,False
9,45,36,-2.9619289138793947,False
56,115,59,-2.961956002807617,False
87,134,47,-2.9620064514160154,False
7,40,33,-2.9623965075683594,False
61,114,53,-2.9624283721923828,False
73,120,47,-2.9624555572509768,False
85,145,60,-2.9624637100219724,False
16,89,73,-2.9624677676391604,False
86,129,43,-2.962546192016602,False
62,141,79,-2.962830383911133,False
52,146,94,-2.9628413763427734,False
50,155,105,-2.9629310818481445,False
35,143,108,-2.9630381249999997,False
37,132,95,-2.9630530920410156,False
65,153,88,-2.963108407287598,False
8,42,34,-2.9632652786254883,False
22,137,115,-2.9636039462280275,False
110,145,35,-2.96367257019043,False
5,139,134,-2.9637462007141115,False
49,152,103,-2.9638987265014647,False
133,146,13,-2.9639078424072265,False
53,83,30,-2.963986675415039,False
55,132,77,-2.9640593450927737,False
30,120,90,-2.9641309091186523,False
3,54,51,-2.964177048034668,False
68,128,60,-2.9641986236572264,False
22,93,71,-2.9643480517578125,False
39,102,63,-2.964448298034668,False
87,150,63,-2.9645147302246095,False
41,147,106,-2.9646549114990237,False
102,153,51,-2.9647138076782227,False
22,36,14,-2.9647951095581058,False
9,46,37,-2.964966392211914,False
58,145,87,-2.9650680569458006,False
97,135,38,-2.9651987786865233,False
35,129,94,-2.9653804910278323,False
10,63,53,-2.9654338610839845,False
66,129,63,-2.965514380187988,False
69,129,60,-2.965537955932617,False
67,114,47,-2.96564993347168,False
14,139,125,-2.965652848510742,False
82,145,63,-2.965710215148926,False
90,126,36,-2.965944910888672,False
78,142,64,-2.9662676379394535,False
51,114,63,-2.9662937028503418,False
52,148,96,-2.9664440286254883,False
66,120,54,-2.9664458221435543,False
41,119,78,-2.9664779467773434,False
10,44,34,-2.96671404296875,False
48,132,84,-2.9667265838623047,False
25,98,73,-2.9668133122253417,False
20,138,118,-2.967034491882324,False
54,132,78,-2.9671603524780275,False
54,152,98,-2.9673072482299805,False
130,150,20,-2.9674078216552737,False
38,78,40,-2.967472315979004,False
42,130,88,-2.9675052197265623,False
54,143,89,-2.967529991760254,False
79,152,73,-2.967736755065918,False
65,156,91,-2.96776126953125,False
10,109,99,-2.967939124145508,False
72,107,35,-2.967953328552246,False
22,37,15,-2.9679700415039063,False
67,115,48,-2.968008621826172,False
48,126,78,-2.968130177612305,False
59,131,72,-2.968157416992187,False
61,122,61,-2.968177879638672,False
38,143,105,-2.968379097595215,False
38,136,98,-2.968417241821289,False
53,134,81,-2.9684381393432617,False
12,41,29,-2.9685364285278317,False
4,145,141,-2.9685546783447263,False
64,138,74,-2.968567052001953,False
47,130,83,-2.9686096643066406,False
12,40,28,-2.968758660888672,False
37,116,79,-2.968878374633789,False
39,101,62,-2.9691224703979495,False
36,130,94,-2.9691450064086915,False
5,54,49,-2.969187478942871,False
8,63,55,-2.969219404296875,False
62,131,69,-2.9692408129882812,False
21,137,116,-2.969672229003906,False
24,40,16,-2.969672537536621,False
3,75,72,-2.9701540658569336,False
79,123,44,-2.9703965869140623,False
46,84,38,-2.9704250549316407,False
87,136,49,-2.9707789126586914,False
107,150,43,-2.9709328796386716,False
109,147,38,-2.9709684423828127,False
53,82,29,-2.9711556222534177,False
40,120,80,-2.9712065798950196,False
39,144,105,-2.9714539016723633,False
84,144,60,-2.97152166809082,False
81,124,43,-2.9716375161743165,False
68,119,51,-2.9717614236450194,False
76,154,78,-2.971807767333984,False
86,134,48,-2.9719296224975587,False
41,128,87,-2.972040573425293,False
8,149,141,-2.9720985342407227,False
73,108,35,-2.9723113459777832,False
19,138,119,-2.972388570861816,False
90,123,33,-2.9726164456176756,False
2,53,51,-2.972971636047363,False
51,80,29,-2.9730962185668943,False
49,147,98,-2.9731700668334957,False
7,86,79,-2.9734952627563476,False
94,137,43,-2.9740908248901365,False
67,130,63,-2.974238302001953,False
74,153,79,-2.9743333673095704,False
55,152,97,-2.9743484225463868,False
21,65,44,-2.974514458312988,False
68,115,47,-2.9745302197265624,False
4,140,136,-2.974699265594482,False
44,118,74,-2.9747025808715817,False
55,151,96,-2.9747387060546875,False
52,79,27,-2.975002036743164,False
79,132,53,-2.9751767575073242,False
37,64,27,-2.975392033996582,False
31,84,53,-2.97545292388916,False
62,152,90,-2.9754641647338866,False
3,46,43,-2.9755450830078125,False
44,129,85,-2.975596459350586,False
6,65,59,-2.9756979205322267,False
50,149,99,-2.9757681091308594,False
83,147,64,-2.975810119628906,False
88,117,29,-2.9758113931274415,False
77,125,48,-2.9758213891601564,False
69,113,44,-2.976059196166992,False
10,51,41,-2.9760780807495117,False
66,125,59,-2.976109157714844,False
62,140,78,-2.9762501837158206,False
2,50,48,-2.9763448385620115,False
25,65,40,-2.976390767211914,False
55,148,93,-2.976527782592773,False
96,138,42,-2.9765398907470706,False
131,145,14,-2.9765403018188477,False
130,149,19,-2.9768146752929687,False
25,93,68,-2.976848268737793,False
79,118,39,-2.977133109741211,False
32,100,68,-2.9772595635986328,False
90,137,47,-2.9774321206665038,False
72,121,49,-2.977582487487793,False
13,42,29,-2.9778091915893556,False
64,151,87,-2.9778179122924806,False
65,150,85,-2.9778469924926756,False
92,152,60,-2.977930249633789,False
32,81,49,-2.9779382528686527,False
13,40,27,-2.978058541564941,False
48,130,82,-2.97847768157959,False
37,150,113,-2.978587627563477,False
46,87,41,-2.978664872131348,False
96,139,43,-2.97886397857666,False
52,157,105,-2.9789716619873046,False
74,123,49,-2.9789842550659182,False
48,155,107,-2.9790097842407226,False
41,118,77,-2.9790568487548827,False
48,135,87,-2.9791500299072267,False
38,133,95,-2.979201029052734,False
32,118,86,-2.979404657287598,False
79,133,54,-2.9795641787719727,False
33,117,84,-2.979743465576172,False
56,154,98,-2.9798005569458006,False
41,122,81,-2.979889895324707,False
62,142,80,-2.980078254699707,False
33,81,48,-2.980341141662598,False
19,91,72,-2.9806331842041014,False
74,111,37,-2.9808931057739256,False
16,113,97,-2.980967026062012,False
35,118,83,-2.9810461312866208,False
19,129,110,-2.9810701055908204,False
7,46,39,-2.981141471862793,False
42,129,87,-2.9815132836914064,False
13,41,28,-2.9815437786865235,False
88,130,42,-2.9815552441406252,False
42,117,75,-2.981733986206055,False
81,116,35,-2.981821904602051,False
2,49,47,-2.981890346069336,False
65,129,64,-2.9819444525146483,False
64,153,89,-2.982054626159668,False
72,113,41,-2.982066558227539,False
71,108,37,-2.9821490536499025,False
22,109,87,-2.9825146716308595,False
75,123,48,-2.9825442556762694,False
89,149,60,-2.982765868530273,False
75,121,46,-2.9829130258178713,False
33,147,114,-2.9829707022094727,False
8,50,42,-2.982985166320801,False
15,139,124,-2.983144189758301,False
74,116,42,-2.9831645336914066,False
9,48,39,-2.983243451843262,False
74,117,43,-2.9837674334716793,False
9,63,54,-2.9838792263793943,False
10,45,35,-2.98400747253418,False
54,146,92,-2.984238329772949,False
66,127,61,-2.9843574499511716,False
87,122,35,-2.9844248828125,False
78,129,51,-2.9846814566040036,False
85,134,49,-2.9848111837768556,False
63,128,65,-2.9849300598144533,False
36,115,79,-2.9851357290649414,False
87,132,45,-2.985364825744629,False
15,137,122,-2.985484752807617,False
65,112,47,-2.9855734756469725,False
64,150,86,-2.985752907104492,False
39,73,34,-2.985984992980957,False
49,138,89,-2.986287256774902,False
67,128,61,-2.9864170468139646,False
76,153,77,-2.9867537799072266,False
87,131,44,-2.9867657040405273,False
16,33,17,-2.986817943725586,False
36,131,95,-2.9868685809326174,False
81,150,69,-2.986882167053223,False
69,127,58,-2.987169593200684,False
48,81,33,-2.987385746459961,False
37,131,94,-2.9873996746826172,False
128,148,20,-2.9875361169433594,False
88,118,30,-2.9876967742919924,False
67,118,51,-2.9880436892700195,False
82,136,54,-2.9880593334960937,False
19,62,43,-2.9883277709960936,False
71,125,54,-2.988337651062012,False
78,125,47,-2.988395316772461,False
71,111,40,-2.9884411306762693,False
107,151,44,-2.988493271789551,False
33,105,72,-2.9889284616088867,False
48,151,103,-2.9889422677612307,False
92,133,41,-2.9890061880493164,False
111,143,32,-2.989093494873047,False
6,39,33,-2.989356066894531,False
6,41,35,-2.9894927044677737,False
80,126,46,-2.9895147061157226,False
39,135,96,-2.9896185424804687,False
91,128,37,-2.9896636639404295,False
51,133,82,-2.989668623352051,False
16,34,18,-2.9896773861694337,False
27,133,106,-2.989717242126465,False
9,42,33,-2.9898414080810545,False
48,114,66,-2.989919172973633,False
18,63,45,-2.99013295791626,False
74,121,47,-2.9901464978027343,False
103,137,34,-2.990298375854492,False
66,112,46,-2.9903185455322268,False
76,121,45,-2.9903668530273437,False
91,127,36,-2.990491126098633,False
88,120,32,-2.990662326965332,False
56,151,95,-2.9908135641479494,False
74,125,51,-2.9909578594970703,False
72,124,52,-2.99104435546875,False
80,133,53,-2.99109522064209,False
40,151,111,-2.9911174395751954,False
86,135,49,-2.9911481826782227,False
78,134,56,-2.991208634338379,False
11,137,126,-2.991230055541992,False
110,144,34,-2.99142411529541,False
40,129,89,-2.991432163696289,False
77,132,55,-2.9915874569702146,False
93,131,38,-2.991606448059082,False
130,148,18,-2.9917332638549805,False
45,86,41,-2.991833594512939,False
31,83,52,-2.9918351794433593,False
47,82,35,-2.9918456564331057,False
73,109,36,-2.991911524353027,False
13,90,77,-2.9919306314086915,False
52,138,86,-2.9921335040283203,False
75,132,57,-2.992137165222168,False
82,141,59,-2.992138440246582,False
51,148,97,-2.9922846850585936,False
13,59,46,-2.9927298699951175,False
9,34,25,-2.9928557611083986,False
88,149,61,-2.992888058776855,False
34,145,111,-2.9928991760253907,False
132,145,13,-2.9929160131835935,False
103,154,51,-2.993117331542969,False
47,134,87,-2.993283855895996,False
50,152,102,-2.9933215185546875,False
49,117,68,-2.993362023925781,False
3,146,143,-2.9935286755371093,False
10,42,32,-2.9936662326049808,False
50,88,38,-2.9937654827880857,False
103,153,50,-2.9938743801879886,False
7,83,76,-2.9941322454833985,False
29,62,33,-2.9941388818359376,False
68,106,38,-2.9942144439697267,False
21,129,108,-2.994273353881836,False
6,66,60,-2.99439205078125,False
69,106,37,-2.9944005929565427,False
62,132,70,-2.994430480041504,False
8,48,40,-2.994694619445801,False
61,145,84,-2.9947544885253903,False
9,135,126,-2.9947627935791017,False
69,128,59,-2.9948748068237303,False
129,146,17,-2.995035862121582,False
72,155,83,-2.9952102273559573,False
34,104,70,-2.995226092376709,False
20,129,109,-2.9954549490356444,False
4,46,42,-2.9955202017211913,False
40,132,92,-2.9956126861572265,False
40,125,85,-2.995972777404785,False
96,140,44,-2.996005335083008,False
6,138,132,-2.9960896975708007,False
51,149,98,-2.9961331582641604,False
23,36,13,-2.996197430114746,False
65,130,65,-2.996275948791504,False
78,118,40,-2.9963361938476565,False
62,127,65,-2.996341623535156,False
88,152,64,-2.9965838552856447,False
24,39,15,-2.996809192199707,False
20,63,43,-2.996842100830078,False
96,153,57,-2.996843382263184,False
71,121,50,-2.9969372241210936,False
41,133,92,-2.9969437051391603,False
24,93,69,-2.997002781677246,False
32,131,99,-2.997177791442871,False
64,139,75,-2.997207457885742,False
74,118,44,-2.9972209341430665,False
60,123,63,-2.9972455667114257,False
101,135,34,-2.9972584230041504,False
31,102,71,-2.997403849182129,False
127,147,20,-2.997597060852051,False
49,89,40,-2.9976230590820316,False
21,37,16,-2.9976233166503907,False
36,79,43,-2.9977014978027343,False
21,35,14,-2.997802551574707,False
4,146,142,-2.9978144427490236,False
9,33,24,-2.9979891287231446,False
77,117,40,-2.998028777770996,False
49,125,76,-2.998079943847656,False
109,144,35,-2.998137177429199,False
88,121,33,-2.9983046902465817,False
52,153,101,-2.9983216537475585,False
24,135,111,-2.998465142211914,False
20,33,13,-2.998670355529785,False
67,145,78,-2.998673455810547,False
68,130,62,-2.998873793334961,False
82,144,62,-2.9991503118896485,False
54,116,62,-2.9991574737548827,False
16,63,47,-2.9993705908203125,False
16,132,116,-2.999382507019043,False
11,34,23,-2.9995190908813476,False
85,146,61,-2.9997461557006835,False
49,151,102,-2.9998200756835938,False
21,63,42,-2.9999604000854494,False
51,81,30,-3.0006287951660155,False
60,124,64,-3.0006629971313474,False
37,104,67,-3.000880416107178,False
17,33,16,-3.0009972106933596,False
77,133,56,-3.0010237838745115,False
63,132,69,-3.0011768127441405,False
49,133,84,-3.0012233685302734,False
91,134,43,-3.0012710430908203,False
34,149,115,-3.0012753155517577,False
93,138,45,-3.0013104193115234,False
57,116,59,-3.0013980627441406,False
52,86,34,-3.0014471337890627,False
107,138,31,-3.001676641845703,False
91,152,61,-3.0021129385375978,False
15,135,120,-3.0022261276245117,False
22,39,17,-3.002252915649414,False
13,134,121,-3.0022889343261716,False
71,124,53,-3.002325858154297,False
87,129,42,-3.00235604888916,False
47,135,88,-3.0023798760986327,False
75,126,51,-3.002572710876465,False
48,117,69,-3.002845230102539,False
74,126,52,-3.0029104891967773,False
79,124,45,-3.002993055419922,False
85,136,51,-3.003047600708008,False
82,149,67,-3.0030787225341795,False
20,111,91,-3.003156862487793,False
27,105,78,-3.003222321777344,False
50,145,95,-3.003329673461914,False
11,33,22,-3.0035390591430664,False
75,120,45,-3.0037795458984378,False
48,90,42,-3.0038769934082032,False
29,105,76,-3.0041190704345704,False
40,134,94,-3.0041595437622073,False
26,92,66,-3.0041633657836915,False
85,143,58,-3.0043761447143553,False
38,121,83,-3.0044582135009765,False
83,115,32,-3.004688349609375,False
40,131,91,-3.0046904931640626,False
51,137,86,-3.004745040283203,False
40,150,110,-3.0047560736083985,False
10,50,40,-3.0047704223632814,False
76,123,47,-3.0049870892333983,False
52,78,26,-3.0049966796875003,False
57,146,89,-3.0050344171142576,False
27,99,72,-3.005065231628418,False
39,150,111,-3.005323006591797,False
57,144,87,-3.0054231185913087,False
77,127,50,-3.0055382290649413,False
82,146,64,-3.0056144863891605,False
50,115,65,-3.005740753173828,False
81,141,60,-3.0059009478759764,False
81,151,70,-3.0059694680786135,False
29,63,34,-3.006016000366211,False
51,136,85,-3.006193613586426,False
57,148,91,-3.0065361535644533,False
24,65,41,-3.006538674316406,False
5,145,140,-3.0065668975830078,False
64,156,92,-3.0066149520874026,False
84,154,70,-3.0066379418945313,False
50,154,104,-3.0066774174499513,False
38,135,97,-3.0067135498046875,False
89,126,37,-3.006810628051758,False
89,141,52,-3.006844226989746,False
51,157,106,-3.0068477932739257,False
84,133,49,-3.0071641400146483,False
67,110,43,-3.007180990600586,False
60,143,83,-3.007442490234375,False
24,100,76,-3.007459164428711,False
6,148,142,-3.007668026428223,False
35,144,109,-3.007855467529297,False
102,154,52,-3.008049911499023,False
50,139,89,-3.0082275439453126,False
59,151,92,-3.0082293087768557,False
34,148,114,-3.0085992706298827,False
94,131,37,-3.0086875897216796,False
93,140,47,-3.0089474664306644,False
54,115,61,-3.0090112615966795,False
64,112,48,-3.0091236535644534,False
53,153,100,-3.0093210327148436,False
77,120,43,-3.0093607696533207,False
85,114,29,-3.009375915527344,False
70,124,54,-3.0094411264038086,False
12,39,27,-3.0096192434692384,False
47,118,71,-3.00963657623291,False
86,138,52,-3.009640238647461,False
69,112,43,-3.0097138970947266,False
60,150,90,-3.0097847317504884,False
86,146,60,-3.00985907409668,False
64,135,71,-3.0098695541381835,False
12,35,23,-3.0100326699829103,False
31,82,51,-3.010088469543457,False
65,127,62,-3.0101181213378907,False
80,124,44,-3.010124450378418,False
87,130,43,-3.0101942047119143,False
76,120,44,-3.0103342694091797,False
35,131,96,-3.010538526916504,False
4,70,66,-3.0105741955566407,False
29,100,71,-3.010598835144043,False
23,65,42,-3.0106880783081054,False
7,138,131,-3.0106950537109376,False
39,76,37,-3.0107014752197268,False
17,41,24,-3.0108031408691405,False
70,153,83,-3.010836219482422,False
70,106,36,-3.0109125662231446,False
95,140,45,-3.0110608395385743,False
58,143,85,-3.0111327069091796,False
70,117,47,-3.0111696417236327,False
3,67,64,-3.0111875936889647,False
17,89,72,-3.011289037475586,False
7,85,78,-3.0112947512817385,False
128,147,19,-3.0113048483276366,False
60,145,85,-3.011415486755371,False
63,140,77,-3.0117306066894534,False
61,124,63,-3.011888911132812,False
60,128,68,-3.011890737609863,False
109,139,30,-3.012007664794922,False
27,100,73,-3.012014442138672,False
89,125,36,-3.0121642333984378,False
20,41,21,-3.012225609741211,False
49,134,85,-3.012396240234375,False
13,58,45,-3.012437414855957,False
86,150,64,-3.0125307528686522,False
80,150,70,-3.0126528518676756,False
71,117,46,-3.012811234741211,False
7,38,31,-3.0128165103149414,False
86,148,62,-3.0129910235595703,False
70,121,51,-3.0130163369750975,False
40,124,84,-3.013167337341309,False
78,144,66,-3.0131908126831055,False
22,65,43,-3.013302409667969,False
25,104,79,-3.013465718078613,False
62,125,63,-3.013504909057617,False
86,141,55,-3.013632877807617,False
50,122,72,-3.0136529187011716,False
90,136,46,-3.013812173156738,False
71,153,82,-3.0141473364257814,False
51,134,83,-3.014237118835449,False
27,91,64,-3.014439734802246,False
85,144,59,-3.0144513864135742,False
66,114,48,-3.0144841757202148,False
59,129,70,-3.0144858834838866,False
100,135,35,-3.0145141026306153,False
10,64,54,-3.0146804986572264,False
12,145,133,-3.0146981491088867,False
65,143,78,-3.0148884686279294,False
67,107,40,-3.014941092224121,False
81,144,63,-3.014982927246094,False
73,111,38,-3.0151176596069336,False
52,151,99,-3.0153705838012694,False
37,103,66,-3.015557536621094,False
39,143,104,-3.0156272705078124,False
63,112,49,-3.0156991851806643,False
32,119,87,-3.0157729013061525,False
25,105,80,-3.0158443392944334,False
49,137,88,-3.016098797302246,False
67,119,52,-3.0161694219970707,False
64,132,68,-3.0164169369506837,False
20,64,44,-3.016550744934082,False
81,149,68,-3.0166526147460937,False
52,156,104,-3.016671777038574,False
71,142,71,-3.0167446923828125,False
9,35,26,-3.0168078335571287,False
45,129,84,-3.0169866104125975,False
53,156,103,-3.017195742492676,False
75,153,78,-3.0173645971679686,False
54,144,90,-3.017498820800781,False
74,124,50,-3.017652711791992,False
28,133,105,-3.017715345458984,False
62,143,81,-3.017783616027832,False
36,116,80,-3.0177979931640624,False
51,152,101,-3.01786000579834,False
12,89,77,-3.017910016784668,False
21,39,18,-3.0180143649291993,False
48,154,106,-3.0180589334106442,False
3,68,65,-3.0182350955200197,False
108,139,31,-3.018259374694824,False
7,67,60,-3.018333758239746,False
38,100,62,-3.0185507147216795,False
82,143,61,-3.0187149371337894,False
9,136,127,-3.0188278131103514,False
56,148,92,-3.0188444973754884,False
89,123,34,-3.01899155090332,False
6,46,40,-3.019058823852539,False
17,132,115,-3.0192141561889647,False
23,93,70,-3.019288070678711,False
40,145,105,-3.0194468103027345,False
78,117,39,-3.0195401397705077,False
21,92,71,-3.0196273486328122,False
70,126,56,-3.019782301940918,False
11,42,31,-3.0197901629638673,False
89,152,63,-3.0200515423583982,False
38,130,92,-3.020133075866699,False
4,68,64,-3.020233573303223,False
3,77,74,-3.020683448791504,False
82,132,50,-3.020765482788086,False
69,117,48,-3.020794440612793,False
83,142,59,-3.020807338867187,False
130,146,16,-3.0208148385620115,False
49,131,82,-3.0208585290527346,False
4,73,69,-3.021008447570801,False
81,143,62,-3.0210896228027346,False
83,114,31,-3.0211000564575192,False
63,143,80,-3.021234821472168,False
41,130,89,-3.021308855285645,False
4,67,63,-3.021441007080078,False
63,111,48,-3.0215550207519533,False
11,102,91,-3.0216153588867187,False
80,144,64,-3.021678807373047,False
62,123,61,-3.0217510522460937,False
11,147,136,-3.0217827456665036,False
78,126,48,-3.0218218383789064,False
51,138,87,-3.0219175830078124,False
72,117,45,-3.022145305175781,False
12,34,22,-3.0222515707397464,False
110,142,32,-3.0223761221313477,False
40,123,83,-3.022381598510742,False
61,146,85,-3.0224964334106446,False
65,146,81,-3.0225618670654297,False
81,126,45,-3.022665604248047,False
66,118,52,-3.022676551208496,False
88,126,38,-3.0228931390380858,False
129,149,20,-3.0229433438110354,False
81,137,56,-3.0231581381225587,False
48,118,70,-3.02341245513916,False
97,139,42,-3.0235029693603517,False
25,134,109,-3.0235390432739258,False
62,111,49,-3.0235599493408203,False
40,114,74,-3.023623194885254,False
87,148,61,-3.0238841384887696,False
68,114,46,-3.024056022949219,False
88,146,58,-3.024070769348145,False
36,98,62,-3.024121863098144,False
51,156,105,-3.0241457998657224,False
58,129,71,-3.0242737689208985,False
72,153,81,-3.0243319552612307,False
41,134,93,-3.0243760778808593,False
78,141,63,-3.024519092102051,False
53,116,63,-3.0246167562866213,False
83,136,53,-3.024699194641113,False
61,144,83,-3.024799888305664,False
47,129,82,-3.024804962463379,False
50,123,73,-3.0248435159301756,False
6,80,74,-3.024904559326172,False
58,150,92,-3.024922968444824,False
63,150,87,-3.024926642150879,False
73,153,80,-3.024930527648926,False
40,117,77,-3.024940224609375,False
73,123,50,-3.025012831726074,False
24,107,83,-3.02507216583252,False
90,125,35,-3.025088891906738,False
37,120,83,-3.0251673312377934,False
12,102,90,-3.0252096124267576,False
97,155,58,-3.025225309448242,False
38,67,29,-3.025467127685547,False
62,124,62,-3.0255810311889646,False
50,125,75,-3.025718932495117,False
42,118,76,-3.0258036349487307,False
39,145,106,-3.0258554919433593,False
87,151,64,-3.0260587313842775,False
74,132,58,-3.026164636230469,False
21,36,15,-3.0263820693969725,False
98,155,57,-3.0264936810302734,False
64,144,80,-3.0265845541381835,False
34,131,97,-3.0267637176513675,False
52,85,33,-3.0267779614257813,False
53,114,61,-3.0269237213134765,False
89,135,46,-3.027046301574707,False
3,48,45,-3.027156781616211,False
109,146,37,-3.027302350769043,False
91,143,52,-3.027371694946289,False
76,114,38,-3.027384567260742,False
38,116,78,-3.027397468261719,False
31,101,70,-3.0279078466796876,False
40,121,81,-3.0280417514038085,False
61,123,62,-3.02820502532959,False
11,35,24,-3.0283251901245114,False
35,101,66,-3.028338567199707,False
39,142,103,-3.0283568814086914,False
86,147,61,-3.028360028991699,False
90,130,40,-3.0285193749999997,False
85,135,50,-3.028550839538574,False
109,142,33,-3.02884471862793,False
49,118,69,-3.028985874938965,False
87,135,48,-3.029035646362305,False
80,123,43,-3.029312412109375,False
62,128,66,-3.029571167602539,False
72,110,38,-3.0296055706787106,False
58,131,73,-3.029746650695801,False
79,117,38,-3.0299362774658203,False
73,124,51,-3.0301475900268557,False
9,50,41,-3.0302240621948244,False
131,146,15,-3.030322540893555,False
87,147,60,-3.0304063040161133,False
8,137,129,-3.030428528442383,False
24,104,80,-3.0306745223999023,False
21,38,17,-3.0307518936157227,False
51,122,71,-3.030943291015625,False
13,144,131,-3.030973295593262,False
76,117,41,-3.0309896524047852,False
94,152,58,-3.0314446926879883,False
80,116,36,-3.031471491699219,False
89,130,41,-3.0314877557373046,False
52,80,28,-3.031496628112793,False
71,114,43,-3.031720861206055,False
68,117,49,-3.0317295449829103,False
13,38,25,-3.0317621905517576,False
81,134,53,-3.032075032043457,False
39,114,75,-3.032715930480957,False
31,121,90,-3.0328062460327145,False
77,140,63,-3.03284442779541,False
108,149,41,-3.0328462521362303,False
70,125,55,-3.0329052954101563,False
80,122,42,-3.033010262145996,False
65,147,82,-3.033033134765625,False
15,36,21,-3.033042442626953,False
66,115,49,-3.033073345336914,False
101,136,35,-3.0333880337524413,False
93,139,46,-3.033400672302246,False
22,104,82,-3.033478037109375,False
76,118,42,-3.0334934048461912,False
65,152,87,-3.0336165625,False
109,141,32,-3.033723853149414,False
50,121,71,-3.0338267443847657,False
107,149,42,-3.033887797241211,False
62,112,50,-3.0339780017089844,False
72,108,36,-3.034173059387207,False
79,140,61,-3.034177163391113,False
49,154,105,-3.034236818084717,False
14,65,51,-3.034343616027832,False
54,147,93,-3.0343885681152343,False
67,112,45,-3.034495713195801,False
37,71,34,-3.0345317367553712,False
5,146,141,-3.0345389352416996,False
75,125,50,-3.0345502142333984,False
29,120,91,-3.0346150198364255,False
80,149,69,-3.0347994500732423,False
71,127,56,-3.034981322631836,False
80,151,71,-3.0350084399414063,False
52,133,81,-3.0352238372802733,False
7,82,75,-3.0352588583374023,False
55,147,92,-3.0353709494018553,False
15,103,88,-3.0355422775268552,False
7,39,32,-3.0356009750366213,False
79,150,71,-3.0356852981567384,False
39,146,107,-3.0358840069580078,False
9,49,40,-3.0362872808837893,False
78,128,50,-3.0362940225219726,False
60,144,84,-3.03653151763916,False
13,35,22,-3.0366243353271485,False
7,49,42,-3.036671315002441,False
60,126,66,-3.0368136395263674,False
13,39,26,-3.036923933868408,False
76,127,51,-3.037049022216797,False
9,105,96,-3.0371237423706057,False
56,129,73,-3.0371342987060546,False
12,135,123,-3.0371679321289062,False
91,137,46,-3.0373631185913084,False
87,117,30,-3.037633172607422,False
78,135,57,-3.037790341491699,False
34,147,113,-3.0377916986083986,False
53,152,99,-3.0380615353393554,False
23,136,113,-3.0381065811157226,False
76,125,49,-3.038130386047363,False
91,130,39,-3.0382205114746093,False
5,72,67,-3.038234327392578,False
50,116,66,-3.0384329635620118,False
9,51,42,-3.038602926940918,False
64,145,81,-3.038608374633789,False
15,65,50,-3.038633309020996,False
63,156,93,-3.0386486569213864,False
70,107,37,-3.038694489440918,False
75,118,43,-3.0387599392700197,False
89,136,47,-3.0388349462890623,False
79,134,55,-3.0394962576293945,False
35,102,67,-3.039547792053223,False
106,151,45,-3.0395620147705076,False
67,109,42,-3.0397600183105467,False
77,128,51,-3.0397996560668945,False
65,151,86,-3.039835044555664,False
78,131,53,-3.039880299682617,False
16,103,87,-3.0399337237548827,False
13,89,76,-3.0399564837646484,False
76,115,39,-3.040092055053711,False
77,121,44,-3.0400992919921874,False
40,116,76,-3.040152432861328,False
32,103,71,-3.0401706497192382,False
87,141,54,-3.040355824279785,False
61,125,64,-3.040425185852051,False
79,129,50,-3.0405204360961915,False
40,147,107,-3.0405487362670898,False
22,101,79,-3.0406185519409177,False
105,151,46,-3.0406395803833006,False
50,124,74,-3.0407953005981447,False
86,117,31,-3.0408424392700195,False
14,137,123,-3.0408477359008788,False
75,116,41,-3.04092642578125,False
33,149,116,-3.04104466796875,False
26,124,98,-3.041228881225586,False
86,151,65,-3.04149811920166,False
82,134,52,-3.041704295043945,False
26,106,80,-3.0419920401000975,False
23,101,78,-3.0420696041870117,False
29,104,75,-3.0421203274536133,False
36,151,115,-3.0422592141723634,False
51,135,84,-3.042297545776367,False
48,82,34,-3.0423792114257813,False
33,80,47,-3.042480440368652,False
38,65,27,-3.0426003967285156,False
39,72,33,-3.042978854675293,False
51,153,102,-3.0430064276123048,False
28,90,62,-3.043065727844238,False
10,104,94,-3.043118584899902,False
132,148,16,-3.0432215670776364,False
92,130,38,-3.043245510559082,False
14,88,74,-3.043336877746582,False
77,118,41,-3.043691329040527,False
4,75,71,-3.0437012536621095,False
40,146,106,-3.043778602600098,False
39,129,90,-3.0438342291259763,False
70,116,46,-3.043893395385742,False
74,119,45,-3.044078920898438,False
73,154,81,-3.044180157470703,False
76,116,40,-3.044250338745117,False
92,134,42,-3.0442985644531246,False
70,119,49,-3.04441975402832,False
49,132,83,-3.0446904278564455,False
37,118,81,-3.044710213623047,False
41,131,90,-3.044751665649414,False
50,148,98,-3.0450394512939454,False
37,129,92,-3.045150401916504,False
39,75,36,-3.0452905517578124,False
73,112,39,-3.0453935665893552,False
88,125,37,-3.0455091876220703,False
94,139,45,-3.045541385192871,False
17,64,47,-3.0455425537109373,False
74,115,41,-3.0456095791625977,False
132,149,17,-3.0456195968627933,False
82,126,44,-3.0457905279541015,False
24,105,81,-3.0458938992309568,False
51,147,96,-3.0459621597290036,False
11,135,124,-3.0460583865356448,False
48,128,80,-3.0462390393066405,False
96,141,45,-3.0463109252929685,False
86,140,54,-3.046738019104004,False
65,133,68,-3.046792384033203,False
38,132,94,-3.0471449502563477,False
36,104,68,-3.0473170211791993,False
69,115,46,-3.0474967282104495,False
71,136,65,-3.0479700912475587,False
85,129,44,-3.048076652832031,False
77,144,67,-3.04814700592041,False
38,142,104,-3.0481548873901367,False
64,114,50,-3.0482604626464846,False
89,137,48,-3.048340057067871,False
100,136,36,-3.0484162252807616,False
73,125,52,-3.048554482116699,False
93,151,58,-3.0485744763183593,False
81,122,41,-3.048721676025391,False
94,140,46,-3.048745601501465,False
50,146,96,-3.048887954406738,False
47,90,43,-3.048972368927002,False
51,146,95,-3.049118346862793,False
14,36,22,-3.049333747558594,False
34,62,28,-3.049338988647461,False
41,129,88,-3.0493499172973633,False
14,38,24,-3.049403648529053,False
82,135,53,-3.0495501205444335,False
36,145,109,-3.049666040649414,False
5,48,43,-3.0497275415039065,False
64,136,72,-3.0498609451293945,False
38,117,79,-3.0504289544677734,False
38,149,111,-3.0509849670410154,False
61,149,88,-3.0510704458618165,False
15,138,123,-3.0510838360595702,False
89,140,51,-3.051281271362305,False
84,142,58,-3.0513218591308595,False
53,147,94,-3.0514013848876953,False
4,74,70,-3.0514623123168945,False
69,130,61,-3.0515911032104492,False
109,145,36,-3.0516802905273437,False
9,148,139,-3.0520061010742188,False
17,62,45,-3.052219532470703,False
7,37,30,-3.05235044342041,False
7,148,141,-3.0524590307617188,False
36,129,93,-3.052515740661621,False
39,134,95,-3.0525344451904295,False
33,148,115,-3.052708687438965,False
54,155,101,-3.0527511526489257,False
90,135,45,-3.052762303161621,False
34,130,96,-3.0528713088989257,False
49,126,77,-3.0528739440917967,False
132,146,14,-3.0528816995239256,False
64,149,85,-3.052938655395508,False
87,118,31,-3.0530081228637695,False
18,137,119,-3.0530975268554688,False
63,144,81,-3.0531584213256835,False
38,131,93,-3.0532001455688476,False
65,114,49,-3.053646912841797,False
87,138,51,-3.0537527832031253,False
69,153,84,-3.05408008605957,False
12,104,92,-3.0540915158081057,False
11,38,27,-3.054148076477051,False
8,51,43,-3.054329355773926,False
88,119,31,-3.0544764105224607,False
58,144,86,-3.054513370666504,False
87,144,57,-3.0545478021240235,False
31,81,50,-3.054576214599609,False
79,135,56,-3.0546470712280276,False
15,112,97,-3.054894358520508,False
16,41,25,-3.054916497192383,False
81,146,65,-3.0549321517944334,False
58,149,91,-3.0549352410888675,False
77,134,57,-3.0549509838867186,False
98,134,36,-3.055122290039063,False
19,64,45,-3.0552364028930663,False
24,106,82,-3.0555051849365236,False
90,131,41,-3.055973695068359,False
25,66,41,-3.055978082885742,False
23,105,82,-3.05602646484375,False
27,104,77,-3.056219151611328,False
86,142,56,-3.056225349731445,False
104,152,48,-3.056430469055176,False
58,146,88,-3.056453431396484,False
73,126,53,-3.0565773165893555,False
21,66,45,-3.056584384460449,False
5,140,135,-3.0569253015136715,False
49,127,78,-3.056957908325195,False
40,126,86,-3.0569664874267577,False
106,140,34,-3.057053897705078,False
90,142,52,-3.057315512084961,False
30,87,57,-3.0574751971435545,False
72,127,55,-3.057828169555664,False
23,102,79,-3.0582402703857423,False
50,133,83,-3.058267503051758,False
9,53,44,-3.0583369372558593,False
49,136,87,-3.0583830081176755,False
81,123,42,-3.0586570739746093,False
58,148,90,-3.0588554312133787,False
12,33,21,-3.058881982727051,False
93,141,48,-3.059009284362793,False
67,108,41,-3.059225214233398,False
38,148,110,-3.0593385375976565,False
16,112,96,-3.0593743609619137,False
49,88,39,-3.059390044555664,False
5,73,68,-3.059589947814941,False
55,115,60,-3.0596523727416995,False
8,148,140,-3.059832903442383,False
131,148,17,-3.0599045346069333,False
66,116,50,-3.059918244934082,False
82,137,55,-3.0599656857299804,False
67,116,49,-3.0601070812988285,False
60,122,62,-3.060133466491699,False
75,129,54,-3.060178143005371,False
72,119,47,-3.0602418588256834,False
53,118,65,-3.0603622225952147,False
64,140,76,-3.0605632614135745,False
16,64,48,-3.0605829394531248,False
15,88,73,-3.0606536026000977,False
9,65,56,-3.0607623107910156,False
10,102,92,-3.061019378051758,False
21,103,82,-3.061064603881836,False
96,154,58,-3.0610647930908206,False
81,139,58,-3.0612218585205078,False
19,33,14,-3.061311612854004,False
36,152,116,-3.061402664489746,False
15,66,51,-3.0614414135742187,False
34,120,86,-3.061571117248535,False
78,140,62,-3.061919231872559,False
70,114,44,-3.0620610162353517,False
90,152,62,-3.062105461425781,False
15,68,53,-3.0621460528564457,False
132,147,15,-3.062205503234863,False
13,143,130,-3.062210230407715,False
56,116,60,-3.0622580920410156,False
82,147,65,-3.062467459411621,False
36,117,81,-3.062649630432129,False
22,66,44,-3.0627215438842774,False
92,132,40,-3.062932315673828,False
80,141,61,-3.062941919555664,False
70,129,59,-3.0630895523071286,False
35,150,115,-3.063162273864746,False
88,134,46,-3.0633614169311523,False
81,145,64,-3.0635223977661132,False
82,129,47,-3.063523126220703,False
8,65,57,-3.063563102416992,False
68,145,77,-3.0635917849731444,False
68,112,44,-3.063680665588379,False
90,140,50,-3.0638702200317383,False
31,131,100,-3.063910667419434,False
25,106,81,-3.0639654907226563,False
64,146,82,-3.064048532104492,False
35,79,44,-3.064232932128906,False
83,116,33,-3.064261818847656,False
92,136,44,-3.064368136291504,False
3,76,73,-3.0643889422607424,False
35,100,65,-3.0646779370117185,False
41,132,91,-3.0646782369995114,False
87,143,56,-3.0647033184814454,False
39,115,76,-3.0649040222167967,False
60,146,86,-3.0649520703124997,False
66,111,45,-3.06498716796875,False
65,119,54,-3.064993455200195,False
82,138,56,-3.0650446267700198,False
33,131,98,-3.065059899291992,False
13,63,50,-3.065264443664551,False
34,119,85,-3.0655006939697267,False
8,53,45,-3.0655570587158203,False
92,131,39,-3.065787950744629,False
19,40,21,-3.0657912991333007,False
23,37,14,-3.0658563098144533,False
77,141,64,-3.0660372869873047,False
15,67,52,-3.0663781228637697,False
34,146,112,-3.066406488647461,False
14,39,25,-3.066650341644287,False
67,117,50,-3.0666563766479493,False
4,48,44,-3.0667552279663086,False
66,145,79,-3.0667670162963865,False
82,148,66,-3.066902366333008,False
71,134,63,-3.0670325680541994,False
40,127,87,-3.067112467041016,False
10,41,31,-3.067155830383301,False
70,115,45,-3.067483455505371,False
10,103,93,-3.067778277282715,False
78,150,72,-3.067852084350586,False
52,134,82,-3.06801243347168,False
65,128,63,-3.0680264767456054,False
77,142,65,-3.068258967895508,False
18,89,71,-3.068268695068359,False
97,140,43,-3.0682898751831056,False
91,142,51,-3.068332217712402,False
74,134,60,-3.0683616265869142,False
24,126,102,-3.0684900537109376,False
83,134,51,-3.0685384481811524,False
11,41,30,-3.068540905456543,False
13,64,51,-3.0685423181152345,False
64,137,73,-3.0686770196533204,False
75,134,59,-3.068751909484863,False
78,145,67,-3.0689441439819336,False
52,152,100,-3.0689711871337892,False
27,124,97,-3.0692081848144532,False
61,148,87,-3.0692996575927736,False
73,134,61,-3.069344443359375,False
99,155,56,-3.069419626464844,False
86,130,44,-3.0694398590087895,False
75,117,42,-3.069461706542969,False
64,147,83,-3.069504543762207,False
23,127,104,-3.069638978881836,False
80,125,45,-3.069735218811035,False
81,136,55,-3.0698598864746094,False
65,142,77,-3.069995281982422,False
71,119,48,-3.0700020611572265,False
12,103,91,-3.0700043258666994,False
65,118,53,-3.070017953186035,False
50,81,31,-3.070045608215332,False
47,83,36,-3.070110041809082,False
20,40,20,-3.0702492837524415,False
13,60,47,-3.070296986083984,False
11,40,29,-3.070350422363281,False
7,84,77,-3.070354784851074,False
92,143,51,-3.0704041949462892,False
70,134,64,-3.070541528015137,False
22,38,16,-3.0705683575439453,False
78,121,43,-3.0706282583618165,False
50,147,97,-3.070834725341797,False
66,128,62,-3.0708832232666015,False
76,124,48,-3.070889962158203,False
6,48,42,-3.070924297180176,False
17,63,46,-3.0709989498901367,False
11,66,55,-3.0710861239624023,False
71,154,83,-3.0711537499999997,False
53,132,79,-3.071195071411133,False
55,155,100,-3.0714948803710937,False
28,104,76,-3.0716919717407225,False
49,130,81,-3.0719724291992185,False
90,145,55,-3.072089637145996,False
4,69,65,-3.072149877319336,False
77,131,54,-3.0725112643432615,False
48,84,36,-3.0725358486938474,False
70,155,85,-3.0725882824707034,False
90,128,38,-3.0727722372436523,False
72,109,37,-3.072803124694824,False
66,133,67,-3.0729203381347654,False
77,135,58,-3.073008551635742,False
7,48,41,-3.073116721496582,False
80,136,56,-3.0733711798095706,False
81,125,44,-3.073373789978027,False
129,147,18,-3.073529636230469,False
5,67,62,-3.0735961236572265,False
73,116,43,-3.073674337463379,False
16,139,123,-3.0738561056518554,False
52,84,32,-3.0740187228393556,False
21,136,115,-3.0740569552612307,False
79,151,72,-3.074349062194824,False
70,118,48,-3.0743611880493162,False
77,138,61,-3.074389019470215,False
10,40,30,-3.074409371032715,False
69,155,86,-3.074446742553711,False
22,128,106,-3.074602839050293,False
57,147,90,-3.0748612585449218,False
95,141,46,-3.075136273498535,False
87,140,53,-3.0751890075683592,False
80,137,57,-3.0752169232177735,False
37,99,62,-3.075242692871094,False
60,127,67,-3.0754151177978515,False
80,134,54,-3.0754469396972657,False
68,116,48,-3.0754790060424804,False
108,148,40,-3.075615702209473,False
30,100,70,-3.075641169128418,False
28,101,73,-3.075652609863281,False
108,141,33,-3.0757083941650394,False
75,127,52,-3.0759058560180663,False
48,89,41,-3.0760578796386717,False
81,131,50,-3.076267600708008,False
85,132,47,-3.076437350769043,False
38,66,28,-3.07645771484375,False
106,138,32,-3.076815362548828,False
63,155,92,-3.0768271798706053,False
66,156,90,-3.07685197845459,False
89,127,38,-3.076907049560547,False
30,104,74,-3.0772217556762698,False
52,147,95,-3.077296393737793,False
72,112,40,-3.0772967193603518,False
60,125,65,-3.0773538580322266,False
29,132,103,-3.0777328924560545,False
92,137,45,-3.07773901763916,False
88,141,53,-3.077760915222168,False
51,82,31,-3.0777814642333987,False
64,148,84,-3.0779819381713867,False
40,115,75,-3.07816388671875,False
55,116,61,-3.078400565185547,False
81,128,47,-3.078452777099609,False
22,92,70,-3.0785952349853516,False
83,140,57,-3.078702456665039,False
15,136,121,-3.0787718585205077,False
80,143,63,-3.0789247164916995,False
12,144,132,-3.0790732012939452,False
89,128,39,-3.0790855224609373,False
10,148,138,-3.079279241027832,False
52,123,71,-3.079400894165039,False
37,121,84,-3.0794213116455076,False
48,83,35,-3.0794254876708984,False
55,130,75,-3.0796737844848634,False
89,145,56,-3.0798220446777345,False
46,85,39,-3.0799001272583006,False
65,155,90,-3.079908768005371,False
87,126,39,-3.0799503704833984,False
5,68,63,-3.080333053894043,False
68,107,39,-3.0803974826049805,False
66,143,77,-3.0804859155273436,False
90,143,53,-3.0805857095336915,False
61,147,86,-3.080625239868164,False
78,143,65,-3.0806262225341796,False
12,65,53,-3.0806990701293944,False
18,132,114,-3.080860732727051,False
14,103,89,-3.0808621231079103,False
38,120,82,-3.0811149432373046,False
16,62,46,-3.0811320181274415,False
72,154,82,-3.0811593420410155,False
80,132,52,-3.0812731381225587,False
66,119,53,-3.0812866461181643,False
11,146,135,-3.0813143005371098,False
11,65,54,-3.0814386026000973,False
11,103,92,-3.0816915078735354,False
62,145,83,-3.0817707012939453,False
79,136,57,-3.0817931823730467,False
50,87,37,-3.081892322692871,False
40,128,88,-3.0820384255981446,False
82,124,42,-3.082143648071289,False
74,133,59,-3.0821639450073244,False
39,147,108,-3.0821813064575196,False
48,129,81,-3.082239566650391,False
63,121,58,-3.082240321960449,False
49,155,106,-3.082419641113281,False
72,118,46,-3.0825252722167966,False
75,115,40,-3.0827655703735353,False
88,124,36,-3.082917797546387,False
83,126,43,-3.0829440808105466,False
22,136,114,-3.0829743603515625,False
94,151,57,-3.083258391113281,False
34,129,95,-3.0833178988647463,False
70,108,38,-3.083349422607422,False
8,36,28,-3.0834547161865236,False
81,147,66,-3.083786755065918,False
32,101,69,-3.0842816326904297,False
4,77,73,-3.0842828161621094,False
24,99,75,-3.0844820300292968,False
8,41,33,-3.0845607092285157,False
78,120,42,-3.0848291915893555,False
82,139,57,-3.0850442736816404,False
102,137,35,-3.0850505474853516,False
86,139,53,-3.0850613510131835,False
10,137,127,-3.0850984246826174,False
91,131,40,-3.0851179998779297,False
40,148,108,-3.0851227630615234,False
71,129,58,-3.0852040689086913,False
64,119,55,-3.0852878988647463,False
19,131,112,-3.085468055419922,False
78,146,68,-3.085695623474121,False
37,148,111,-3.085761488647461,False
22,108,86,-3.085889121398926,False
49,81,32,-3.0860728314208985,False
7,81,74,-3.0862589331054684,False
65,134,69,-3.0863676672363285,False
69,107,38,-3.086405237121582,False
91,151,60,-3.086609185180664,False
51,155,104,-3.086700811767578,False
105,138,33,-3.0867103112792966,False
11,37,26,-3.086925185546875,False
63,145,82,-3.0869900955200196,False
23,40,17,-3.087110138244629,False
91,136,45,-3.087215396728516,False
86,132,46,-3.0873544155883788,False
18,64,46,-3.087574057922363,False
51,85,34,-3.0877223123168944,False
23,104,81,-3.0879094464111327,False
89,143,54,-3.087949703063965,False
32,102,70,-3.088012655944824,False
11,136,125,-3.088689620361328,False
57,128,71,-3.088862225341797,False
38,129,91,-3.08887837097168,False
91,141,50,-3.088904271850586,False
19,103,84,-3.089026818847656,False
79,130,51,-3.089848775024414,False
66,144,78,-3.0900082534790037,False
33,99,66,-3.090033776550293,False
71,132,61,-3.0900656091308596,False
59,143,84,-3.090070358581543,False
13,62,49,-3.0900752017211914,False
49,135,86,-3.090305809326172,False
70,145,75,-3.0903447439575196,False
77,129,52,-3.0903981353759766,False
97,138,41,-3.090430586242676,False
34,121,87,-3.0904599627685547,False
8,52,44,-3.0905455880737307,False
79,144,65,-3.090748421936035,False
71,141,70,-3.0910360177612306,False
24,134,110,-3.091167872314453,False
62,151,89,-3.0915887982177734,False
130,147,17,-3.0916160803222654,False
88,127,39,-3.091854682312012,False
56,147,91,-3.091935378417969,False
9,66,57,-3.092078891296387,False
11,88,77,-3.092093611450195,False
89,150,61,-3.0922109533691406,False
13,33,20,-3.092283956604004,False
55,131,76,-3.092347132568359,False
53,123,70,-3.0926722018432615,False
97,137,40,-3.0926763555908203,False
9,41,32,-3.0927279455566405,False
25,126,101,-3.0927523623657227,False
78,136,58,-3.0930444107055663,False
15,87,72,-3.0930668276977538,False
37,67,30,-3.0931918002319336,False
90,127,37,-3.0932370068359374,False
75,124,49,-3.0935583602905274,False
71,109,38,-3.093683521118164,False
77,152,75,-3.0938335623168944,False
36,78,42,-3.093990799865723,False
68,146,78,-3.093999781188965,False
31,62,31,-3.094008728942871,False
53,117,64,-3.094132441101074,False
33,118,85,-3.094320754089355,False
88,143,55,-3.094356089782715,False
22,105,83,-3.094362309875488,False
79,142,63,-3.0943804400634765,False
75,119,44,-3.094426220703125,False
21,91,70,-3.094887131958008,False
53,121,68,-3.0952939154052737,False
106,139,33,-3.095310515136719,False
40,149,109,-3.095321233215332,False
131,147,16,-3.095326613769531,False
11,36,25,-3.09540859954834,False
17,34,17,-3.0955052496337894,False
16,133,117,-3.0956346044921874,False
71,135,64,-3.095670715942383,False
65,141,76,-3.0956719586181642,False
54,131,77,-3.0956732318115234,False
14,135,121,-3.095749683227539,False
29,101,72,-3.0957624148559573,False
78,130,52,-3.0957940692138672,False
7,50,43,-3.0959359838867186,False
17,138,121,-3.096088623352051,False
78,151,73,-3.0962873461914064,False
80,145,65,-3.0963657247924803,False
71,133,62,-3.096410260925293,False
62,144,82,-3.09642155670166,False
31,122,91,-3.0965142617797854,False
24,101,77,-3.096626776123047,False
78,127,49,-3.096797779846191,False
71,116,45,-3.0968545648193357,False
73,117,44,-3.096888561401367,False
51,123,72,-3.0968920547485355,False
73,121,48,-3.0968973135375975,False
93,142,49,-3.0970214746093747,False
52,135,83,-3.097203808898926,False
63,120,57,-3.0974825271606443,False
51,132,81,-3.0974864492797853,False
39,116,77,-3.097541454772949,False
78,149,71,-3.097555037841797,False
20,91,71,-3.09768269744873,False
58,114,56,-3.09772595703125,False
108,142,34,-3.097882749633789,False
80,139,59,-3.0980687896728516,False
13,34,21,-3.0981205545043946,False
86,126,40,-3.0982650686645505,False
34,99,65,-3.098288150939941,False
107,140,33,-3.098299489135742,False
68,108,40,-3.098456190185547,False
70,110,40,-3.098601508178711,False
93,143,50,-3.0986475610351563,False
88,140,52,-3.0987110470581056,False
14,138,124,-3.0987195596313475,False
87,142,55,-3.0988565475463865,False
94,138,44,-3.0989616076660154,False
88,150,62,-3.099167987060547,False
8,40,32,-3.0992394271850587,False
32,62,30,-3.0993550970458985,False
81,138,57,-3.0994578280639646,False
68,153,85,-3.099608186645508,False
80,142,62,-3.0996714532470704,False
25,125,100,-3.099729259033203,False
40,119,79,-3.0997604443359377,False
91,132,41,-3.0997862490844725,False
65,132,67,-3.0998612133789063,False
53,154,101,-3.0998913778686523,False
38,118,80,-3.1001445776367187,False
31,130,99,-3.100158430786133,False
25,124,99,-3.100175408935547,False
9,137,128,-3.100216890563965,False
38,134,96,-3.100345608520508,False
109,143,34,-3.100596286315918,False
74,131,57,-3.1006434457397463,False
62,121,59,-3.100661442871094,False
51,86,35,-3.100959416809082,False
50,132,82,-3.1012774462890627,False
33,62,29,-3.1014504174804687,False
20,62,42,-3.101526915588379,False
35,64,29,-3.1017379159545895,False
74,129,55,-3.101914557495117,False
23,107,84,-3.1019569207763675,False
20,103,83,-3.101983702697754,False
107,139,32,-3.1020005255126955,False
88,147,59,-3.102015368347168,False
54,154,100,-3.1021494821166993,False
67,144,77,-3.1021518377685546,False
25,92,67,-3.1024220343017577,False
11,140,129,-3.102432866821289,False
18,35,17,-3.102543591003418,False
32,120,88,-3.1025569052124022,False
70,127,57,-3.102614870300293,False
80,146,66,-3.102685235900879,False
39,117,78,-3.1028845053100587,False
36,64,28,-3.1030596923828124,False
72,111,39,-3.1031501043701173,False
77,119,42,-3.103155195007324,False
67,131,64,-3.1032714328002933,False
75,114,39,-3.1033697146606447,False
91,149,58,-3.1036457171630856,False
52,154,102,-3.103943269958496,False
14,136,122,-3.104092939453125,False
84,140,56,-3.1041027410888673,False
81,127,46,-3.1041546505737303,False
12,37,25,-3.1046995428466797,False
109,140,31,-3.1047790997314455,False
83,141,58,-3.1049230691528322,False
88,128,40,-3.1051652841186526,False
15,39,24,-3.1055405906677245,False
63,114,51,-3.105776347961426,False
10,88,78,-3.105979064941406,False
94,141,47,-3.1059980270385745,False
39,121,82,-3.106097889709473,False
62,150,88,-3.1061217126464844,False
11,104,93,-3.1061298471069336,False
8,66,58,-3.106222705078125,False
20,110,90,-3.106371996459961,False
81,117,36,-3.106585137939453,False
100,155,55,-3.106637527770996,False
35,120,85,-3.1066380078125,False
66,147,81,-3.106768682861328,False
24,102,78,-3.106930543823242,False
35,119,84,-3.1071340429687497,False
12,136,124,-3.107154874572754,False
38,102,64,-3.1072202113342287,False
18,103,85,-3.107242593994141,False
89,146,57,-3.1073321981811524,False
65,144,79,-3.1075781756591794,False
92,135,43,-3.107910799865723,False
84,136,52,-3.107938327636719,False
50,118,68,-3.1080915573120116,False
12,88,76,-3.1082708654785156,False
35,122,87,-3.108361787414551,False
77,143,66,-3.1084004608154294,False
65,149,84,-3.1086011685180663,False
74,127,53,-3.108747912902832,False
85,137,52,-3.108792198181152,False
35,99,64,-3.1088107312011717,False
65,145,80,-3.1088575723266603,False
10,136,126,-3.109110966186523,False
10,38,28,-3.1094953189086914,False
53,120,67,-3.109542706604004,False
71,131,60,-3.1097066955566404,False
83,137,54,-3.109832236328125,False
87,120,33,-3.109858228149414,False
84,141,57,-3.1100266040039064,False
62,120,58,-3.1100942892456054,False
68,131,63,-3.110183906555176,False
71,155,84,-3.1102042831420897,False
69,131,62,-3.11049323059082,False
10,35,25,-3.1106353552246095,False
10,33,23,-3.1108183184814453,False
70,128,58,-3.110840763244629,False
23,106,83,-3.110986234130859,False
8,38,30,-3.1111413061523434,False
13,142,129,-3.111421488647461,False
74,114,40,-3.1114506491088867,False
60,147,87,-3.112241626586914,False
91,145,54,-3.1123789144897462,False
9,88,79,-3.1124251647949217,False
14,104,90,-3.112450113220215,False
52,82,30,-3.112468136291504,False
77,130,53,-3.112534913635254,False
12,137,125,-3.1125781079101564,False
89,138,49,-3.1127402502441406,False
52,81,29,-3.1127529910278318,False
47,84,37,-3.1128632150268554,False
22,103,81,-3.1129482626342773,False
53,115,62,-3.1130260937500003,False
75,131,56,-3.1132341680908207,False
62,114,52,-3.1133347747802733,False
107,141,34,-3.1137415716552734,False
10,34,24,-3.113961649169922,False
79,121,42,-3.1142635693359373,False
70,154,84,-3.114272777404785,False
72,116,44,-3.114388583984375,False
87,125,38,-3.114600407409668,False
50,138,88,-3.1146955773925784,False
21,109,88,-3.1148346017456054,False
50,136,86,-3.1149830175781252,False
22,129,107,-3.115061262207031,False
48,88,40,-3.1154764904785157,False
40,122,82,-3.1155622103881835,False
82,122,40,-3.115643899230957,False
85,115,30,-3.1157057495117186,False
75,142,67,-3.115835012512207,False
86,118,32,-3.1158687692260743,False
88,137,49,-3.1159170654296875,False
76,119,43,-3.115928352355957,False
79,131,52,-3.1159787948608395,False
71,115,44,-3.1160236810302733,False
78,119,41,-3.116108655395508,False
60,149,89,-3.116182128601074,False
20,130,110,-3.1161924301147463,False
3,144,141,-3.1162551763916015,False
10,108,98,-3.116399253540039,False
58,128,70,-3.116530483703613,False
101,137,36,-3.1166872470092772,False
77,136,59,-3.1168471484375,False
56,117,61,-3.1170352114868165,False
52,114,62,-3.11704108001709,False
52,122,70,-3.117259851989746,False
5,78,73,-3.117298981628418,False
81,135,54,-3.1174669161987305,False
17,40,23,-3.1175309634399415,False
86,122,36,-3.1175324502563475,False
82,128,46,-3.117755202636719,False
63,154,91,-3.1178104531860353,False
3,49,46,-3.1179841085815427,False
54,130,76,-3.1180556060791016,False
62,146,84,-3.118654735107422,False
38,71,33,-3.1187684521484376,False
11,138,127,-3.1191345874023435,False
85,131,46,-3.1191488745117186,False
67,111,44,-3.1191639773559574,False
22,91,69,-3.1192030044555663,False
96,142,46,-3.1192649688720704,False
32,130,98,-3.1193049438476566,False
71,118,47,-3.119392593688965,False
77,137,60,-3.1195437664794925,False
9,52,43,-3.1198532333374027,False
110,143,33,-3.119888928527832,False
81,130,49,-3.1200493075561524,False
91,135,44,-3.12011583404541,False
75,128,53,-3.120181123962402,False
86,131,45,-3.120403507080078,False
12,143,131,-3.120466600036621,False
29,89,60,-3.120858576660156,False
56,120,64,-3.1209964080810546,False
28,103,75,-3.1210862908935546,False
57,126,69,-3.1211095599365235,False
18,34,16,-3.121186987609863,False
16,134,118,-3.1213278790283203,False
50,120,70,-3.1214300491333007,False
79,120,41,-3.1214560424804687,False
70,148,78,-3.1215935128784182,False
38,77,39,-3.121733477478027,False
74,128,54,-3.1218452062988282,False
49,82,33,-3.121999044494629,False
66,142,76,-3.1220862628173824,False
79,145,66,-3.1221038983154297,False
18,111,93,-3.1221150903320316,False
3,51,48,-3.122316301269531,False
51,84,33,-3.122333251647949,False
54,118,64,-3.122442867126465,False
66,146,80,-3.1224869848632815,False
88,151,63,-3.1225392449951173,False
14,37,23,-3.1225594790649414,False
79,141,62,-3.1228149841308595,False
53,155,102,-3.123000722045899,False
36,118,82,-3.1230208047485353,False
66,117,51,-3.1230342996215823,False
89,142,53,-3.1230423190307617,False
89,139,50,-3.123278122253418,False
19,111,92,-3.1233509268188477,False
65,115,50,-3.124019289855957,False
25,100,75,-3.124025241088867,False
11,141,130,-3.124037303161621,False
68,154,86,-3.1241442208862304,False
69,116,47,-3.1241956118774414,False
50,134,84,-3.1244351794433594,False
32,80,48,-3.1244719216918946,False
70,111,41,-3.124512969970703,False
78,139,61,-3.1246441079711915,False
61,121,60,-3.124717719116211,False
68,109,41,-3.1249631643676756,False
29,121,92,-3.125167682495117,False
90,149,59,-3.1252191693115234,False
59,145,86,-3.1256334387207034,False
55,154,99,-3.1257685717773436,False
74,142,68,-3.125944071350098,False
49,87,38,-3.1261099313354492,False
63,147,84,-3.126176937255859,False
23,92,69,-3.1261964895629886,False
87,139,52,-3.1262938815307617,False
54,117,63,-3.1263610855102537,False
51,121,70,-3.1265765127563476,False
71,137,66,-3.126580059509277,False
84,114,30,-3.1266668493652343,False
83,132,49,-3.126928161315918,False
70,131,61,-3.1269671224975584,False
33,104,71,-3.1275791006469724,False
7,51,44,-3.127689965209961,False
52,83,31,-3.1277671636962894,False
59,123,64,-3.12785235534668,False
79,143,64,-3.1279580740356443,False
26,105,79,-3.1280600149536135,False
67,146,79,-3.1281773178100587,False
85,130,45,-3.1282594427490236,False
85,138,53,-3.1283097323608398,False
92,142,50,-3.1283767825317383,False
52,116,64,-3.128384060668945,False
19,34,15,-3.128486636962891,False
19,137,118,-3.1288745864868166,False
65,154,89,-3.128943551330566,False
30,62,32,-3.1289896389770506,False
23,66,43,-3.129124025878906,False
30,64,34,-3.1293279519653323,False
58,116,58,-3.129964545288086,False
99,135,36,-3.1300476934814454,False
18,65,47,-3.1304632272338866,False
3,52,49,-3.130531637878418,False
104,138,34,-3.130662254638672,False
95,142,47,-3.1306789907836916,False
37,77,40,-3.130782805480957,False
101,153,52,-3.131760132141113,False
35,145,110,-3.1320355853271487,False
14,66,52,-3.132087695007324,False
79,137,58,-3.132211501159668,False
65,131,66,-3.1322535491943357,False
71,140,69,-3.1322641845703125,False
75,130,55,-3.1324364599609376,False
83,129,46,-3.132770804748535,False
20,34,14,-3.132912059326172,False
17,35,18,-3.1329738763427732,False
73,118,45,-3.1337723937988278,False
6,49,43,-3.133809846801758,False
97,154,57,-3.134018598022461,False
10,135,125,-3.1340643283081056,False
19,90,71,-3.134176407470703,False
26,77,51,-3.134299298095703,False
37,65,28,-3.1344100402832034,False
108,140,32,-3.1344345593261718,False
16,88,72,-3.1344389218139646,False
50,137,87,-3.1344400213623045,False
87,124,37,-3.1345325851440426,False
97,141,44,-3.1345616775512695,False
69,154,85,-3.1345953771972654,False
68,155,87,-3.1347095236206055,False
4,53,49,-3.134726688232422,False
35,121,86,-3.134761871948242,False
37,149,112,-3.134823557739258,False
54,122,68,-3.134851919250488,False
38,68,30,-3.1351519134521486,False
83,122,39,-3.1351661642456055,False
95,152,57,-3.1352102368164063,False
12,109,97,-3.135284340515137,False
5,144,139,-3.135510808105469,False
29,122,93,-3.1356090249633786,False
15,37,22,-3.135662013549805,False
7,139,132,-3.1357008251953125,False
7,70,63,-3.1359541354370117,False
18,134,116,-3.1361020397949217,False
23,38,15,-3.136379830322266,False
65,148,83,-3.1364962799072265,False
39,125,86,-3.13655545715332,False
22,106,84,-3.136745425415039,False
14,81,67,-3.1369352947998044,False
30,121,91,-3.1370035284423827,False
81,129,48,-3.1370762747192384,False
21,88,67,-3.137190924987793,False
79,127,48,-3.1375914645385743,False
77,139,62,-3.137721439819336,False
37,119,82,-3.1378057653808593,False
66,131,65,-3.137836163330078,False
57,117,60,-3.1379722088623048,False
51,116,65,-3.1379809295654297,False
18,84,66,-3.137985901184082,False
59,114,55,-3.138308948059082,False
60,148,88,-3.1388859381103513,False
11,39,28,-3.138911070251465,False
89,124,35,-3.138953812866211,False
68,144,76,-3.1390596884155273,False
59,144,85,-3.1391344149780274,False
24,92,68,-3.13939149810791,False
35,128,93,-3.1395058212280276,False
26,125,99,-3.139552205200195,False
70,130,60,-3.139563869934082,False
36,146,110,-3.139878231201172,False
38,122,84,-3.140005524597168,False
90,138,48,-3.1400490200805664,False
9,40,31,-3.1401351724243165,False
30,63,33,-3.1403925747680663,False
86,125,39,-3.1404128616333007,False
51,131,80,-3.1406226916503903,False
82,120,38,-3.1406507989501953,False
82,125,43,-3.140831300354004,False
15,38,23,-3.1408742974853516,False
17,77,60,-3.140926181640625,False
108,144,36,-3.141052524719238,False
88,123,35,-3.141060933227539,False
108,147,39,-3.141072497253418,False
26,99,73,-3.14131831451416,False
64,154,90,-3.141449520263672,False
71,139,68,-3.1415295892333988,False
66,132,66,-3.1416176651000978,False
21,104,83,-3.1417430175781247,False
3,50,47,-3.1417901727294923,False
88,148,60,-3.1418263772583006,False
58,147,89,-3.141894673156738,False
38,70,32,-3.1419972119140622,False
25,101,76,-3.142163864135742,False
31,63,32,-3.142173838806152,False
80,127,47,-3.142180523681641,False
68,110,42,-3.1422433618164063,False
73,119,46,-3.1424979959106443,False
34,122,88,-3.1425950762939454,False
17,79,62,-3.14281908782959,False
82,131,49,-3.143081596984863,False
92,138,46,-3.1430959368896483,False
11,109,98,-3.1431729565429687,False
7,52,45,-3.14324634765625,False
97,153,56,-3.143270429382324,False
49,128,79,-3.1436996435546876,False
89,151,62,-3.1438049093627933,False
83,135,52,-3.143814154968262,False
69,114,45,-3.143846160888672,False
85,140,55,-3.144257142028809,False
26,104,78,-3.144554490966797,False
73,131,58,-3.1446278594970702,False
31,64,33,-3.144709150085449,False
52,155,103,-3.144750636291504,False
58,122,64,-3.144901741333008,False
53,122,69,-3.1451888085937503,False
12,36,24,-3.14519286315918,False
65,139,74,-3.145419543762207,False
63,146,83,-3.145467008972168,False
64,118,54,-3.145638017883301,False
17,103,86,-3.1457083105468753,False
67,133,66,-3.145738448791504,False
20,137,117,-3.1457852392578127,False
57,127,70,-3.1457990710449217,False
21,90,69,-3.145975094604492,False
78,147,69,-3.1461535690307616,False
8,83,75,-3.14626746673584,False
73,127,54,-3.146440930175781,False
4,141,137,-3.1464788839721676,False
80,148,68,-3.1465108993530273,False
73,115,42,-3.1465573333740235,False
88,139,51,-3.1466066903686523,False
39,148,109,-3.146656106567383,False
5,71,66,-3.1466748727416993,False
90,151,61,-3.1468494128417968,False
28,123,95,-3.146991960754394,False
61,120,59,-3.1470733627319336,False
71,145,74,-3.1471315029907228,False
10,107,97,-3.147164815979004,False
18,66,48,-3.1475034457397464,False
53,119,66,-3.1475183129882813,False
46,86,40,-3.1478559606933594,False
13,137,124,-3.1480569903564453,False
84,115,31,-3.1486790240478517,False
78,137,59,-3.148770317077637,False
39,126,87,-3.1488280612182615,False
66,141,75,-3.1489096664428713,False
3,142,139,-3.148959864807129,False
78,138,60,-3.149042156982422,False
85,124,39,-3.1490583709716793,False
27,74,47,-3.1491014642333988,False
87,119,32,-3.149116143798828,False
71,128,57,-3.1491771926879886,False
22,130,108,-3.149291135559082,False
58,126,68,-3.149339018249512,False
81,120,39,-3.149607057800293,False
11,139,128,-3.1497517178344725,False
69,108,39,-3.150213714904785,False
21,89,68,-3.1502961392211914,False
24,103,79,-3.1503003842163086,False
39,120,81,-3.1504662442016604,False
85,116,31,-3.1505495373535153,False
63,148,85,-3.1505820898437498,False
18,76,58,-3.150824797973633,False
32,122,90,-3.1508313238525387,False
7,53,46,-3.1509064782714846,False
67,143,76,-3.1510279910278323,False
6,50,44,-3.15108288482666,False
69,109,40,-3.151292600097656,False
81,148,67,-3.1514841513061524,False
29,102,73,-3.1516697363281247,False
60,114,54,-3.1517944479370117,False
35,78,43,-3.1518348944091796,False
39,122,83,-3.1523927148437503,False
72,129,57,-3.1524764602661133,False
39,149,110,-3.1527218225097657,False
75,146,71,-3.1530061517333983,False
25,99,74,-3.1530709567260744,False
10,65,55,-3.153094683227539,False
14,68,54,-3.153226870422363,False
87,123,36,-3.153398032836914,False
72,134,62,-3.1535761254882813,False
50,117,67,-3.153622970581055,False
10,106,96,-3.153623994140625,False
33,120,87,-3.153637367553711,False
6,51,45,-3.1538118634033205,False
13,141,128,-3.154086235656738,False
27,125,98,-3.154129273071289,False
92,151,59,-3.1541628890991213,False
105,139,34,-3.154315038452148,False
59,150,91,-3.1545415307617186,False
89,144,55,-3.1546906094360354,False
72,133,61,-3.1547670333862308,False
20,39,19,-3.1548010046386716,False
4,76,72,-3.154801504211426,False
91,150,59,-3.1548566088867185,False
17,133,116,-3.155240650024414,False
72,115,43,-3.1554780099487303,False
63,119,56,-3.1556766445922855,False
70,135,65,-3.1559004956054686,False
65,135,70,-3.1559163616943358,False
33,122,89,-3.1559195483398437,False
77,150,73,-3.155943479614258,False
79,119,40,-3.156057307434082,False
18,133,115,-3.1568693728637696,False
71,138,67,-3.1571922387695315,False
15,79,64,-3.1575562667846677,False
67,134,67,-3.157585811157227,False
70,146,76,-3.1575976196289064,False
70,141,71,-3.157609786682129,False
37,102,65,-3.157779195251465,False
37,66,29,-3.1577892361450197,False
12,141,129,-3.157812413024902,False
18,136,118,-3.1580355184936524,False
3,53,50,-3.1580672244262695,False
27,101,74,-3.1582908984375,False
59,146,87,-3.1582979464721683,False
21,130,109,-3.1583491751098633,False
67,132,65,-3.1586549002075195,False
50,135,85,-3.15891630065918,False
76,129,53,-3.159153369750977,False
73,132,59,-3.1591850848388674,False
30,103,73,-3.1592127459716797,False
68,111,43,-3.159227844543457,False
4,49,45,-3.1592637753295896,False
49,84,35,-3.1592922177124025,False
70,142,72,-3.159545698547363,False
26,133,107,-3.1597473193359376,False
16,35,19,-3.1600104541015623,False
74,130,56,-3.1604963320922854,False
54,119,65,-3.1607027267456056,False
82,117,35,-3.160733232116699,False
27,102,75,-3.1608066876220704,False
32,121,89,-3.1609165063476565,False
54,123,69,-3.1609549505615235,False
12,107,95,-3.161054163513184,False
51,119,68,-3.161214848632812,False
25,102,77,-3.16132431640625,False
20,65,45,-3.161484660949707,False
24,133,109,-3.161536747131348,False
90,144,54,-3.1615463989257813,False
30,86,56,-3.161861435546875,False
84,135,51,-3.1619008554077146,False
27,103,76,-3.1620884619140623,False
80,147,67,-3.162138609008789,False
5,50,45,-3.1621587091064454,False
18,77,59,-3.1627240243530275,False
51,124,73,-3.162922510986328,False
6,67,61,-3.1630947973632813,False
17,78,61,-3.1633760357666016,False
28,102,74,-3.163437894592285,False
79,149,70,-3.1634696456909177,False
107,142,35,-3.1635754888916017,False
84,137,53,-3.1636205981445316,False
80,131,51,-3.1636305123901365,False
5,49,44,-3.1638322830200196,False
88,136,48,-3.1639983139038086,False
19,35,16,-3.164154464111328,False
20,35,15,-3.1642403228759766,False
84,131,47,-3.1642611254882813,False
94,142,48,-3.1644093875122072,False
86,124,38,-3.1644544052124024,False
25,133,108,-3.164510575866699,False
74,141,67,-3.1645816195678713,False
84,134,50,-3.164751228027344,False
14,87,73,-3.16489861907959,False
22,135,113,-3.1651342507934572,False
11,145,134,-3.165261538391113,False
75,152,77,-3.165372029724121,False
75,143,68,-3.1654155682373046,False
85,139,54,-3.1657742486572267,False
58,115,57,-3.166060397949219,False
30,102,72,-3.166155807800293,False
77,149,72,-3.166176279602051,False
57,123,66,-3.1662237203979493,False
13,88,75,-3.166305096130371,False
7,68,61,-3.1663876483154296,False
23,67,44,-3.1666232611083984,False
31,80,49,-3.166719524536133,False
39,128,89,-3.166813595581055,False
19,104,85,-3.1668357791137693,False
5,141,136,-3.1669757571411132,False
5,51,46,-3.1670388204956055,False
30,85,55,-3.1670552096557616,False
14,67,53,-3.167283963012695,False
54,121,67,-3.1674486001586915,False
19,66,47,-3.167737307128906,False
65,138,73,-3.1677991567993162,False
12,66,54,-3.16832442565918,False
25,103,78,-3.1683769857788087,False
92,139,47,-3.168508880004883,False
55,117,62,-3.1686063397216797,False
52,115,63,-3.1686206451416017,False
85,142,57,-3.1689371563720705,False
56,123,67,-3.168951533508301,False
106,150,44,-3.169061369934082,False
10,66,56,-3.1692300103759767,False
88,138,50,-3.1692523403930664,False
82,123,41,-3.1696674224853516,False
7,80,73,-3.1697347537231444,False
13,135,122,-3.1697631713867187,False
50,131,81,-3.1697842889404297,False
8,85,77,-3.1700267266845703,False
50,126,76,-3.17014580078125,False
50,119,69,-3.1703077578735352,False
9,38,29,-3.170571875,False
5,69,64,-3.17079157623291,False
75,136,61,-3.1709152236938474,False
69,152,83,-3.170924517211914,False
76,133,57,-3.1709338427734375,False
40,118,78,-3.1710293557739258,False
63,149,86,-3.1711631661987303,False
89,147,58,-3.1712220761108396,False
81,118,37,-3.1713651840209964,False
8,86,78,-3.1715563464355467,False
38,74,36,-3.171760809020996,False
64,155,91,-3.1717914199829105,False
23,103,80,-3.1718910455322264,False
29,103,74,-3.171967073059082,False
53,124,71,-3.172125034790039,False
49,129,80,-3.1721378442382813,False
18,75,57,-3.1722514123535155,False
78,148,70,-3.1725116796875,False
77,151,74,-3.1727187844848634,False
10,147,137,-3.172718814697266,False
86,128,42,-3.1729710162353517,False
88,144,56,-3.173010913696289,False
104,140,36,-3.1730266690063478,False
6,147,141,-3.173071601867676,False
84,116,32,-3.173121860046387,False
51,115,64,-3.1731923883056643,False
38,101,63,-3.173366608581543,False
59,128,69,-3.1733768298339844,False
49,83,34,-3.1733898632812503,False
36,147,111,-3.173441616210938,False
90,150,60,-3.1736528536987305,False
88,142,54,-3.173733851928711,False
17,65,48,-3.1738715274047853,False
68,143,75,-3.1740627047729495,False
37,70,33,-3.1741763748168945,False
92,141,49,-3.174201993713379,False
69,134,65,-3.174258923645019,False
82,127,45,-3.1748093353271485,False
6,139,133,-3.174843507080078,False
76,130,54,-3.175021981201172,False
71,143,72,-3.1752426028442384,False
76,128,52,-3.1753363293457033,False
14,80,66,-3.175644966430664,False
82,130,48,-3.1757939279174807,False
29,88,59,-3.1761072625732423,False
80,138,58,-3.1761225234985355,False
48,87,39,-3.176145525817871,False
15,69,54,-3.1761999349975585,False
5,74,69,-3.1765068771362306,False
50,84,34,-3.1765970364379883,False
30,131,101,-3.1766202868652345,False
36,120,84,-3.176761623535156,False
47,89,42,-3.176919801940918,False
107,144,37,-3.1769530282592777,False
92,140,48,-3.176974997558594,False
4,51,47,-3.1769771447753907,False
8,87,79,-3.177055620422363,False
95,151,56,-3.1772239950561523,False
59,116,57,-3.177252647705078,False
4,50,46,-3.177426343688965,False
83,130,47,-3.1775134216308594,False
84,129,45,-3.177614098510742,False
38,119,81,-3.177796612548828,False
34,100,66,-3.17795223815918,False
59,149,90,-3.178227421875,False
93,150,57,-3.178246121826172,False
74,138,64,-3.1783241711425783,False
33,119,86,-3.178346260070801,False
24,66,42,-3.1784969622802732,False
74,152,78,-3.178617180480957,False
38,128,90,-3.1786456677246093,False
90,124,34,-3.1790602279663083,False
12,108,96,-3.179580853881836,False
38,69,31,-3.1796142166137695,False
74,135,61,-3.179677156677246,False
76,132,56,-3.179768527832031,False
14,77,63,-3.179818200073242,False
29,74,45,-3.1801206579589847,False
23,68,45,-3.1801778900146482,False
37,74,37,-3.1804333792114257,False
65,140,75,-3.180604148864746,False
30,101,71,-3.180748531799316,False
100,137,37,-3.1808056338500976,False
76,152,76,-3.18080962890625,False
93,144,51,-3.1808707305908204,False
14,79,65,-3.1809227786254883,False
39,123,84,-3.1811236294555663,False
92,150,58,-3.1812483911132814,False
91,146,55,-3.1813309265136716,False
85,141,56,-3.181429005432129,False
55,129,74,-3.181529078369141,False
21,71,50,-3.181561591796875,False
80,117,37,-3.181584538269043,False
34,103,69,-3.182089977722168,False
53,131,78,-3.182125473937988,False
85,126,41,-3.1821316693115236,False
22,107,85,-3.1822797256469726,False
39,119,80,-3.1825066015625,False
87,121,34,-3.1826273626708983,False
12,105,93,-3.182655335083008,False
10,138,128,-3.1828207794189454,False
87,127,40,-3.1829332321166994,False
27,132,105,-3.1829982604980467,False
4,52,48,-3.183035966491699,False
98,153,55,-3.1835607138061524,False
11,78,67,-3.183641387939453,False
80,135,55,-3.183713130493164,False
13,102,89,-3.1837321423339846,False
16,66,50,-3.183758504333496,False
22,88,66,-3.1837986795043944,False
13,36,23,-3.184005968017578,False
70,109,39,-3.184102529296875,False
66,153,87,-3.1844317654418943,False
18,78,60,-3.1844832824707034,False
103,140,37,-3.1845421020507816,False
68,147,79,-3.184688305969238,False
62,147,85,-3.184754346923828,False
17,137,120,-3.185052394714355,False
72,136,64,-3.185238194580078,False
69,145,76,-3.185328200378418,False
74,140,66,-3.185554059143066,False
18,79,61,-3.1858084530639648,False
11,67,56,-3.185816967163086,False
67,155,88,-3.185979309997559,False
20,38,18,-3.18599142578125,False
71,130,59,-3.186031316833496,False
39,124,85,-3.18617662322998,False
18,80,62,-3.18639972076416,False
50,82,32,-3.18650502532959,False
35,125,90,-3.186702331237793,False
68,148,80,-3.1870000061035157,False
66,134,68,-3.187099713745117,False
47,88,41,-3.187217678833008,False
15,77,62,-3.1872783673095704,False
5,70,65,-3.1875762036132813,False
52,132,80,-3.1876317886352536,False
22,67,45,-3.187923728637695,False
50,127,77,-3.1881006280517576,False
11,143,132,-3.1881599990844727,False
26,100,74,-3.18829358795166,False
59,126,67,-3.1884105972290038,False
99,136,37,-3.1885297998046873,False
6,73,67,-3.188588381958008,False
52,119,67,-3.188738122253418,False
57,125,68,-3.1888157888793947,False
105,140,35,-3.188849486083984,False
7,147,140,-3.189149032287598,False
26,74,48,-3.1893448880004884,False
71,146,75,-3.1895737072753905,False
17,88,71,-3.1896511840820314,False
34,79,45,-3.1897374807739256,False
8,67,59,-3.1898698068237303,False
72,128,56,-3.189939796142578,False
61,115,54,-3.1901061108398436,False
79,139,60,-3.1902175619506834,False
37,128,91,-3.190237920837402,False
10,105,95,-3.1902443185424803,False
19,65,46,-3.190245746765137,False
84,126,42,-3.190402443847656,False
33,100,67,-3.1906597052001953,False
26,91,65,-3.1907700500488283,False
19,71,52,-3.191371226501465,False
102,140,38,-3.191481501159668,False
8,82,74,-3.191484901123047,False
55,123,68,-3.191656566772461,False
37,122,85,-3.1916704010009767,False
52,120,68,-3.191718253479004,False
36,150,114,-3.1917695913696287,False
97,142,45,-3.1918856661987305,False
20,66,46,-3.1920208279418945,False
4,144,140,-3.1920795739746093,False
72,131,59,-3.1923383212280276,False
27,90,63,-3.192381400756836,False
59,122,63,-3.192516133422852,False
28,89,61,-3.192553122253418,False
69,110,41,-3.1929338961791993,False
77,145,68,-3.193010300292969,False
101,154,53,-3.1938523583984377,False
57,122,65,-3.1939970208740234,False
6,72,66,-3.1940270919799802,False
29,87,58,-3.194157523498535,False
51,154,103,-3.194267635192871,False
22,134,112,-3.1942958987426757,False
19,38,19,-3.1944217901611327,False
91,138,47,-3.194451630554199,False
18,73,55,-3.194499331970215,False
15,81,66,-3.1946119357299807,False
17,134,117,-3.1948120343017576,False
23,39,16,-3.194826319580078,False
38,125,87,-3.194901938476563,False
8,138,130,-3.195016237487793,False
18,88,70,-3.1950738757324215,False
106,141,35,-3.195196182861328,False
51,125,74,-3.1952464126586912,False
58,127,69,-3.195278834533691,False
81,121,40,-3.195554670715332,False
6,74,68,-3.195598228149414,False
24,68,44,-3.1956801626586917,False
50,85,35,-3.1957350579833985,False
76,142,66,-3.1958496145629884,False
85,117,32,-3.195936316833496,False
69,148,79,-3.196465602416992,False
10,146,136,-3.196490760192871,False
84,130,46,-3.197083356323242,False
70,136,66,-3.197381184387207,False
60,121,61,-3.1974705825805665,False
62,119,57,-3.1975776879882813,False
61,116,55,-3.197618525085449,False
69,141,72,-3.1978817166137694,False
21,78,57,-3.1979316775512694,False
63,118,55,-3.198101235961914,False
21,67,46,-3.1982191119384766,False
58,123,65,-3.198256357116699,False
79,128,49,-3.1982671310424804,False
75,144,69,-3.1987360662841793,False
70,144,74,-3.1988357318115233,False
25,68,43,-3.1988681338500973,False
13,140,127,-3.1988945336914063,False
26,126,100,-3.1989097613525392,False
10,139,129,-3.199078645629883,False
16,40,24,-3.199404993896484,False
80,120,40,-3.1994374005126955,False
90,146,56,-3.1997579745483398,False
3,143,140,-3.1999280279541016,False
70,137,67,-3.2002115313720703,False
23,135,112,-3.2002223455810546,False
12,140,128,-3.200415191345215,False
18,74,56,-3.2006387155151366,False
84,138,54,-3.2007965478515623,False
36,128,92,-3.201014729309082,False
21,87,66,-3.2012058267211914,False
11,86,75,-3.2013877581787105,False
7,69,62,-3.201527037353516,False
85,122,37,-3.201547426147461,False
38,126,88,-3.201589624938965,False
83,139,56,-3.2016087957763673,False
68,133,65,-3.2016303805541995,False
67,147,80,-3.2019781979370117,False
71,152,81,-3.201998657226562,False
71,148,77,-3.202640229797363,False
76,140,64,-3.20269777923584,False
80,130,50,-3.2027976080322267,False
26,65,39,-3.20306633972168,False
16,104,88,-3.203076029663086,False
36,148,112,-3.2031974530029297,False
14,78,64,-3.2034800631713862,False
14,82,68,-3.203482407226562,False
83,125,42,-3.203778198242188,False
18,87,69,-3.2038418930053707,False
56,128,72,-3.203856428833008,False
68,132,64,-3.2040670904541018,False
19,136,117,-3.2041135314941407,False
10,39,29,-3.204128161010742,False
57,121,64,-3.204241785888672,False
93,145,52,-3.2044259304809573,False
70,132,62,-3.204498584899903,False
15,104,89,-3.204560944519043,False
82,118,36,-3.2047177673339844,False
38,124,86,-3.2052654693603513,False
13,139,126,-3.205275051879883,False
86,127,41,-3.205374006652832,False
19,78,59,-3.205463643798828,False
67,142,75,-3.2054835818481444,False
23,128,105,-3.2055292163085936,False
60,116,56,-3.2055634564208986,False
92,149,57,-3.2055655337524414,False
75,137,62,-3.2058206375122067,False
80,129,49,-3.205840999450684,False
72,130,58,-3.205967152709961,False
8,147,139,-3.2059865658569335,False
36,119,83,-3.2060736453247074,False
10,78,68,-3.2065825415039066,False
79,146,67,-3.2068323013305666,False
6,68,62,-3.2069027734374997,False
52,121,69,-3.2069433633422855,False
99,153,54,-3.207024284667969,False
77,148,71,-3.207029347839355,False
83,127,44,-3.207322226257324,False
5,143,138,-3.2076052380371096,False
75,145,70,-3.2076832293701174,False
90,139,49,-3.2078031146240233,False
57,124,67,-3.207990171203613,False
68,150,82,-3.208107761230469,False
37,68,31,-3.2082278567504887,False
62,149,87,-3.2082592541503905,False
25,75,50,-3.2083761349487303,False
6,53,47,-3.208494788513184,False
24,71,47,-3.208648682861328,False
66,151,85,-3.208677980957031,False
59,124,65,-3.2089095764160156,False
25,67,42,-3.20902698852539,False
73,140,67,-3.2091642572021484,False
13,104,91,-3.2091689245605464,False
83,124,41,-3.2092269009399415,False
70,147,77,-3.209528221130371,False
59,148,89,-3.2096037158203123,False
74,136,62,-3.210002179260254,False
74,144,70,-3.210028125,False
50,86,36,-3.210092514953613,False
21,68,47,-3.210108272705078,False
11,105,94,-3.210115517883301,False
11,77,66,-3.210201703186035,False
17,111,94,-3.210278633728027,False
33,121,88,-3.210353770751953,False
18,36,18,-3.2104260458374023,False
27,65,38,-3.210449561462402,False
86,120,34,-3.2105328387451175,False
13,37,24,-3.2105348141479495,False
11,106,95,-3.210578690185547,False
75,138,63,-3.210642357177734,False
29,65,36,-3.2111832440185544,False
13,136,123,-3.2112158264160158,False
12,139,127,-3.2112832495117187,False
52,117,65,-3.2114038244628906,False
18,37,19,-3.2115995291137693,False
10,81,71,-3.211765219726563,False
11,87,76,-3.2120942105102537,False
19,110,91,-3.212260774841309,False
12,142,130,-3.212611486206055,False
6,70,64,-3.212628244628906,False
17,104,87,-3.2126295419311526,False
74,137,63,-3.2126418060302733,False
55,119,64,-3.212755042114258,False
5,53,48,-3.2128837731933593,False
60,120,60,-3.213100979919434,False
83,131,48,-3.213187928161621,False
33,101,68,-3.213225874328613,False
72,114,42,-3.2133085971069333,False
54,120,66,-3.2134161151123046,False
19,132,113,-3.2134248251342776,False
37,100,63,-3.21344910736084,False
69,147,78,-3.2138524841308596,False
51,83,32,-3.2138739321899417,False
16,138,122,-3.213924766235352,False
95,143,48,-3.213974889831543,False
18,39,21,-3.214135736999512,False
31,129,98,-3.2141849771118167,False
12,138,126,-3.2141999063110354,False
67,141,74,-3.2142582348632813,False
8,37,29,-3.2142724276733396,False
59,115,56,-3.2145144897460938,False
64,115,51,-3.214835053100586,False
69,146,77,-3.2148442037963867,False
18,83,65,-3.214910875244141,False
21,135,114,-3.2149974911499024,False
80,118,38,-3.2150136599731445,False
66,150,84,-3.2153126550292965,False
56,127,71,-3.2153817681884767,False
85,125,40,-3.2156048831176762,False
107,148,41,-3.2159106713867187,False
38,123,85,-3.2160029498291016,False
21,69,48,-3.216126188964844,False
34,102,68,-3.216132561645508,False
31,77,46,-3.21619532623291,False
65,117,52,-3.2162309164428713,False
35,147,112,-3.216280273132324,False
36,103,67,-3.2166775900268556,False
74,145,71,-3.216727643432617,False
73,133,60,-3.2170494372558593,False
85,118,33,-3.2170930972290037,False
68,134,66,-3.21724092590332,False
91,144,53,-3.2172503088378903,False
26,78,52,-3.217400549316406,False
68,141,73,-3.217416656494141,False
75,135,60,-3.2175819784545903,False
76,144,68,-3.2176488522338866,False
59,117,58,-3.217771365051269,False
82,121,39,-3.2179271310424804,False
66,140,74,-3.2179556454467773,False
98,154,56,-3.218131577148438,False
56,126,70,-3.218164627685547,False
20,37,17,-3.218400816345215,False
13,111,98,-3.21844330657959,False
56,124,68,-3.2184572052001954,False
27,77,50,-3.2184583709716796,False
15,70,55,-3.218653113708496,False
91,140,49,-3.2186859057617183,False
11,144,133,-3.218776122131348,False
24,127,103,-3.218914506225586,False
28,65,37,-3.2189527600097656,False
104,151,47,-3.2191138632202145,False
79,138,59,-3.219142042236328,False
108,145,37,-3.219255860900879,False
14,83,69,-3.219369251098633,False
18,104,86,-3.2194476657104496,False
59,127,68,-3.21947867767334,False
76,134,58,-3.2196071231079104,False
20,90,70,-3.219660454406738,False
99,154,55,-3.219694277038574,False
67,148,81,-3.2198124172973634,False
9,147,138,-3.219880083007813,False
22,131,109,-3.2199068121337886,False
47,87,40,-3.220025958862305,False
28,132,104,-3.220042987060547,False
66,155,89,-3.220653747558594,False
50,130,80,-3.220835415039063,False
25,78,53,-3.2209089443969723,False
67,153,86,-3.221009855651855,False
21,70,49,-3.221078611755371,False
73,129,56,-3.2211168313598635,False
104,139,35,-3.2211261077880864,False
17,76,59,-3.2212591259765624,False
38,73,35,-3.2212981466674804,False
84,139,55,-3.2213872579956053,False
84,132,48,-3.221663274230957,False
74,139,65,-3.221694985046387,False
21,108,87,-3.221737797241211,False
37,75,38,-3.2219876141357426,False
87,128,41,-3.2220450875854487,False
8,139,131,-3.2222162677001953,False
6,69,63,-3.222399171447754,False
91,139,48,-3.2224597955322265,False
57,120,63,-3.222520059814453,False
76,143,67,-3.222642347717285,False
77,147,70,-3.222850314941406,False
14,86,72,-3.223167019348145,False
63,115,52,-3.2234394274902343,False
20,36,16,-3.223994585266113,False
76,150,74,-3.2240421240234376,False
8,39,31,-3.22420017578125,False
15,78,63,-3.2242554971313475,False
69,111,42,-3.2244321047973634,False
68,152,84,-3.22491059967041,False
17,75,58,-3.2252377377319332,False
20,131,111,-3.2253085955810548,False
55,120,65,-3.225394346923828,False
28,74,46,-3.2255637362670897,False
35,146,111,-3.225591757507324,False
85,128,43,-3.2257946713256835,False
68,151,83,-3.22601700592041,False
22,78,56,-3.226090591430664,False
15,82,67,-3.2261691162109374,False
35,148,113,-3.226227286071777,False
72,132,60,-3.2262299252319337,False
16,79,63,-3.226626747436524,False
11,142,131,-3.2266287786865235,False
15,84,69,-3.226653028564453,False
10,79,69,-3.226976563720703,False
84,122,38,-3.227032878417969,False
71,144,73,-3.227314803161621,False
48,85,37,-3.2273292651367185,False
92,144,52,-3.227487890014648,False
57,118,61,-3.2280149438476564,False
10,77,67,-3.22816461517334,False
21,134,113,-3.228197282409668,False
38,75,37,-3.2282035153198243,False
19,39,20,-3.228214077453613,False
53,130,77,-3.228642560119629,False
89,148,59,-3.228733915405273,False
16,87,71,-3.2288286822509766,False
13,65,52,-3.2288809353637697,False
76,131,55,-3.229080966796875,False
19,89,70,-3.2292105236816404,False
17,136,119,-3.2292636352539064,False
18,38,20,-3.22932450378418,False
54,129,75,-3.229578164367676,False
51,120,69,-3.229652267456055,False
88,135,47,-3.229764412536621,False
62,148,86,-3.229987080993652,False
19,77,58,-3.2300569808959962,False
33,130,97,-3.230315588684082,False
102,152,50,-3.2304793811035153,False
19,72,53,-3.2305303088378907,False
103,138,35,-3.230543876037598,False
51,118,67,-3.230666079711914,False
13,103,90,-3.2316168341064455,False
26,66,40,-3.231770848083496,False
60,115,55,-3.2317732052612307,False
72,146,74,-3.231839842224121,False
34,101,67,-3.2319181091308593,False
77,146,69,-3.232056637573242,False
75,141,66,-3.2322477359008785,False
11,82,71,-3.232437107238769,False
12,106,94,-3.2325674658203125,False
25,74,49,-3.232626145324707,False
17,87,70,-3.2327853826904294,False
70,133,63,-3.2328021340942383,False
69,132,63,-3.232840305786133,False
22,68,46,-3.2329149121093748,False
32,63,31,-3.2329333374023435,False
84,117,33,-3.2330222702026368,False
73,114,41,-3.233064729614258,False
83,128,45,-3.233220538330078,False
8,81,73,-3.2333948629760743,False
102,138,36,-3.233462095947266,False
96,143,47,-3.233691200256348,False
12,87,75,-3.233879555358887,False
49,86,37,-3.233883815612793,False
29,75,46,-3.2340311874389647,False
36,122,86,-3.234410220031738,False
81,119,38,-3.234907689819336,False
56,121,65,-3.2349665890502926,False
105,150,45,-3.235207721557617,False
25,77,52,-3.235269633178711,False
59,147,88,-3.23529696685791,False
80,121,41,-3.235473586120605,False
16,77,61,-3.235664230041504,False
74,151,77,-3.2357875799560545,False
15,80,65,-3.2359005273437504,False
6,79,73,-3.2361548434448246,False
68,142,74,-3.2361813055419923,False
19,84,65,-3.2366652825927735,False
29,131,102,-3.2366972332763675,False
73,135,62,-3.2367561532592775,False
22,133,111,-3.236881612548828,False
73,128,55,-3.2369259936523433,False
10,80,70,-3.237161965942383,False
62,116,54,-3.23728931640625,False
59,125,66,-3.237353150939941,False
37,72,35,-3.2375555841064454,False
108,143,35,-3.237569221191406,False
76,146,70,-3.23771798248291,False
70,152,82,-3.2378095092773433,False
75,140,65,-3.2378603228759766,False
72,149,77,-3.2378842303466797,False
32,79,47,-3.2380495272827146,False
4,143,139,-3.238133276672363,False
65,116,51,-3.2381923483276367,False
39,127,88,-3.2385588308715816,False
38,76,38,-3.238888858032227,False
66,139,73,-3.2389984997558594,False
18,135,117,-3.239374051513672,False
20,89,69,-3.239387226867676,False
52,124,72,-3.239562821655274,False
76,141,65,-3.2396593237304687,False
15,76,61,-3.2398780181884765,False
22,71,49,-3.2398842572021485,False
8,84,76,-3.2399193618774413,False
69,133,64,-3.2399941232299803,False
50,83,33,-3.2400340380859376,False
16,78,62,-3.2400394525146483,False
83,117,34,-3.2401464953613277,False
10,140,130,-3.2402763934326173,False
5,52,47,-3.240431494445801,False
37,101,64,-3.240458871154785,False
70,143,73,-3.2407545361328127,False
11,107,96,-3.241072660827637,False
83,138,55,-3.241635991821289,False
39,118,79,-3.242059391479492,False
51,126,75,-3.242235885009766,False
20,136,116,-3.2422888162231445,False
61,117,56,-3.242290498046875,False
28,88,60,-3.242403759765625,False
21,72,51,-3.2424901260375973,False
35,126,91,-3.2426506195068354,False
59,120,61,-3.242668994140625,False
63,116,53,-3.2428190139770505,False
108,146,38,-3.242971972351074,False
19,105,86,-3.2433882781982417,False
66,152,86,-3.243480114440918,False
74,143,69,-3.243668278503418,False
14,69,55,-3.24376430267334,False
73,130,57,-3.2441080010986325,False
70,138,68,-3.245035726928711,False
10,37,27,-3.2455463565063476,False
86,119,33,-3.246102551574707,False
16,67,51,-3.2464526364135744,False
12,67,55,-3.2466291958618165,False
98,140,42,-3.2466791845703127,False
94,145,51,-3.2468646282958984,False
18,110,92,-3.2469523306274413,False
21,79,58,-3.247308963623047,False
33,123,90,-3.2475031393432614,False
24,67,43,-3.247554160766602,False
66,148,82,-3.247742568664551,False
84,124,40,-3.247818536376953,False
11,83,72,-3.2479269653320317,False
15,83,68,-3.2480638873291015,False
36,121,85,-3.2481196884155272,False
8,140,132,-3.2481996908569335,False
34,124,90,-3.2483612124633785,False
107,143,36,-3.248571144104004,False
30,84,54,-3.248769448547363,False
73,136,63,-3.248834235534668,False
35,124,89,-3.24895626373291,False
30,122,92,-3.248993598937988,False
58,117,59,-3.2490394635009765,False
36,71,35,-3.249446364746094,False
6,145,139,-3.249638680114746,False
33,79,46,-3.2497686849975587,False
11,81,70,-3.2498683447265626,False
9,146,137,-3.2502053527832033,False
65,136,71,-3.2502113931274415,False
32,64,32,-3.250361209411621,False
25,91,66,-3.250555474243164,False
23,71,48,-3.2507716528320314,False
80,128,48,-3.2508168865966796,False
4,142,138,-3.2512734866333006,False
98,135,37,-3.251316872253418,False
17,74,57,-3.2513367019653323,False
66,154,88,-3.2513978131103514,False
72,148,76,-3.2517367282104495,False
75,150,75,-3.251875262451172,False
51,117,66,-3.25189254486084,False
7,74,67,-3.2519120672607422,False
64,116,52,-3.252180314331055,False
21,131,110,-3.252267358093262,False
83,123,40,-3.2524475765991214,False
15,86,71,-3.25258821472168,False
69,136,67,-3.25272592010498,False
73,152,79,-3.252772740478515,False
98,136,38,-3.2530886102294923,False
31,123,92,-3.253144534912109,False
56,119,63,-3.253409741821289,False
17,66,49,-3.253645881652832,False
92,145,53,-3.2540839236450196,False
10,36,26,-3.254183608093262,False
18,81,63,-3.2542139578247076,False
19,67,48,-3.254528075256348,False
7,140,133,-3.254624637756348,False
8,141,133,-3.255157150573731,False
9,140,131,-3.255171385498047,False
9,39,30,-3.25572368347168,False
9,138,129,-3.255765209655762,False
72,140,68,-3.255992174072266,False
34,123,89,-3.2561114453125,False
20,67,47,-3.2564496990966796,False
49,85,36,-3.256469725036621,False
54,128,74,-3.2564766076660154,False
14,76,62,-3.256519051208496,False
102,139,37,-3.256592596130371,False
100,139,39,-3.256961559143066,False
19,70,51,-3.2570689260864256,False
58,124,66,-3.2571344876098633,False
58,121,63,-3.257192215576172,False
9,67,58,-3.2572793750000004,False
94,143,49,-3.257602739868164,False
6,52,46,-3.257772877807617,False
47,85,38,-3.25781799987793,False
61,119,58,-3.257828123779297,False
76,151,75,-3.2584160769653323,False
28,129,101,-3.2584241247558596,False
17,80,63,-3.2588679925537107,False
9,36,27,-3.259081896057129,False
17,39,22,-3.259114107971192,False
8,145,137,-3.259162043762207,False
100,138,38,-3.259322975158691,False
11,108,97,-3.259426668395996,False
20,71,51,-3.2594476361083986,False
69,150,81,-3.2595715756225587,False
22,79,57,-3.259609109802246,False
19,134,115,-3.2596872448730467,False
21,132,111,-3.2597697048950196,False
22,81,59,-3.259845472106934,False
32,129,97,-3.2598927770996093,False
38,72,34,-3.259954836120605,False
16,65,49,-3.2599835699462894,False
59,121,62,-3.2600957662963865,False
36,77,41,-3.2601433187866213,False
29,130,101,-3.2603553475952145,False
107,145,38,-3.260396562194824,False
63,117,54,-3.260535408935547,False
18,86,68,-3.2608361761474614,False
23,134,111,-3.2608897991943357,False
72,135,63,-3.2609596124267575,False
54,124,70,-3.261446721496582,False
103,152,49,-3.2622763842773437,False
9,139,130,-3.2623085845947264,False
37,69,32,-3.2626498583984374,False
5,75,70,-3.2626620376586914,False
14,105,91,-3.262813448486328,False
26,75,49,-3.2630728289794924,False
55,122,67,-3.2633766183471677,False
37,126,89,-3.2634696905517577,False
32,78,46,-3.2636264901733396,False
13,81,68,-3.2636809426879885,False
56,118,62,-3.264034924316406,False
19,37,18,-3.264136352233886,False
22,70,48,-3.264235641784668,False
21,105,84,-3.264425173034668,False
13,138,125,-3.2644528143310545,False
27,126,99,-3.2644909835815428,False
9,37,28,-3.265005419921875,False
75,139,64,-3.265290997314453,False
76,149,73,-3.2654823132324218,False
26,101,75,-3.2655139154052732,False
103,139,36,-3.265723881225586,False
6,71,65,-3.2660222500610354,False
93,149,56,-3.266233483886719,False
80,119,39,-3.266306566772461,False
20,78,58,-3.266406557312012,False
75,151,76,-3.266409872131348,False
72,145,73,-3.266748536987305,False
21,133,112,-3.2671395202636715,False
18,67,49,-3.267361576843262,False
28,130,102,-3.267507878112793,False
17,86,69,-3.268146721191406,False
28,124,96,-3.268220340576172,False
34,128,94,-3.2682721755981445,False
34,63,29,-3.2683735833740237,False
18,72,54,-3.2685768048095705,False
16,135,119,-3.2686214614868163,False
16,137,121,-3.2686370431518554,False
37,124,87,-3.26882318939209,False
71,147,76,-3.2688362844848635,False
12,81,69,-3.269811041870117,False
32,77,45,-3.2698417459106444,False
69,144,75,-3.2699227935791013,False
20,104,84,-3.270635674438476,False
61,118,57,-3.2707368838500974,False
21,106,85,-3.2708557519531247,False
37,123,86,-3.27087873840332,False
58,125,67,-3.2713522875976566,False
29,123,94,-3.2713590155029295,False
106,143,37,-3.2714081985473635,False
52,131,79,-3.2718456277465817,False
11,80,69,-3.271856885070801,False
100,140,40,-3.271863472290039,False
35,77,42,-3.2720321282958986,False
92,146,54,-3.272065985107422,False
101,138,37,-3.2721085803222656,False
28,126,98,-3.2722549810791017,False
51,130,79,-3.2723889468383787,False
35,71,36,-3.2725979550170896,False
8,80,72,-3.272649083862305,False
55,128,73,-3.2729015173339846,False
56,122,66,-3.273086694946289,False
70,140,70,-3.2736017068481447,False
23,91,68,-3.273963122253418,False
22,132,110,-3.274151434631348,False
53,126,73,-3.274154684143066,False
67,139,72,-3.2745492297363286,False
90,147,57,-3.274570030212402,False
19,88,69,-3.2746848895263674,False
57,119,62,-3.2746922406005856,False
69,151,82,-3.2747822631835937,False
6,146,140,-3.2749327041625973,False
26,127,101,-3.2750042044067387,False
7,71,64,-3.2750620898437504,False
69,135,66,-3.275223336791992,False
86,121,35,-3.2753089843749996,False
106,149,43,-3.275393249511719,False
107,147,40,-3.27545078704834,False
54,127,73,-3.2755600125122073,False
14,85,71,-3.275934359130859,False
71,149,78,-3.2759563540649417,False
14,111,97,-3.2764161364746096,False
72,152,80,-3.2768593536376955,False
11,79,68,-3.2769816546630857,False
25,76,51,-3.2771109777832033,False
24,91,67,-3.2772582284545897,False
48,86,38,-3.2774923703002927,False
76,137,61,-3.277583713378906,False
85,127,42,-3.2776285430908203,False
83,120,37,-3.2776760711669923,False
9,141,132,-3.277742568969727,False
20,132,112,-3.2778112796020507,False
16,111,95,-3.2778259820556643,False
54,126,72,-3.2780226324462887,False
106,142,36,-3.2780656753540036,False
66,138,72,-3.2784245556640625,False
69,140,71,-3.2784497677612308,False
35,123,88,-3.278456551208496,False
79,148,69,-3.2785578503417967,False
17,70,53,-3.2786463696289063,False
18,71,53,-3.2786962448120116,False
67,154,87,-3.2793181533813476,False
84,128,44,-3.2793945169067387,False
62,117,55,-3.2795644168090816,False
30,130,100,-3.279565275268555,False
15,71,56,-3.279723229980469,False
50,128,78,-3.279774484558106,False
76,147,71,-3.2799798803710933,False
29,77,48,-3.279986986694336,False
106,144,38,-3.280055123291016,False
24,132,108,-3.280416747741699,False
36,65,29,-3.2806753503417965,False
33,102,69,-3.2807905612182617,False
22,90,68,-3.2808792294311524,False
69,149,80,-3.281374696044922,False
26,102,76,-3.2815740921020504,False
5,76,71,-3.281640299377442,False
19,69,50,-3.281683562316894,False
16,105,89,-3.281831008300782,False
17,67,50,-3.282134495849609,False
74,150,76,-3.2821712020874023,False
70,139,69,-3.2821806619262697,False
94,144,50,-3.2826975897216797,False
76,138,62,-3.282901735839844,False
79,147,68,-3.2830654470825196,False
73,137,64,-3.2831802947998048,False
19,36,17,-3.2832383200073245,False
65,137,72,-3.283791724853516,False
15,73,58,-3.2838420108032222,False
9,79,70,-3.2838455630493164,False
10,82,72,-3.2839975640869143,False
74,146,72,-3.284084366760254,False
71,150,79,-3.284132106018066,False
10,141,131,-3.284384140319824,False
82,119,37,-3.2844617651367187,False
69,143,74,-3.284755326843262,False
27,128,101,-3.284817431335449,False
99,140,41,-3.2849597064208984,False
26,76,50,-3.285174096069336,False
60,119,59,-3.285802091064453,False
25,70,45,-3.28584642578125,False
33,78,45,-3.2861397869873046,False
69,137,68,-3.286142490844727,False
52,118,66,-3.286188825378418,False
27,66,39,-3.286292303466797,False
27,73,46,-3.2864876776123046,False
35,149,114,-3.2865964416503908,False
37,73,36,-3.28664352355957,False
93,146,53,-3.2866732373046874,False
25,127,102,-3.2870319885253907,False
53,125,72,-3.2871703344726564,False
8,146,138,-3.287373663635254,False
16,136,120,-3.2873884603881836,False
7,72,65,-3.2876984823608395,False
28,125,97,-3.2877455142211915,False
18,82,64,-3.2879498794555664,False
99,137,38,-3.2880637286376952,False
37,76,39,-3.288171072998047,False
60,117,57,-3.2883431192016603,False
69,142,73,-3.2883751281738283,False
36,149,113,-3.288591389160156,False
99,138,39,-3.288871092224121,False
36,99,63,-3.288890863952637,False
35,67,32,-3.2889621179199215,False
22,72,50,-3.28909753112793,False
27,67,40,-3.2895259963989263,False
64,117,53,-3.289565864562988,False
8,70,62,-3.289664197692871,False
24,74,50,-3.289680198059082,False
73,144,71,-3.289819778747559,False
8,79,71,-3.2900459887695312,False
19,133,114,-3.290528425292969,False
73,141,68,-3.2906200994873047,False
31,78,47,-3.2909797436523442,False
19,73,54,-3.2911500656127926,False
20,109,89,-3.291172809753418,False
68,149,81,-3.2915357153320315,False
27,89,62,-3.291536036376953,False
72,142,70,-3.2916457135009765,False
68,140,72,-3.2916637936401365,False
50,129,79,-3.2917421716308595,False
10,67,57,-3.291754546508789,False
13,66,53,-3.2917886657714845,False
9,85,76,-3.291844304199219,False
34,78,44,-3.2919298324584956,False
26,103,77,-3.292377723083496,False
29,66,37,-3.292417265625,False
25,71,46,-3.2927277087402347,False
55,118,63,-3.293150131530761,False
13,79,66,-3.293182290039063,False
28,66,38,-3.2931898086547853,False
29,86,57,-3.2931930123901365,False
73,142,69,-3.293264607543945,False
72,141,69,-3.2934174304199217,False
105,141,36,-3.2936591076660156,False
33,103,70,-3.2937226315307617,False
19,76,57,-3.2942708346557614,False
67,140,73,-3.2942817224121095,False
36,126,90,-3.2944918682861326,False
22,69,47,-3.2946105999755857,False
70,151,81,-3.2947619006347657,False
69,138,69,-3.2949843170166013,False
100,154,54,-3.2954085006713867,False
9,81,72,-3.295623286743164,False
22,80,58,-3.295818877258301,False
58,119,61,-3.2960291024780277,False
8,78,70,-3.296192375183105,False
27,75,48,-3.2962924600219727,False
59,119,60,-3.2963150979614255,False
73,145,72,-3.2963453466796877,False
62,115,53,-3.2965196838378907,False
14,84,70,-3.2973967617797855,False
86,123,37,-3.297433475646973,False
7,78,71,-3.297491206359863,False
70,150,80,-3.297926949462891,False
15,74,59,-3.297965490417481,False
21,73,52,-3.2983072100830078,False
17,135,118,-3.298624534606934,False
28,75,47,-3.2992637567138674,False
76,145,69,-3.299270881347656,False
56,125,69,-3.2993506771850583,False
22,89,67,-3.299869575805664,False
7,145,138,-3.300123197937012,False
35,72,37,-3.3002251016235347,False
72,137,65,-3.3002483367919924,False
15,105,90,-3.300519456176758,False
36,123,87,-3.3007794458007815,False
32,123,91,-3.301207974853516,False
13,80,67,-3.301321841125488,False
10,86,76,-3.301610525817871,False
22,75,53,-3.301647389831543,False
91,147,56,-3.301717295227051,False
10,145,135,-3.3017707791137694,False
67,152,85,-3.301772997741699,False
7,79,72,-3.301853127441406,False
9,145,136,-3.3022314822387697,False
18,70,52,-3.302658786010742,False
98,139,41,-3.3027116775512697,False
104,141,37,-3.303029760437012,False
51,129,78,-3.3034522827148436,False
20,72,52,-3.3036822409057622,False
35,74,39,-3.3037639035034183,False
37,127,90,-3.3038087643432617,False
35,65,30,-3.304034487609863,False
84,127,43,-3.3043170083618163,False
99,139,40,-3.304353218383789,False
10,83,73,-3.3043997863769534,False
36,101,65,-3.3044452597045897,False
55,124,69,-3.304726928100586,False
62,118,56,-3.3050456311035155,False
72,139,67,-3.3050732885742184,False
21,107,86,-3.3052395785522464,False
13,82,69,-3.306224705200195,False
30,81,51,-3.3068032012939454,False
24,128,104,-3.307305295715332,False
23,133,110,-3.307440582580566,False
53,127,74,-3.308154669494629,False
17,69,52,-3.308694235534668,False
27,129,102,-3.3090116503906253,False
91,148,57,-3.309085663757324,False
14,110,96,-3.3091053207397456,False
67,135,68,-3.309213425598145,False
98,141,43,-3.3094943487548827,False
18,68,50,-3.309700708618164,False
17,68,51,-3.309788715820312,False
70,149,79,-3.3099112963867183,False
58,118,60,-3.310105158081055,False
84,125,41,-3.311097584838867,False
35,73,38,-3.3114150827026365,False
94,150,56,-3.3114854513549803,False
75,149,74,-3.3116902694702146,False
9,87,78,-3.3119146270751956,False
19,81,62,-3.3119885543823244,False
52,126,74,-3.3120097833251956,False
98,142,44,-3.312303714904785,False
76,136,60,-3.3124493618774418,False
8,68,60,-3.3124753924560544,False
38,127,89,-3.313143833618164,False
67,150,83,-3.313454642944336,False
73,139,66,-3.3134716567993165,False
75,147,72,-3.313701832885742,False
17,36,19,-3.313721371765137,False
15,72,57,-3.3142500698852535,False
36,74,38,-3.3145118640136717,False
67,138,71,-3.3145227893066407,False
6,141,135,-3.314706209716797,False
66,136,70,-3.315082206115723,False
20,88,68,-3.315168631286621,False
68,135,67,-3.315572326049805,False
30,83,53,-3.3157079000854495,False
28,87,59,-3.315813345336914,False
19,75,56,-3.316419052734375,False
21,80,59,-3.3170046282958987,False
105,149,44,-3.3173865963745115,False
107,146,39,-3.3176048556518554,False
72,147,75,-3.317658462524414,False
17,37,20,-3.317727659606933,False
51,127,76,-3.3178104031372073,False
21,74,53,-3.318032367553711,False
66,149,83,-3.3180985049438476,False
15,85,70,-3.318142826843262,False
27,76,49,-3.3181797174072267,False
72,150,78,-3.318420442199707,False
71,151,80,-3.318671385803223,False
29,78,49,-3.318677998352051,False
73,151,78,-3.318682648925781,False
55,121,66,-3.318788110656738,False
27,78,51,-3.318969137878418,False
17,83,66,-3.319241839904785,False
29,129,100,-3.319354302062988,False
73,150,77,-3.319390762023926,False
25,69,44,-3.319520446777344,False
76,148,72,-3.319595381469726,False
21,77,56,-3.3196550430297855,False
9,82,73,-3.319669473876953,False
21,81,60,-3.3200018032836915,False
52,125,73,-3.3200346978759767,False
22,84,62,-3.320082227783203,False
33,129,96,-3.3204166778564455,False
11,85,74,-3.320618042602539,False
17,105,88,-3.320770666809082,False
18,85,67,-3.320933055725098,False
13,110,97,-3.321058236083984,False
90,148,58,-3.3222984371948243,False
93,147,54,-3.3224370526123046,False
58,120,62,-3.32279943359375,False
76,135,59,-3.322954143676758,False
29,85,56,-3.3229819961547853,False
96,152,56,-3.3231577233886718,False
23,70,47,-3.323310796813965,False
19,135,116,-3.3233310369873044,False
9,78,69,-3.323469151306152,False
30,80,50,-3.3235542074584963,False
55,127,72,-3.323653837585449,False
73,138,65,-3.324033377075195,False
30,129,99,-3.324316565246582,False
20,70,50,-3.3244886151123048,False
19,74,55,-3.3246677804565428,False
27,88,61,-3.324686296691895,False
9,83,74,-3.3251017175292974,False
18,69,51,-3.3251175946044924,False
22,77,55,-3.3253259634399415,False
67,136,69,-3.325631213684082,False
83,118,35,-3.3256976461791994,False
69,139,70,-3.3258106469726565,False
92,147,55,-3.3260189596557614,False
6,140,134,-3.3260283544921876,False
12,79,67,-3.326079618225098,False
17,81,64,-3.326480943603516,False
95,150,55,-3.326620813293457,False
66,135,69,-3.3266585388183594,False
16,74,58,-3.326834628601074,False
7,75,68,-3.3269770849609372,False
24,69,45,-3.3272844915771485,False
12,80,68,-3.3273162826538085,False
17,84,67,-3.3274119378662106,False
29,76,47,-3.3274546676635746,False
47,86,39,-3.3275048278808597,False
76,139,63,-3.3277924642944336,False
15,75,60,-3.328295580444336,False
36,102,66,-3.3284075939941404,False
12,68,56,-3.328464833679199,False
24,70,46,-3.3285596591186524,False
30,77,47,-3.3287123217773433,False
34,126,92,-3.3287875088500973,False
100,153,53,-3.3289090835571287,False
24,75,51,-3.3298334680175783,False
5,142,137,-3.3302312243652343,False
5,77,72,-3.3303544522094723,False
17,73,56,-3.3306271267700196,False
7,73,66,-3.3307897994995117,False
22,87,65,-3.3309769088745114,False
9,80,71,-3.3311392639160156,False
26,73,47,-3.3314476620483395,False
21,75,54,-3.3316208169555663,False
21,86,65,-3.332075250854492,False
85,123,38,-3.332630003356934,False
20,68,48,-3.3328187484741214,False
68,136,68,-3.333035363769531,False
68,139,71,-3.3333211322021485,False
12,77,65,-3.333330820617676,False
59,118,59,-3.3337561560058595,False
19,79,60,-3.334084842529297,False
101,140,39,-3.334108976135254,False
20,77,57,-3.3342958044433595,False
10,85,75,-3.334661336669922,False
20,69,49,-3.336060687866211,False
26,67,41,-3.3361192309570313,False
36,67,31,-3.336366719970703,False
68,137,69,-3.336585719299316,False
9,68,59,-3.33683260345459,False
15,111,96,-3.3368364971923823,False
60,118,58,-3.338028121337891,False
9,84,75,-3.338202537841797,False
30,123,93,-3.3382148678588868,False
20,73,53,-3.338538910827637,False
103,141,38,-3.338548603515625,False
74,149,75,-3.3402859725952148,False
6,78,72,-3.3407517028808593,False
101,139,38,-3.3412553729248047,False
17,38,21,-3.3413231423950194,False
55,126,71,-3.3415318200683592,False
11,68,57,-3.3416708312988286,False
36,100,64,-3.3418231521606443,False
94,146,52,-3.342144314575195,False
16,68,52,-3.3422325686645507,False
13,105,92,-3.342389378051758,False
31,79,48,-3.3424175076293947,False
98,137,39,-3.3429154092407223,False
28,85,57,-3.343770006713867,False
7,141,134,-3.344667292785645,False
13,87,74,-3.3447788656616213,False
27,68,41,-3.3450066317749028,False
16,69,53,-3.345356491088867,False
8,144,136,-3.3455200927734374,False
21,84,63,-3.3464740280151366,False
73,146,73,-3.346483452758789,False
18,105,87,-3.3465482727050784,False
22,74,52,-3.347259201660156,False
17,71,54,-3.347526259765625,False
34,77,43,-3.3476987103271485,False
19,85,66,-3.3477198110961917,False
31,126,95,-3.3478685864257813,False
7,146,139,-3.3482890979003903,False
35,127,92,-3.3484590908813474,False
67,151,84,-3.3490484927368165,False
94,149,55,-3.349525185241699,False
93,148,55,-3.3496074050903317,False
23,78,55,-3.3496241531372073,False
17,82,65,-3.349913681335449,False
12,78,66,-3.3499491055297854,False
33,126,93,-3.3502273626708985,False
28,128,100,-3.3503536419677737,False
12,82,70,-3.3505806164550784,False
9,86,77,-3.3506283169555666,False
68,138,70,-3.3507087567138667,False
72,144,72,-3.350746938781738,False
84,120,36,-3.3509955712890624,False
26,68,42,-3.3513190478515624,False
27,130,103,-3.351409118652344,False
97,143,46,-3.3514870175170897,False
16,110,94,-3.3518780859375,False
20,75,55,-3.352468503417969,False
28,131,103,-3.352624158630371,False
36,73,37,-3.3526887460327144,False
23,69,46,-3.352776923828125,False
8,143,135,-3.3528577578735352,False
96,151,55,-3.352934273071289,False
33,63,30,-3.3533428686523434,False
85,121,36,-3.3534669692993164,False
51,128,77,-3.3537920693969725,False
12,86,74,-3.353879052124024,False
73,148,75,-3.353881151428223,False
95,145,50,-3.3542159371948244,False
23,81,58,-3.3548063510131834,False
17,85,68,-3.355235453491211,False
6,144,138,-3.355240274658203,False
25,132,107,-3.35529729675293,False
53,129,76,-3.3552987988281253,False
37,125,88,-3.355430977783203,False
25,79,54,-3.356676714477539,False
14,70,56,-3.357191938781738,False
20,133,113,-3.357332543334961,False
6,75,69,-3.357334996032715,False
31,74,43,-3.3577542443847657,False
83,121,38,-3.357806810913086,False
19,87,68,-3.3578614627075196,False
13,85,72,-3.3579460180664062,False
54,125,71,-3.3580092941284176,False
11,84,73,-3.3582133447265625,False
32,126,94,-3.3583993054199217,False
8,71,63,-3.3588665731811522,False
17,72,55,-3.359016314086914,False
16,70,54,-3.359829621887207,False
102,141,39,-3.3599666140747066,False
15,110,95,-3.3601444290161133,False
27,81,54,-3.360338381958008,False
27,127,100,-3.3606820648193363,False
34,125,91,-3.360698448791504,False
29,81,52,-3.360715829467773,False
36,127,91,-3.3609464804077147,False
23,132,109,-3.36122229309082,False
24,129,105,-3.3613955947875978,False
19,68,49,-3.361634601135254,False
84,123,39,-3.3616685192871096,False
23,75,52,-3.3618476632690433,False
31,65,34,-3.3618727465820313,False
18,109,91,-3.3622756259155273,False
28,77,49,-3.3622927197265624,False
30,74,44,-3.362379506530762,False
19,109,90,-3.3633900033569333,False
24,89,65,-3.3635681719970707,False
7,77,70,-3.3635992373657224,False
10,87,77,-3.3637789627075194,False
31,125,94,-3.364493563537598,False
16,76,60,-3.364881392822266,False
34,64,30,-3.3653050964355473,False
19,80,61,-3.365447713623047,False
28,67,39,-3.3659189160156253,False
12,85,73,-3.366165813293457,False
24,72,48,-3.3662704287719727,False
16,39,23,-3.3665605883789063,False
22,73,51,-3.36701500793457,False
10,84,74,-3.367640121765137,False
100,141,41,-3.367972746887207,False
20,134,114,-3.368791442565918,False
95,146,51,-3.368855591125488,False
35,66,31,-3.3690683666992185,False
52,130,78,-3.3694631665039063,False
25,128,103,-3.369770820007324,False
27,71,44,-3.3702874340820315,False
105,143,38,-3.370355586242676,False
9,144,135,-3.3706821456909184,False
23,88,65,-3.370721221618653,False
25,73,48,-3.3707920867919925,False
106,145,39,-3.370880216064453,False
104,143,39,-3.3710829635620114,False
72,143,71,-3.371420522155762,False
74,148,74,-3.371520239257813,False
100,143,43,-3.3719156478881835,False
28,127,99,-3.372345509338379,False
20,135,115,-3.3724043008422853,False
16,71,55,-3.3725503793334957,False
99,141,42,-3.37326408996582,False
73,149,76,-3.3737256085205076,False
25,90,65,-3.3738454663085937,False
36,125,89,-3.3740797406005862,False
67,137,70,-3.3741871499633787,False
26,128,102,-3.3746851779174802,False
14,75,61,-3.374704816894531,False
11,70,59,-3.374906469116211,False
19,107,88,-3.375145337219238,False
8,142,134,-3.3752079998779294,False
33,124,91,-3.3753214706420898,False
10,143,133,-3.3753925140380856,False
24,90,66,-3.3758690301513674,False
22,82,60,-3.375935492553711,False
73,143,70,-3.376188002319336,False
67,149,82,-3.3764917855834957,False
98,138,40,-3.3765816738891603,False
16,36,20,-3.377183622741699,False
31,128,97,-3.3774404653930667,False
33,77,44,-3.3777098916625974,False
29,84,55,-3.377956027832031,False
23,84,61,-3.378077442321777,False
34,71,37,-3.3782648483276367,False
85,119,34,-3.378470437011719,False
105,142,37,-3.3785252453613284,False
24,78,54,-3.3786229568481447,False
33,128,95,-3.37882194732666,False
14,72,58,-3.3792182766723635,False
16,73,57,-3.379482102355957,False
29,80,51,-3.3796469384765624,False
25,72,47,-3.37972573425293,False
31,124,93,-3.379747395935058,False
20,79,59,-3.3801246075439453,False
99,142,43,-3.380491408691406,False
28,78,50,-3.3809705639648433,False
106,148,42,-3.3812397515869144,False
19,108,89,-3.3814956738281254,False
23,129,106,-3.382125758666992,False
25,129,104,-3.3821739361572263,False
36,124,88,-3.382337305603027,False
95,144,49,-3.382447506408691,False
92,148,56,-3.3827445208740237,False
30,82,52,-3.3830724322509766,False
75,148,73,-3.383369552307129,False
16,75,59,-3.383445687255859,False
12,83,71,-3.3835917205810544,False
96,144,48,-3.383778527526856,False
36,66,30,-3.3842550479125975,False
104,142,38,-3.3843264974975584,False
13,77,64,-3.384695129089356,False
9,77,68,-3.384837917480469,False
23,74,51,-3.3849988946533203,False
72,151,79,-3.385134581604004,False
19,86,67,-3.385427184753418,False
85,120,35,-3.3854339025878906,False
73,147,74,-3.385941116333008,False
26,81,55,-3.3862117541503904,False
20,74,54,-3.386319718017578,False
16,86,70,-3.3865362207031255,False
29,83,54,-3.3866102920532226,False
27,70,43,-3.386812000427246,False
83,119,36,-3.387059831542969,False
105,144,39,-3.3872445343017583,False
26,132,106,-3.387268989868164,False
31,71,40,-3.3874333099365233,False
19,83,64,-3.3887968771362305,False
72,138,66,-3.3889212942504883,False
31,76,45,-3.3892389321899414,False
16,82,66,-3.389392895812988,False
104,150,46,-3.389514568481445,False
14,73,59,-3.3896566299438478,False
23,80,57,-3.390122568359375,False
8,69,61,-3.3903210989379886,False
84,118,34,-3.390749303588867,False
23,73,50,-3.3908617712402345,False
31,75,44,-3.3918085543823238,False
28,86,58,-3.3918612500000003,False
22,83,61,-3.3923100845336913,False
28,76,48,-3.392356501159668,False
19,82,63,-3.3923825915527344,False
13,67,54,-3.3933110974121092,False
14,74,60,-3.393894659423828,False
11,76,65,-3.393963972473144,False
27,85,58,-3.394280221862793,False
13,78,65,-3.394468560180664,False
32,128,96,-3.3951913360595705,False
36,72,36,-3.3953271035766606,False
100,142,42,-3.3953355990600587,False
10,68,58,-3.395345971984863,False
9,142,133,-3.3962129248046877,False
21,83,62,-3.3962288049316407,False
101,152,51,-3.3962340856933593,False
97,144,47,-3.3964687677001955,False
53,128,75,-3.3966173684692387,False
94,147,53,-3.3967401721191406,False
20,84,64,-3.3970124884033206,False
11,69,58,-3.397247005004883,False
19,106,87,-3.397873010253906,False
14,109,95,-3.397890168457031,False
26,71,45,-3.3981636416625975,False
29,79,50,-3.398398038330078,False
10,142,132,-3.398581744689941,False
13,68,55,-3.399030871887207,False
24,83,59,-3.39914122467041,False
17,110,93,-3.399456609191895,False
23,89,66,-3.4000941183471682,False
36,70,34,-3.400527284851074,False
7,144,137,-3.4007196688842773,False
23,131,108,-3.401162586364746,False
23,90,67,-3.401490386962891,False
20,87,67,-3.401725183410645,False
30,75,45,-3.401822588500976,False
21,85,64,-3.4024586206054686,False
20,86,66,-3.402967786865234,False
16,85,69,-3.403116349182129,False
52,127,75,-3.403760520629883,False
14,71,57,-3.4037711871337892,False
20,81,61,-3.404019410095215,False
105,148,43,-3.4044430310058593,False
24,73,49,-3.404875030517578,False
23,79,56,-3.4053511422729494,False
20,108,88,-3.4057521847534185,False
102,151,49,-3.4061972769165036,False
24,82,58,-3.406733641052246,False
30,65,35,-3.4071522817993163,False
11,71,60,-3.4074676055908206,False
22,85,63,-3.4075992218017577,False
74,147,73,-3.4079043981933594,False
21,82,61,-3.40793494934082,False
12,84,72,-3.4081436831665037,False
29,124,95,-3.4087635775756837,False
9,71,62,-3.4090560656738282,False
8,75,67,-3.4094865185546874,False
24,84,60,-3.4095136114501954,False
94,148,54,-3.4095667239379885,False
7,142,135,-3.409781956176758,False
103,151,48,-3.409968812561035,False
16,81,65,-3.410657576599121,False
10,76,66,-3.411045442504883,False
7,143,136,-3.4115488687133793,False
24,77,53,-3.4117698614501952,False
28,81,53,-3.413251558532715,False
13,83,70,-3.4136278472900394,False
9,143,134,-3.414078175048828,False
66,137,71,-3.414568027038574,False
95,147,52,-3.414798063964844,False
20,85,65,-3.414868357849121,False
27,131,104,-3.4155066537475585,False
16,38,22,-3.415524189758301,False
16,84,68,-3.4157483361816405,False
14,106,92,-3.416815526733399,False
84,121,37,-3.417534425048828,False
20,105,85,-3.4178274948120118,False
31,70,39,-3.417889637145996,False
6,77,71,-3.419134649658203,False
25,83,58,-3.4195414389038086,False
8,74,66,-3.4200274508666992,False
23,72,49,-3.4222853439331056,False
55,125,70,-3.42228630859375,False
35,75,40,-3.422493876037598,False
100,144,44,-3.422643928527832,False
25,81,56,-3.423120241394043,False
32,124,92,-3.423360989990234,False
10,144,134,-3.424154441223145,False
29,126,97,-3.4244684719848637,False
33,125,92,-3.424499180603027,False
23,82,59,-3.424610768432617,False
104,144,40,-3.4249958432006835,False
23,77,54,-3.425050146179199,False
13,84,71,-3.4251469534301755,False
35,70,35,-3.4253109286499024,False
29,82,53,-3.4253214260864255,False
16,80,64,-3.4253688079833986,False
24,76,52,-3.426040693664551,False
23,85,62,-3.426588804016113,False
11,74,63,-3.4270334246826173,False
21,76,55,-3.4270381259155274,False
7,76,69,-3.427936700744629,False
24,85,61,-3.4279759362792968,False
28,82,54,-3.428319418640137,False
24,88,64,-3.428431222839355,False
13,86,73,-3.428590061645508,False
31,67,36,-3.429277783203125,False
26,90,64,-3.429915267944336,False
9,70,61,-3.4301374752807616,False
24,131,107,-3.43053420501709,False
20,107,87,-3.430652128601074,False
24,81,57,-3.431496859130859,False
32,74,42,-3.43214967376709,False
9,69,60,-3.4328601470947264,False
26,70,44,-3.4330371401977535,False
95,149,54,-3.4338604943847657,False
31,69,38,-3.4341622082519527,False
33,64,31,-3.434360108642578,False
27,72,45,-3.4362252780151366,False
29,125,96,-3.436397939453125,False
30,124,94,-3.4365165817260745,False
30,76,46,-3.4366799609375,False
8,77,69,-3.437170238952637,False
31,66,35,-3.4372031576538085,False
6,76,70,-3.437995684509277,False
28,84,56,-3.438009705810547,False
27,69,42,-3.440540686035156,False
10,69,59,-3.4410621496582032,False
96,150,54,-3.4410635226440425,False
8,72,64,-3.441145529174805,False
29,67,38,-3.441250027770996,False
28,73,45,-3.4412687854003905,False
25,82,57,-3.441287322998047,False
52,129,77,-3.4413718954467774,False
103,142,39,-3.442159197692871,False
28,71,43,-3.442799465637207,False
99,143,44,-3.4430667419433596,False
10,70,60,-3.443231827392578,False
101,141,40,-3.443326884765625,False
12,74,62,-3.444459053955078,False
18,108,90,-3.4445024710083003,False
9,76,67,-3.444743533020019,False
25,84,59,-3.445669415893555,False
28,70,42,-3.4457557818603517,False
12,71,59,-3.446056425476074,False
103,150,47,-3.446270864868164,False
34,67,33,-3.4463722378540043,False
26,82,56,-3.446860229187012,False
23,130,107,-3.4478730480957034,False
30,78,48,-3.4485898779296873,False
102,150,48,-3.4487618646240237,False
36,68,32,-3.4489547476196285,False
34,72,38,-3.449691826477051,False
32,125,93,-3.4503854321289062,False
15,106,91,-3.451555862731934,False
30,125,95,-3.453593356628418,False
32,76,44,-3.454498729248047,False
96,145,49,-3.454542694396973,False
20,76,56,-3.454552034606934,False
23,76,53,-3.455148425598144,False
26,129,103,-3.4553372940063474,False
34,127,93,-3.4554869866943356,False
36,75,39,-3.456031639099121,False
22,76,54,-3.4568069342041015,False
16,72,56,-3.4572057925415036,False
29,70,41,-3.457676537780762,False
28,68,40,-3.457714363708496,False
84,119,35,-3.4578782586669923,False
26,79,53,-3.4583110058593745,False
18,107,89,-3.4617589517211913,False
30,128,98,-3.462270812683106,False
15,109,94,-3.4623975711059574,False
35,68,33,-3.463529888305664,False
95,148,53,-3.464492623596191,False
106,146,40,-3.4645371817016604,False
23,83,60,-3.4646261953735356,False
36,76,40,-3.464919715270996,False
6,143,137,-3.465100600280762,False
12,69,57,-3.4656343145751953,False
17,109,92,-3.4659427880859375,False
98,143,45,-3.4664476989746094,False
32,65,33,-3.4670886669921877,False
104,149,45,-3.467330374450684,False
105,145,40,-3.4674507916259762,False
18,106,88,-3.467498596801758,False
30,126,96,-3.4676721984863277,False
25,80,55,-3.4685748321533203,False
27,82,55,-3.468690500793457,False
24,79,55,-3.469257556152344,False
101,144,43,-3.469642527770996,False
28,83,55,-3.4701591708374027,False
8,76,68,-3.4710646929931643,False
30,79,49,-3.4711651974487303,False
26,80,54,-3.471169031066894,False
25,85,60,-3.4711909652709965,False
26,72,46,-3.471728897705078,False
16,37,21,-3.4717586990356444,False
102,142,40,-3.472339322509766,False
13,108,95,-3.4740632290649414,False
33,71,38,-3.4744231243896486,False
97,152,55,-3.4758289236450195,False
35,76,41,-3.4758804348754886,False
99,144,45,-3.476398012695312,False
96,146,50,-3.4765137744140624,False
96,147,51,-3.47704529876709,False
31,72,41,-3.477219044494629,False
34,74,40,-3.4776712393188474,False
29,73,44,-3.47823947265625,False
14,108,94,-3.478382958984375,False
27,80,53,-3.479030186157227,False
106,147,41,-3.4795852322387697,False
36,69,33,-3.479746059875488,False
6,142,136,-3.480007925109863,False
101,143,42,-3.480111276550293,False
32,75,43,-3.4809052041625974,False
8,73,65,-3.4829295208740234,False
24,80,56,-3.483857827453613,False
28,79,51,-3.4839789370727536,False
9,72,63,-3.484148882446289,False
24,130,106,-3.484596854858398,False
13,106,93,-3.4849695715332034,False
103,143,40,-3.485087178955078,False
12,75,63,-3.485384714050293,False
26,84,58,-3.485689913330078,False
22,86,64,-3.4862577166748046,False
31,68,37,-3.4863722525024414,False
32,71,39,-3.486610250854492,False
27,87,60,-3.487560781555176,False
28,80,52,-3.488705179138184,False
26,85,59,-3.4887877737426756,False
34,66,32,-3.488867459716797,False
12,70,58,-3.4889623013305666,False
52,128,76,-3.4898978884887697,False
104,145,41,-3.4901212713623044,False
29,71,42,-3.4909541366577153,False
11,75,64,-3.491840343933106,False
28,69,41,-3.49313131652832,False
26,83,57,-3.493867609558105,False
12,76,64,-3.4944153933715816,False
20,106,86,-3.4953661938476563,False
102,143,41,-3.495809301757812,False
34,73,39,-3.49641059967041,False
29,128,99,-3.4964793096923827,False
25,131,106,-3.4965791036987306,False
20,80,60,-3.498052623596192,False
27,84,57,-3.5010660876464845,False
32,72,40,-3.5012861013793946,False
98,144,46,-3.501351866455078,False
20,82,62,-3.50193610748291,False
31,73,42,-3.502327485656738,False
26,69,43,-3.5023638717651364,False
97,145,48,-3.5034731875610357,False
17,108,91,-3.503486826477051,False
27,79,52,-3.5036299981689454,False
13,107,94,-3.503900622558594,False
30,66,36,-3.5043649734497073,False
25,130,105,-3.504716536865234,False
32,127,95,-3.5050657080078125,False
24,87,63,-3.505318373413086,False
9,75,66,-3.5058360458374027,False
31,127,96,-3.508175323791504,False
28,72,44,-3.5087486041259766,False
33,74,41,-3.5098434060668944,False
13,109,96,-3.510841086730957,False
20,83,63,-3.510892701721191,False
14,107,93,-3.5110298004150393,False
25,89,64,-3.513907727050781,False
11,73,62,-3.5140881991577144,False
29,127,98,-3.5149663436889647,False
16,83,67,-3.5165173580932616,False
25,87,62,-3.518075346069336,False
104,148,44,-3.5183115371704106,False
24,86,62,-3.5183798974609375,False
16,107,91,-3.520012933044433,False
101,142,41,-3.52103015045166,False
32,73,41,-3.522634501342773,False
16,106,90,-3.5230370932006836,False
17,107,90,-3.523154583129883,False
9,74,65,-3.5260851275634764,False
33,127,94,-3.5261591351318358,False
30,67,37,-3.529859921569824,False
96,149,53,-3.5301645736694334,False
102,149,47,-3.530504555664062,False
17,106,89,-3.5310470541381833,False
16,109,93,-3.532075032043457,False
11,72,61,-3.5321478469848637,False
26,130,104,-3.5339612866210937,False
105,147,42,-3.5346989559936524,False
34,70,36,-3.535894727783203,False
100,147,47,-3.5362351568603514,False
23,87,64,-3.537195010986328,False
25,88,63,-3.538473075866699,False
27,86,59,-3.5390866564941406,False
10,74,64,-3.541538806762695,False
103,149,46,-3.5417492446899415,False
10,71,61,-3.5428834368896482,False
35,69,34,-3.5434244897460934,False
13,71,58,-3.5437957223510743,False
30,70,40,-3.545680407409668,False
12,72,60,-3.548812278747559,False
15,107,92,-3.5498741000366207,False
30,71,41,-3.550864075012207,False
26,131,105,-3.551314535217285,False
34,65,31,-3.551343620300293,False
96,148,52,-3.5524014147949217,False
97,151,54,-3.5524404632568363,False
29,69,40,-3.553964914550781,False
97,149,52,-3.5552643365478516,False
100,152,52,-3.556246148376465,False
27,83,56,-3.5576551989746092,False
101,151,50,-3.557734255065918,False
10,75,65,-3.5591003027343753,False
104,146,42,-3.5609113525390628,False
29,68,39,-3.56203977935791,False
99,150,51,-3.5622201803588864,False
13,69,56,-3.562272467956543,False
98,145,47,-3.562706569213867,False
15,108,93,-3.5627240856933597,False
102,144,42,-3.5628957937622068,False
32,67,35,-3.5640378924560543,False
13,76,63,-3.5650826077270508,False
33,72,39,-3.568101267089844,False
33,73,40,-3.5684931951904297,False
29,72,43,-3.5698532977294923,False
97,148,51,-3.5714012930297856,False
104,147,43,-3.5728198306274415,False
103,144,41,-3.573600387878418,False
33,76,43,-3.5739714868164065,False
16,108,92,-3.574295295410156,False
12,73,61,-3.5743837133789063,False
33,75,42,-3.574834689636231,False
97,147,50,-3.5750564996337895,False
99,145,46,-3.575812985229492,False
32,70,38,-3.5778781427001953,False
33,65,32,-3.5781534405517577,False
105,146,41,-3.5783853878784178,False
34,75,41,-3.5818365679931636,False
9,73,64,-3.5821645611572266,False
26,89,63,-3.584833869018555,False
30,69,39,-3.585492693481445,False
101,150,49,-3.5860381213378907,False
26,88,62,-3.5881818313598637,False
13,70,57,-3.590042604980469,False
10,72,62,-3.591017517089844,False
34,76,42,-3.5944763330078127,False
99,152,53,-3.594520030517578,False
103,145,42,-3.59730849029541,False
97,146,49,-3.598518411560059,False
13,75,62,-3.6002445141601562,False
98,152,54,-3.6019673785400395,False
32,66,34,-3.6021176159667965,False
100,145,45,-3.6026055938720702,False
25,86,61,-3.603005057983398,False
101,145,44,-3.603037619628906,False
13,72,59,-3.6048080303955077,False
23,86,63,-3.6054392266845703,False
103,147,44,-3.606506807861328,False
97,150,53,-3.607487306518555,False
99,147,48,-3.609864434204101,False
30,127,97,-3.6117492758178713,False
99,151,52,-3.6132103796386716,False
100,150,50,-3.613479227905273,False
26,87,61,-3.613901730957031,False
30,73,43,-3.6162315972900387,False
101,147,46,-3.6162356857299804,False
33,70,37,-3.6211860806274414,False
32,69,37,-3.622122730407715,False
98,149,51,-3.62357107635498,False
34,68,34,-3.6249263009643555,False
100,146,46,-3.6253539184570314,False
33,66,33,-3.625708462219238,False
99,146,47,-3.626428859558106,False
30,68,38,-3.6279215298461915,False
103,148,45,-3.63008028503418,False
10,73,63,-3.6326089569091797,False
13,74,61,-3.6327086611938477,False
100,148,48,-3.6382464465332034,False
32,68,36,-3.6384757199096684,False
30,72,42,-3.6405362463378905,False
13,73,60,-3.6416627960205075,False
98,147,49,-3.642013507385254,False
102,147,45,-3.6420688708496094,False
99,149,50,-3.645078123779297,False
34,69,35,-3.647559089355469,False
100,151,51,-3.648818648071289,False
33,67,34,-3.6502486688232425,False
101,149,48,-3.6572393225097657,False
102,145,43,-3.658197327880859,False
102,148,46,-3.659037163391113,False
100,149,49,-3.6593585937500004,False
99,148,49,-3.662998733215332,False
101,148,47,-3.6635012704467775,False
103,146,43,-3.6677875009155274,False
98,146,48,-3.6737894912719726,False
98,148,50,-3.678126043395996,False
98,150,52,-3.6812604293823243,False
102,146,44,-3.6843405764770507,False
101,146,45,-3.6954466656494143,False
26,86,60,-3.698204609680176,False
98,151,53,-3.719537790527344,False
33,68,35,-3.7452504693603514,False
33,69,36,-3.7723003872680665,False
