res1,res2,delta,Cscore,Real
6,112,106,-0.11893752080231905,True
5,111,106,-0.1300225393307209,True
4,109,105,-0.13147206809997558,True
3,109,106,-0.13200578756034373,True
4,110,106,-0.13444678929388523,True
5,110,105,-0.13708592870861291,True
8,114,106,-0.1388990382470377,True
10,116,106,-0.14104799049928785,True
10,118,108,-0.14176898952364922,True
3,108,105,-0.14286496514201164,True
7,113,106,-0.14914544328212737,True
6,111,105,-0.14981571256652476,True
10,117,107,-0.15013373299509286,True
7,114,107,-0.15259009567022325,False
11,118,107,-0.1563819758272171,False
136,156,20,-0.1570596244863048,True
4,108,104,-0.1577111478662491,False
5,112,107,-0.15778346158862114,True
135,157,22,-0.1582103457760811,False
110,156,46,-0.1590425942516327,True
13,121,108,-0.1592608091366291,True
135,156,21,-0.16176198909930886,True
3,110,107,-0.16473408697485922,True
111,156,45,-0.16495954729661347,False
4,111,107,-0.169032703717947,True
139,153,14,-0.17030807463184,True
111,155,44,-0.1708867933256924,True
136,155,19,-0.1709918294645846,True
134,158,24,-0.17218770331576466,True
39,58,19,-0.17253233214378355,True
9,116,107,-0.17295508927702902,False
137,155,18,-0.17366067947253586,True
134,157,23,-0.17613158288046718,True
8,115,107,-0.1778167251574993,True
36,56,20,-0.17792525453329086,True
6,113,107,-0.179210835647583,True
113,153,40,-0.18004398708298802,True
6,110,104,-0.18038729763150213,True
116,150,34,-0.1817287269189954,True
7,112,105,-0.18295483704209328,True
9,117,108,-0.18383813893258572,True
138,153,15,-0.1840171550450474,True
40,59,19,-0.18402417852044106,True
110,157,47,-0.1859846398758888,False
41,60,19,-0.18763259375333785,True
2,107,105,-0.1888985184776783,True
8,113,105,-0.18945729190140964,True
112,154,42,-0.19037815966404975,True
114,153,39,-0.1917467205088958,False
136,157,21,-0.19191836526446043,True
114,152,38,-0.19192850847750903,True
142,150,8,-0.19945007187902927,True
112,156,44,-0.19948610452860593,True
112,155,43,-0.20247005740210416,True
117,150,33,-0.20283486614942553,False
109,157,48,-0.20347483986914158,True
9,115,106,-0.20604120458126068,True
109,158,49,-0.20674036724328998,True
140,152,12,-0.20677370956495406,True
3,111,108,-0.207915202357769,True
113,154,41,-0.20964778717257082,True
40,60,20,-0.20969013807654382,True
60,74,14,-0.21025656826496125,True
115,152,37,-0.212279659190774,False
41,93,52,-0.21307589466571808,True
143,149,6,-0.21339397339344024,True
42,94,52,-0.213435697876215,True
141,151,10,-0.21348715376496313,True
63,76,13,-0.21377225422382354,True
109,156,47,-0.21448755772590636,True
140,153,13,-0.2161152197521925,False
138,154,16,-0.21626283948823807,True
4,107,103,-0.21746146126508714,True
143,150,7,-0.21799443249225617,True
144,149,5,-0.2189024117088318,False
7,115,108,-0.22100929888784884,True
9,114,105,-0.22350699523329737,False
137,154,17,-0.22419158678248524,True
9,118,109,-0.22612083124279975,True
117,149,32,-0.22696262303590772,True
116,151,35,-0.22718776397660373,True
136,154,18,-0.22774263738811018,False
60,75,15,-0.22840688685417176,True
111,154,43,-0.22913392838478092,False
138,152,14,-0.2298494557365775,True
115,151,36,-0.2300847570306063,True
3,107,104,-0.23099170741558073,True
139,152,13,-0.23219852911204097,True
143,148,5,-0.23352199890136718,True
142,151,9,-0.2349929093337059,False
140,151,11,-0.23674462331473828,True
110,158,48,-0.23881303937911985,False
41,61,20,-0.23976114516735078,True
141,152,11,-0.2403207480406761,True
42,61,19,-0.24318206599712372,True
134,156,22,-0.24411499428629874,True
43,62,19,-0.24538043168544768,True
2,108,106,-0.24639016305446626,True
61,74,13,-0.2481177528333664,True
60,73,13,-0.24892773948192595,True
39,59,20,-0.25077570803642274,False
138,155,17,-0.2562199398654699,True
42,95,53,-0.25644964718818664,True
114,154,40,-0.2583795263133943,True
41,92,51,-0.25854884048938753,True
42,60,18,-0.25898853479862216,True
41,94,53,-0.2593681287384033,True
42,62,20,-0.2601642632961273,True
63,68,5,-0.2620263130950928,False
110,155,45,-0.26371190372943876,True
40,58,18,-0.26465003108501434,True
40,92,52,-0.2663476048183441,True
111,153,42,-0.2670128054189682,False
141,150,9,-0.268663530112505,True
116,149,33,-0.26934015201568606,True
109,155,46,-0.270984269990921,True
10,119,109,-0.2718903657722473,True
41,91,50,-0.27235814215064047,True
13,120,107,-0.27238301619052885,True
133,158,25,-0.2725950918918848,True
11,119,108,-0.2734299442625046,False
116,152,36,-0.27411971372827887,False
25,147,122,-0.27452942481040954,True
3,91,88,-0.2766074877548218,True
36,57,21,-0.27841887704849244,True
135,154,19,-0.27858895488381386,True
8,112,104,-0.2790104979276657,True
134,159,25,-0.281735935716629,True
10,115,105,-0.28279597785949706,False
40,91,51,-0.283267775220871,False
43,61,18,-0.28344427434444425,True
1,108,107,-0.28452963012695315,True
38,90,52,-0.2845437873649597,True
113,152,39,-0.2846598840045929,True
41,59,18,-0.28568745100021364,False
25,146,121,-0.2858969936084747,True
1,107,106,-0.28765787546157834,False
3,90,87,-0.28833068816185,True
63,74,11,-0.2889600966930389,True
118,149,31,-0.2893638548564911,False
39,91,52,-0.2907001329231262,True
61,75,14,-0.2940354693222046,True
139,154,15,-0.29531694479465487,True
108,158,50,-0.2981229259300232,True
114,151,37,-0.29863197584152223,True
38,58,20,-0.29992912387847903,True
112,153,41,-0.3006417497420311,True
135,155,20,-0.3029146583211422,True
40,93,53,-0.30340851782798767,True
38,92,54,-0.3042009500217438,True
62,76,14,-0.30490635923385623,True
13,124,111,-0.30775866146087644,True
39,92,53,-0.30776603343963627,True
133,159,26,-0.3078778404211998,True
61,72,11,-0.3101126757621765,True
59,73,14,-0.31110657660484314,True
44,62,18,-0.3145252632904053,False
63,75,12,-0.3158093014144897,True
61,73,12,-0.3164337253665924,True
16,120,104,-0.3171675139713287,False
60,72,12,-0.3182409258413315,True
38,91,53,-0.3190863797330856,True
12,118,106,-0.3194102010917664,False
2,90,88,-0.3195180858230591,False
3,92,89,-0.3205232567882538,True
43,95,52,-0.3211742489910126,True
39,57,18,-0.326435001039505,True
39,60,21,-0.3279529093551636,True
26,147,121,-0.32863951577186584,True
140,150,10,-0.32867843259334567,True
58,73,15,-0.3292972729969025,True
11,117,106,-0.3370382013320923,False
44,63,19,-0.33803095701217656,True
9,119,110,-0.34031750103950503,True
135,158,23,-0.3416793473625183,False
115,150,35,-0.3420734702157974,True
44,64,20,-0.3422019906616211,False
142,149,7,-0.34235089851379397,False
42,93,51,-0.3431870045375824,True
137,156,19,-0.34424090990066525,False
144,150,6,-0.3443526008415222,False
63,69,6,-0.344784447479248,False
141,153,12,-0.3461707687664032,True
5,113,108,-0.3468454086303711,False
2,91,89,-0.35008619727134704,True
26,151,125,-0.3502136811494827,True
132,159,27,-0.3547563312530518,True
45,64,19,-0.35731133619308475,False
39,90,51,-0.3584209158229828,False
143,151,8,-0.35876968032836914,True
132,158,26,-0.36270947535395626,True
5,109,104,-0.363056718826294,False
62,75,13,-0.36334119192123415,True
69,74,5,-0.3635592892837524,True
108,159,51,-0.36377285069465637,False
68,74,6,-0.36381729093551635,False
133,157,24,-0.3656640453219414,True
8,13,5,-0.36754535125732424,True
113,151,38,-0.3725649241256714,True
62,77,15,-0.3746927275657654,True
43,63,20,-0.3758525388717652,True
12,119,107,-0.3766459710979462,False
40,94,54,-0.3780378056907654,True
62,74,12,-0.3792727525138855,False
38,89,51,-0.3803240584754944,False
37,56,19,-0.38058973777771,True
66,76,10,-0.3834364678478241,False
27,151,124,-0.3846754497146606,True
8,116,108,-0.38863048431396485,False
16,122,106,-0.3886544445991516,True
108,157,49,-0.3905050086593628,True
24,147,123,-0.3953347092437744,True
64,76,12,-0.3972333796691895,True
5,92,87,-0.39728435532569883,True
63,77,14,-0.39751180143356324,False
2,109,107,-0.39780032012939454,True
43,94,51,-0.398227692193985,False
37,58,21,-0.4019885991954803,False
37,57,20,-0.4031233201980591,True
76,81,5,-0.4052982643508911,False
67,74,7,-0.40531569034576415,True
133,156,23,-0.4081121444511414,True
107,159,52,-0.4112941438484192,False
26,146,120,-0.4151643539142609,True
118,150,32,-0.4228781970977783,False
119,149,30,-0.42309908578395844,False
4,92,88,-0.42312903294086457,True
59,72,13,-0.4232453373146057,True
65,76,11,-0.4242631679534912,False
115,149,34,-0.42455314065933225,True
48,68,20,-0.42603226593017574,False
78,103,25,-0.4261545749378205,True
40,61,21,-0.4262623601913452,False
41,62,21,-0.4387897142982483,True
35,56,21,-0.43894765674591063,False
75,81,6,-0.44235092060089115,True
14,121,107,-0.4429358564949036,False
107,158,51,-0.44348914676666257,True
66,74,8,-0.44351318351745606,True
68,73,5,-0.44713896114349366,False
24,146,122,-0.4475143097305298,False
36,58,22,-0.44837681440353394,False
12,120,108,-0.4487827393341065,False
3,93,90,-0.45133863922119144,True
35,57,22,-0.4524344680976868,True
1,90,89,-0.4552856393432617,True
75,80,5,-0.46595785539627077,True
27,153,126,-0.4670692064666748,False
43,96,53,-0.4705045512580871,True
16,121,105,-0.47059122029304506,True
44,61,17,-0.47217162649154665,True
12,121,109,-0.474688845653534,False
42,96,54,-0.47644768352508543,True
10,114,104,-0.4774989112663269,False
39,89,50,-0.4825059226989746,False
62,68,6,-0.4858563799667358,False
4,93,89,-0.4876859424972534,True
26,144,118,-0.48785188770294186,False
36,55,19,-0.48863508396148686,True
30,155,125,-0.4892415162944793,False
38,59,21,-0.4907155764389038,False
12,124,112,-0.49090071830749515,True
11,116,105,-0.4913536771965027,False
6,114,108,-0.49325990146636955,False
2,106,104,-0.4946089887332916,True
26,148,122,-0.49773561737060545,False
38,57,19,-0.4985846875,True
42,59,17,-0.49963898223876957,True
64,69,5,-0.5009495788002014,False
2,92,90,-0.5036276233100891,False
45,63,18,-0.5038953869628906,False
7,12,5,-0.5057699748420715,False
45,65,20,-0.5066398201370239,False
25,144,119,-0.5112636942863464,False
13,123,110,-0.5129351284790039,True
13,122,109,-0.5132554845237732,False
43,60,17,-0.5136787126350403,False
14,120,106,-0.515666697883606,False
25,145,120,-0.517432992515564,False
117,151,34,-0.5188398885345459,False
117,148,31,-0.5189083393096924,False
32,55,23,-0.5269663787078858,False
45,62,17,-0.5271829037857055,False
16,123,107,-0.5298684564208984,True
40,57,17,-0.5316691994857787,True
118,148,30,-0.5335546659278869,False
42,63,21,-0.5335731735610961,False
39,88,49,-0.5338030513381958,True
64,77,13,-0.5340994550704956,False
26,145,119,-0.5341311205863952,False
58,72,14,-0.5342885510253906,False
25,148,123,-0.5358711267471313,False
44,65,21,-0.5403623298454285,True
142,148,6,-0.5455098877716065,False
115,153,38,-0.5506262852668762,False
15,123,108,-0.5572188079833984,True
23,28,5,-0.558062696609497,False
5,93,88,-0.5598972994422913,True
65,77,12,-0.5638081917572022,False
11,120,109,-0.5646491291427612,False
13,119,106,-0.5672834923553467,True
137,153,16,-0.5705622257804871,True
38,88,50,-0.5730131556892395,True
66,75,9,-0.5745284823799134,False
111,157,46,-0.5761566038894653,False
9,113,104,-0.5846787909698486,False
119,148,29,-0.5853452220153809,False
30,153,123,-0.5865547788238525,True
109,159,50,-0.5882230753326416,False
33,55,22,-0.5899838146972656,False
13,118,105,-0.5910254584693908,False
1,109,108,-0.5910875803375244,True
53,59,6,-0.591292967453003,True
110,128,18,-0.5923140175247192,True
33,56,23,-0.5939759170913697,False
79,103,24,-0.5970664015197753,False
23,147,124,-0.5981488789367676,True
106,159,53,-0.598364284362793,False
7,111,104,-0.6006923002243042,False
68,75,7,-0.6010078821182251,False
24,148,124,-0.6093352477645875,True
61,71,10,-0.6100467490005493,False
15,122,107,-0.6131577062225342,False
27,152,125,-0.6134649281311035,False
79,106,27,-0.6150697696876526,False
35,55,20,-0.6199799459838867,False
135,159,24,-0.6210856699752807,False
14,124,110,-0.6271131772994994,True
47,68,21,-0.6272662726020812,False
63,70,7,-0.6275557846832276,False
8,117,109,-0.6315131073760987,False
139,155,16,-0.6318960106277466,False
62,69,7,-0.6319862115478515,False
6,12,6,-0.6333097920989991,False
41,95,54,-0.6340220854949952,True
53,58,5,-0.6340704553985596,False
7,13,6,-0.6364602864837646,False
24,145,121,-0.6373506311416626,False
4,112,108,-0.6377690674972534,False
35,54,19,-0.6384467767715454,True
142,152,10,-0.640267360572815,False
1,106,105,-0.6403702446746826,False
39,56,17,-0.6455493999862671,False
59,74,15,-0.6456310774993896,False
17,122,105,-0.6459651698493957,False
66,77,11,-0.646868145980835,False
4,103,99,-0.6472803985595703,True
1,91,90,-0.6487211765670776,True
62,99,37,-0.6513172747039795,True
7,116,109,-0.6515526796722412,False
14,123,109,-0.6516335900115966,True
32,54,22,-0.6525825884246826,False
15,121,106,-0.6549397301483154,True
27,154,127,-0.655569986076355,False
38,56,18,-0.6564124131011962,False
61,76,15,-0.6571304218292237,False
137,157,20,-0.6582162913513183,False
43,64,21,-0.6585428141784668,False
15,120,105,-0.659067204093933,False
10,120,110,-0.6591753925323486,False
10,121,111,-0.6618471947860718,False
60,76,16,-0.6626819063568116,False
67,75,8,-0.6632316682052612,False
131,159,28,-0.6645539419460297,False
63,73,10,-0.6721106969070434,False
62,73,11,-0.6725056729125977,False
24,144,120,-0.6726311118698121,False
26,150,124,-0.6734424863433838,False
75,84,9,-0.6747686643218994,True
17,123,106,-0.6748590475845336,False
62,78,16,-0.676836033706665,True
45,98,53,-0.6778975671768188,False
131,158,27,-0.6796759649085999,False
107,157,50,-0.6813161066055298,False
52,59,7,-0.6848466702270508,False
60,71,11,-0.6850318941116333,False
64,78,14,-0.6850629491424561,False
5,108,103,-0.6850677711486817,False
47,72,25,-0.6853816687393188,True
67,73,6,-0.6870145370483398,False
2,93,91,-0.6886092013549805,True
36,54,18,-0.6929533015441894,False
69,75,6,-0.6943984887695313,False
12,117,105,-0.6957805278396607,False
41,58,17,-0.6964550576782227,False
43,93,50,-0.6971795069503784,False
32,56,24,-0.6996584653091431,False
6,109,103,-0.7001036560821533,False
37,59,22,-0.7020386651992798,False
14,122,108,-0.7027582121276856,False
50,59,9,-0.7045876284790039,False
52,57,5,-0.7113254369354248,False
64,75,11,-0.7126426176452637,False
67,72,5,-0.7128824304962158,False
6,14,8,-0.7140934321594238,True
46,64,18,-0.7141087817764282,False
17,120,103,-0.714727297782898,False
63,78,15,-0.7154009385681153,False
51,59,8,-0.7164417115402222,False
62,72,10,-0.7165835737609864,False
65,75,10,-0.7170289988708496,False
7,14,7,-0.7170895838546752,True
62,67,5,-0.720988928604126,False
59,75,16,-0.7257027292251588,False
4,104,100,-0.7258432433319092,True
119,150,31,-0.7278406349945068,False
139,151,12,-0.7287952156448364,False
78,102,24,-0.7321284101486206,True
97,102,5,-0.7346273853683472,False
58,71,13,-0.739173946762085,False
44,95,51,-0.7430600896453857,False
9,121,112,-0.7445786835098266,False
62,81,19,-0.7454872013092041,True
136,158,22,-0.7461986505317688,False
64,98,34,-0.7496961859893798,False
67,76,9,-0.7509674934387207,False
27,150,123,-0.754222066116333,False
26,143,117,-0.7548289741134644,False
101,125,24,-0.7551541606903076,False
60,70,10,-0.7560992074203491,False
11,121,110,-0.7561469106292724,False
34,55,21,-0.7567630662155151,False
28,153,125,-0.7570025786590576,False
65,74,9,-0.75733325881958,False
2,110,108,-0.7591488460922241,False
63,72,9,-0.7604314028549195,False
113,155,42,-0.7606790408134461,False
26,149,123,-0.7616894263076782,False
144,151,7,-0.7619419110870361,False
137,152,15,-0.7658998122406006,False
4,106,102,-0.7659730176544189,False
48,69,21,-0.7683825427246094,False
63,71,8,-0.770201884841919,False
21,121,100,-0.7702996553993225,False
61,69,8,-0.7713029835891724,True
45,61,16,-0.7715438228607179,False
23,148,125,-0.7727609492492675,True
141,149,8,-0.7750136845397949,False
46,65,19,-0.7822379856109619,False
61,77,16,-0.7832305857086181,False
16,21,5,-0.7848765813446045,False
59,71,12,-0.7851551382255554,True
33,57,24,-0.7855781190872192,False
12,123,111,-0.7884999539947509,False
17,121,104,-0.7886909196090699,False
119,147,28,-0.7890320919036865,False
30,154,124,-0.7898290512847901,False
21,119,98,-0.7926057223701477,True
9,14,5,-0.7927954662322998,True
34,56,22,-0.793740004234314,False
23,146,123,-0.7986849417877198,True
1,89,88,-0.8011491223144531,True
105,159,54,-0.804239584274292,False
6,125,119,-0.804792313079834,True
65,78,13,-0.8053758518218995,False
81,103,22,-0.8058392922210693,False
9,120,111,-0.8064117612457276,False
60,85,25,-0.8069740553283692,True
28,151,123,-0.8083580043029786,False
61,70,9,-0.8104890405273437,False
42,92,50,-0.8146071732711793,False
142,147,5,-0.816845850982666,False
26,152,126,-0.8174143545532226,False
5,94,89,-0.8192140232467651,True
60,69,9,-0.8236773944854736,False
60,81,21,-0.8252093916320801,True
6,13,7,-0.8264725658416747,False
32,57,25,-0.8281461386871338,False
54,59,5,-0.8282421617126465,True
36,59,23,-0.828310771560669,False
64,70,6,-0.8317054514312744,False
28,152,124,-0.8326830894470214,False
13,125,112,-0.8333819003295899,False
47,52,5,-0.834570248451233,False
26,142,116,-0.8347539458465576,False
7,110,103,-0.835144580078125,False
39,61,22,-0.8351928554534911,False
21,120,99,-0.8375685062026978,False
52,58,6,-0.8385519719696045,False
12,127,115,-0.839865478591919,True
48,65,17,-0.8431450283050538,False
3,106,103,-0.8435237972259522,False
44,96,52,-0.8436725120925903,False
4,91,87,-0.8443958518981933,False
58,74,16,-0.8452622952651978,False
64,74,10,-0.8457603777313233,False
62,70,8,-0.8479655194091796,False
33,54,21,-0.8494363196563721,False
22,119,97,-0.852680739402771,True
61,68,7,-0.8531753225326538,False
27,144,117,-0.8534454119110106,False
43,59,16,-0.853922071685791,False
25,149,124,-0.8541545726776123,False
145,150,5,-0.8549104738235475,False
25,151,126,-0.8563851159667969,False
101,126,25,-0.8596583409118652,True
116,148,32,-0.8622871270751953,False
78,99,21,-0.8646291543579101,False
60,84,24,-0.8652178092193603,True
38,60,22,-0.8656897319793702,False
48,64,16,-0.8667661901092529,False
15,124,109,-0.8674671375274657,False
40,90,50,-0.8684421990966797,False
4,90,86,-0.871385194015503,False
64,99,35,-0.8724221746063232,False
26,153,127,-0.8749894174957275,False
78,106,28,-0.8763377867507934,False
37,89,52,-0.8765748870086669,False
70,75,5,-0.8782147046661377,False
46,68,22,-0.8805808688735961,False
62,71,9,-0.881028316192627,False
110,159,49,-0.8843066022109985,False
141,148,7,-0.8850710591888428,False
66,73,7,-0.8852880226135253,False
118,147,29,-0.8857519433593749,False
44,60,16,-0.8868632164001464,False
100,125,25,-0.8879632098388672,True
18,123,105,-0.88835292263031,False
35,92,57,-0.8887319921875001,True
8,111,103,-0.8891589371871949,False
4,94,90,-0.8891937316131593,True
8,14,6,-0.8894158144378663,True
97,123,26,-0.8911401216888428,True
47,65,18,-0.895740716972351,False
53,71,18,-0.8958167194747924,True
7,15,8,-0.8966240367889405,False
117,147,30,-0.8968371092224121,False
116,153,37,-0.8976009917831421,False
30,156,126,-0.899364150466919,False
112,125,13,-0.8999177422332764,False
112,157,45,-0.9010236712646484,False
6,94,88,-0.9017037957763672,True
3,112,109,-0.9018353429794311,False
40,62,22,-0.9021827767181396,False
37,90,53,-0.9024929298400879,False
106,158,52,-0.9041159861755371,False
34,54,20,-0.9048166651916503,False
3,89,86,-0.9050058185577393,False
14,119,105,-0.9072107851791381,False
35,40,5,-0.9094333869934083,True
6,115,109,-0.9106176387786865,False
11,115,104,-0.9110883792877198,False
35,58,23,-0.9112383833312988,False
57,71,14,-0.9116539823150636,False
34,57,23,-0.9119954280853271,False
117,152,35,-0.913549633140564,False
5,107,102,-0.9140876986694335,False
62,98,36,-0.9140963806152345,False
49,68,19,-0.9146227791595459,False
57,72,15,-0.9154954963684082,False
24,29,5,-0.9156811499786377,False
12,125,113,-0.9166045732879639,True
49,61,12,-0.9169631290435791,False
45,95,50,-0.9181937462997437,False
118,151,33,-0.9202048696899414,False
138,156,18,-0.9231662727355957,False
34,39,5,-0.9236984497070312,False
29,153,124,-0.9248988151550293,False
6,92,86,-0.9253875355911255,False
22,27,5,-0.9258977301788331,False
2,89,87,-0.9261220483398438,False
2,103,101,-0.926252350692749,True
104,128,24,-0.9289227935028077,True
14,118,104,-0.9292417793273925,False
2,104,102,-0.9297008550262451,False
39,93,54,-0.9305720465087891,False
7,117,110,-0.9310987771606445,False
114,123,9,-0.9314079451751709,False
47,61,14,-0.9320552435302734,True
113,125,12,-0.9339869833374024,False
40,56,16,-0.935335764465332,False
61,81,20,-0.9363734893798827,False
57,73,16,-0.9385952403640747,False
6,15,9,-0.9386986154937744,False
1,110,109,-0.9403919906616212,False
45,66,21,-0.9412883448791505,False
86,91,5,-0.9418063739013671,False
18,122,104,-0.9427902490806579,False
82,91,9,-0.9443982572174072,True
85,91,6,-0.9464275724792481,True
47,69,22,-0.9471580381011963,False
15,21,6,-0.9472553672790527,False
46,63,17,-0.9480304102325439,False
101,124,23,-0.9489286865997315,False
12,116,104,-0.9490122335433959,False
108,156,48,-0.9506624862670898,False
27,145,118,-0.9510538569641114,False
46,51,5,-0.9549830784988403,False
68,76,8,-0.9558307904052734,False
48,61,13,-0.9560280036926269,False
5,91,86,-0.9566567520904542,False
27,147,120,-0.9567783186340332,True
110,127,17,-0.9586380905151367,False
31,155,124,-0.9597208521270751,False
12,122,110,-0.9603163875579834,False
50,60,10,-0.9606457276153565,False
47,64,17,-0.9611225513458251,False
45,96,51,-0.9623404991149902,True
115,154,39,-0.9634864724731445,False
132,157,25,-0.9655102481842042,False
42,58,16,-0.9676380529022216,False
111,158,47,-0.9680242162322997,False
62,80,18,-0.9749181885528564,False
93,99,6,-0.9752426554870606,True
96,101,5,-0.975914824295044,False
45,68,23,-0.9782310815429687,False
29,155,126,-0.978346183166504,False
42,64,22,-0.9788505558013917,False
41,63,22,-0.9801317289733887,False
119,146,27,-0.9826125409698486,False
64,71,7,-0.9833605879974365,False
46,62,16,-0.9874633599090575,False
50,61,11,-0.9880159970855713,False
139,150,11,-0.9888762603759765,False
34,92,58,-0.9897299380493164,True
111,128,17,-0.9903190553283692,False
37,92,55,-0.9907044790649413,False
23,149,126,-0.9909873736572266,True
41,57,16,-0.9923051193237304,False
85,90,5,-0.9929575373840333,False
27,155,128,-0.9951103818511962,False
6,93,87,-0.9962773901367188,False
20,121,101,-0.9967301699829102,False
3,103,100,-1.0021332830047607,False
49,59,10,-1.0028044174957276,False
140,154,14,-1.0035873624420166,False
1,92,91,-1.0052055979156493,False
113,156,43,-1.005482546157837,False
30,152,122,-1.0083245625305177,False
79,102,23,-1.0092543807983398,False
24,149,125,-1.009863440246582,True
43,97,54,-1.0099399998474121,False
20,120,100,-1.0108395999145507,False
16,124,108,-1.0110311583709717,False
8,118,110,-1.0128806468963623,False
37,55,18,-1.0151112936401367,False
46,61,15,-1.0158527877044679,False
111,125,14,-1.0179361962127687,False
122,127,5,-1.0179738500213624,False
15,20,5,-1.0189336911010742,True
114,124,10,-1.0191641291809082,False
7,94,87,-1.019576933517456,False
115,123,8,-1.019858761405945,False
104,126,22,-1.0205673776245117,True
115,121,6,-1.0211075215911865,False
42,91,49,-1.0212331188201904,False
80,103,23,-1.0214110786437989,False
41,90,49,-1.0241267467880248,False
65,70,5,-1.0241622972106934,False
27,146,119,-1.0248401126861573,False
58,85,27,-1.025558027191162,True
1,103,102,-1.030802847595215,False
39,87,48,-1.0335921574401854,False
93,103,10,-1.0347579779052736,True
44,66,22,-1.038435474395752,False
5,95,90,-1.0386614769744873,False
1,104,103,-1.0393616706848143,False
25,143,118,-1.0399156018066407,False
18,121,103,-1.0401165044784546,False
113,124,11,-1.0431742504119872,False
60,77,17,-1.043647667312622,False
116,121,5,-1.0439406007385252,False
26,141,115,-1.0446326357269287,True
5,114,109,-1.045702624206543,False
53,72,19,-1.045952933998108,True
49,60,11,-1.0491486154174805,False
138,151,13,-1.050717007522583,False
112,126,14,-1.0540981568908692,False
8,110,102,-1.0569800936889648,False
1,88,87,-1.0574026134490968,False
67,77,10,-1.058921001968384,False
110,125,15,-1.0611764004516602,False
94,99,5,-1.0616346452331542,False
22,120,98,-1.0625031349945069,False
25,150,125,-1.0640615668487547,False
114,125,11,-1.0651396389007568,False
22,147,125,-1.0652319100952148,False
45,97,52,-1.065581816253662,False
9,112,103,-1.0661011700439453,False
64,79,15,-1.067783000946045,False
140,149,9,-1.068156860961914,False
40,88,48,-1.0681736376190185,False
51,56,5,-1.0686344197845459,False
37,91,54,-1.0690586444091799,False
112,127,15,-1.069320771560669,False
4,100,96,-1.070590717048645,True
136,159,23,-1.0706948052978515,False
11,124,113,-1.0741496033477784,True
7,95,88,-1.074593101196289,False
115,120,5,-1.0765371038818359,False
47,53,6,-1.0772277438354494,False
50,72,22,-1.0774260823059083,False
100,124,24,-1.0787951850891113,False
62,79,17,-1.0792131462097168,False
113,123,10,-1.0801222447204588,False
12,126,114,-1.0808291124725342,False
59,70,11,-1.08232438041687,False
24,151,127,-1.0827407627105712,True
25,30,5,-1.0837080805206298,False
113,126,13,-1.084755578842163,False
22,28,6,-1.0849550916290283,False
45,99,54,-1.08649489692688,False
44,68,24,-1.0879862104034423,False
1,105,104,-1.0883778329467773,False
51,58,7,-1.0889570316314698,False
51,57,6,-1.0911079068756104,False
58,75,17,-1.0914159490203859,False
27,149,122,-1.0916743927001953,False
66,78,12,-1.0919489686584474,False
27,142,115,-1.0920361470794677,False
1,93,92,-1.0924500736236573,False
114,155,41,-1.0928562188339233,False
6,95,89,-1.0930396200561523,True
38,93,55,-1.0940905948638915,False
120,147,27,-1.0944546954727172,False
40,89,49,-1.0946363992309571,False
38,87,49,-1.0962479232025146,False
58,84,26,-1.096267117614746,True
47,62,15,-1.0963906810760498,False
32,53,21,-1.0974897314453125,False
142,153,11,-1.0975645384216308,False
35,53,18,-1.0991314360046387,False
19,121,102,-1.09943661277771,False
117,122,5,-1.099979824371338,False
115,122,7,-1.100899239807129,False
9,124,115,-1.1010236883544922,False
141,147,6,-1.1026315741729735,True
63,79,16,-1.1045787043762207,False
63,98,35,-1.105046138381958,False
47,60,13,-1.1050663443756104,False
30,111,81,-1.1051460732269287,False
112,128,16,-1.1067677949523926,False
116,122,6,-1.107366360015869,False
100,105,5,-1.1086160159301757,False
120,149,29,-1.1092722239685058,False
48,63,15,-1.1098040277862549,False
43,65,22,-1.1121980377960206,False
42,57,15,-1.1125766684722902,False
21,122,101,-1.1126771495819092,False
27,141,114,-1.1143385520935059,False
61,67,6,-1.115392486038208,True
8,121,113,-1.116511513824463,False
110,129,19,-1.1168799475097657,False
28,154,126,-1.1183732583618164,False
61,80,19,-1.1184104389953613,False
41,81,40,-1.1185830080413819,True
29,55,26,-1.1192668032073976,False
22,121,99,-1.1200135414123535,False
10,122,112,-1.1216493082427978,False
47,63,16,-1.122151064453125,False
37,88,51,-1.1224224829864502,False
49,69,20,-1.1225883974456787,False
27,143,116,-1.1226219060516356,False
48,62,14,-1.1228059944915771,False
3,104,101,-1.1234354006195069,False
77,82,5,-1.1234722386932374,False
46,66,20,-1.1236148237609862,False
53,60,7,-1.1246889386749266,False
120,146,26,-1.1249608598327636,False
6,11,5,-1.1251049137115479,False
60,82,22,-1.126270818634033,False
61,78,17,-1.1279278675079345,False
58,70,12,-1.129454013671875,False
128,133,5,-1.129879881515503,True
62,95,33,-1.131374493560791,False
65,79,14,-1.131575185546875,False
20,28,8,-1.1316772856140136,False
60,68,8,-1.1317980615234375,False
2,105,103,-1.1327222080230714,False
41,96,55,-1.1344462372589112,False
111,127,16,-1.1344659998321531,False
95,100,5,-1.1345050588226318,True
32,37,5,-1.134642984085083,False
143,152,9,-1.134763782043457,False
10,15,5,-1.1350473030853272,False
1,6,5,-1.1350772149658204,False
14,125,111,-1.1357226373291014,True
21,26,5,-1.1357941162109375,False
109,128,19,-1.1362007135009766,False
52,60,8,-1.1364728367614745,False
2,111,109,-1.1368556490325927,False
39,85,46,-1.137282215423584,True
20,119,99,-1.13744740524292,True
19,120,101,-1.1376090768432616,False
49,54,5,-1.1393692469024659,False
118,146,28,-1.1398910479736328,False
82,87,5,-1.140358415222168,False
44,97,53,-1.1413604988861086,False
45,60,15,-1.1416227221679687,False
13,117,104,-1.141634875793457,False
14,21,7,-1.1419269778442382,False
130,159,29,-1.1429624689483642,False
69,76,7,-1.1433897982788086,False
79,104,25,-1.1450227961730957,False
47,59,12,-1.1452416146087647,True
27,148,121,-1.146083387069702,False
114,126,12,-1.1471194458770753,False
41,88,47,-1.1481223220062255,False
31,55,24,-1.1485176767730714,False
115,148,33,-1.1493106504058839,False
48,60,12,-1.149696893157959,False
18,120,102,-1.150244980621338,False
31,54,23,-1.150301357498169,False
112,124,12,-1.1524691283416748,False
114,122,8,-1.152936155166626,False
34,159,125,-1.1531374444580078,False
8,119,111,-1.1535830945587158,False
101,106,5,-1.1540378973388672,False
51,60,9,-1.155302293395996,False
6,108,102,-1.1561355349731446,False
60,83,23,-1.1562976648712158,False
65,72,7,-1.1574089289093017,False
40,95,55,-1.1574248389434814,False
63,99,36,-1.157688919067383,False
15,22,7,-1.1590258628082275,False
78,83,5,-1.1590929960632326,False
7,16,9,-1.15973911277771,False
31,94,63,-1.161394859313965,True
41,85,44,-1.1615916281890868,True
74,80,6,-1.161993004989624,False
65,73,8,-1.162576868209839,False
23,145,122,-1.1631140036773682,False
50,55,5,-1.1632585154724122,False
48,67,19,-1.163570121459961,False
134,155,21,-1.1637643761444092,False
28,150,122,-1.1640329415130615,False
100,126,26,-1.164496538772583,True
66,72,6,-1.1665653458404541,False
9,15,6,-1.1667901944732666,False
64,72,8,-1.166796976776123,False
62,96,34,-1.1671389302062987,False
78,104,26,-1.16889853515625,False
19,122,103,-1.1691530934906005,False
131,157,26,-1.1692178834533693,False
100,106,6,-1.169391964187622,False
16,22,6,-1.1698146172332764,False
8,15,7,-1.1699055829620362,False
98,123,25,-1.1701262799072265,False
100,123,23,-1.1704842016601562,False
11,114,103,-1.17082695022583,False
13,18,5,-1.1709525997924806,False
36,53,17,-1.17104173248291,False
111,126,15,-1.1720341390991211,False
65,71,6,-1.1725343006134032,False
44,49,5,-1.17319355178833,False
30,157,127,-1.173545478515625,False
9,123,114,-1.1745634995269776,False
60,80,20,-1.174796881866455,False
20,122,102,-1.1769832218170166,False
74,81,7,-1.1774479736328125,False
114,150,36,-1.1776496669769287,False
107,128,21,-1.1781049728393556,False
123,128,5,-1.1784963830566406,False
106,157,51,-1.1793688986968995,False
44,98,54,-1.1797655450439453,False
110,154,44,-1.1799765870666505,True
19,123,104,-1.1799766342163085,False
29,152,123,-1.1799904084777832,False
10,113,103,-1.1805327549743652,False
78,100,22,-1.1805726417541504,False
42,97,55,-1.1811600115966798,False
22,118,96,-1.1815691540527342,False
1,111,110,-1.1820522338867188,False
5,100,95,-1.1827281998062134,False
42,47,5,-1.182738218460083,True
28,155,127,-1.1831514554595948,False
59,85,26,-1.1842123663330077,False
38,43,5,-1.1851605090332031,False
48,72,24,-1.1860481330871582,False
4,105,101,-1.1866167477416991,False
16,119,103,-1.186626667098999,False
73,84,11,-1.1875330040740966,True
29,154,125,-1.1883263623809814,False
10,124,114,-1.1886780871582032,False
115,124,9,-1.189346869735718,False
46,98,52,-1.189436660003662,False
3,94,91,-1.189442607192993,False
48,59,11,-1.1897179270935059,False
66,71,5,-1.1903178911590575,False
110,126,16,-1.19090284866333,False
5,90,85,-1.1918602838134766,False
23,29,6,-1.1923410333251954,False
47,71,24,-1.1927704795074463,False
50,71,21,-1.1928301745605467,False
19,24,5,-1.1934196368408203,False
9,122,113,-1.194573000793457,False
39,94,55,-1.1949169484710693,False
59,84,25,-1.1949200736236574,False
104,127,23,-1.196749998550415,False
24,150,126,-1.1967898696899415,False
57,74,17,-1.197852454071045,False
74,84,10,-1.198118995513916,False
97,125,28,-1.1987557864379883,True
93,100,7,-1.1987608653259278,True
79,105,26,-1.1990332986450194,False
98,103,5,-1.1991839686584473,False
56,71,15,-1.1992296236419677,False
5,125,120,-1.1994478922271727,False
23,151,128,-1.200454051055908,False
145,151,6,-1.203544792251587,False
59,76,17,-1.2035752455139161,False
120,148,28,-1.2037216032409668,False
119,145,26,-1.204268701171875,False
99,104,5,-1.205383338699341,False
23,150,127,-1.205791367340088,False
110,130,20,-1.2074118159484863,False
7,93,86,-1.2109728247833254,False
31,57,26,-1.2110454316711425,False
93,98,5,-1.2116535369110106,False
104,159,55,-1.2118960121154785,False
119,124,5,-1.2121789286804199,False
105,158,53,-1.2126024389648438,False
79,84,5,-1.212849966278076,False
62,102,40,-1.2149271260070802,True
20,25,5,-1.2150799744415282,False
6,96,90,-1.2170712575149536,True
78,105,27,-1.2178971572113038,False
46,69,23,-1.2182220600891114,False
24,143,119,-1.21855685798645,False
117,146,29,-1.2187434564208985,False
6,124,118,-1.2208995549774169,False
113,127,14,-1.2218839407348632,False
31,156,125,-1.2224207386016848,False
36,92,56,-1.223443165512085,False
108,155,47,-1.2243943788146971,False
49,62,13,-1.2245865354919434,False
75,82,7,-1.2254327175903321,False
31,36,5,-1.2256327228546142,False
59,81,22,-1.226190968170166,False
116,123,7,-1.2266443111419678,False
29,151,122,-1.2268906895446778,False
44,59,15,-1.2273566633605957,False
137,158,21,-1.2277406392669676,False
35,91,56,-1.2279342148590087,False
125,130,5,-1.228198671569824,False
35,90,55,-1.2290849644470216,False
82,92,10,-1.2291693090820313,False
51,61,10,-1.2300998692321776,False
56,72,16,-1.2302484349823,False
102,125,23,-1.2302614849853515,False
60,78,18,-1.232898801498413,False
54,71,17,-1.23315284866333,False
120,145,25,-1.233442229385376,False
104,125,21,-1.2341429812622071,False
23,119,96,-1.235804701461792,False
41,89,48,-1.236287790298462,False
96,102,6,-1.2364065392303467,False
44,94,50,-1.2388488551330565,False
8,124,116,-1.239850987854004,False
6,126,120,-1.2399329663848877,False
33,38,5,-1.2399487607574462,False
23,144,121,-1.2412144130706788,False
45,67,22,-1.2412384363555908,False
83,88,5,-1.241243599395752,False
46,67,21,-1.2421905264282227,False
122,128,6,-1.2429057002258301,False
7,125,118,-1.2433399829864502,False
94,100,6,-1.245786254272461,False
46,95,49,-1.2484754927825927,True
7,96,89,-1.248974966621399,False
4,113,109,-1.2494319938659668,False
22,148,126,-1.2514110404205323,True
76,82,6,-1.2516531175231933,False
116,147,31,-1.2524032384490966,False
41,46,5,-1.2534337521362304,False
59,69,10,-1.2538835443115235,False
64,73,9,-1.2540715664672852,False
46,96,50,-1.2549633598327636,True
62,103,41,-1.255441685256958,False
102,126,24,-1.256214596557617,False
29,156,127,-1.2562922055053711,False
117,123,6,-1.2578524449157715,False
48,53,5,-1.2597522223663329,False
21,27,6,-1.2600515153503418,False
17,22,5,-1.2614439549255372,False
134,139,5,-1.2614687707519532,False
108,128,20,-1.261708688659668,False
13,21,8,-1.2623073767089843,False
114,121,7,-1.26290123916626,False
21,118,97,-1.263145852127075,False
82,106,24,-1.2642482991027832,False
131,136,5,-1.2646675482177734,False
47,66,19,-1.2662518973541261,False
7,17,10,-1.267405186767578,False
94,101,7,-1.2686196509552001,False
7,123,116,-1.268745827255249,False
95,101,6,-1.2696415017700196,False
63,80,17,-1.2701804708862305,False
118,123,5,-1.2710008500671388,False
8,123,115,-1.2713608785247803,False
51,72,21,-1.2724030528259278,False
25,152,127,-1.2724228526306152,False
76,84,8,-1.273971691131592,False
50,58,8,-1.2740039626312256,False
104,109,5,-1.2740742911529541,False
59,94,35,-1.274812430419922,False
62,97,35,-1.2763435426330567,False
47,67,20,-1.2772074209594728,False
25,142,117,-1.2774246131896974,False
28,141,113,-1.2788958584594727,False
63,81,18,-1.2801604620361329,False
46,60,14,-1.2805449214172362,False
57,70,13,-1.2806063516998292,False
43,57,14,-1.280828914642334,False
62,82,20,-1.2813283203124999,False
120,125,5,-1.2813405926513672,False
82,103,21,-1.281803278427124,False
99,123,24,-1.283674643096924,False
33,159,126,-1.2840709545898439,False
105,128,23,-1.2841284496307375,False
75,83,8,-1.2843557155609129,False
63,95,32,-1.2843998895263673,False
112,152,40,-1.2852022441101074,True
101,123,22,-1.2880351293945314,False
28,55,27,-1.2882405143737794,False
97,124,27,-1.2884133982849122,True
31,157,126,-1.2888196826171874,False
7,118,111,-1.2898087268066407,False
6,123,117,-1.2898107672119141,False
102,107,5,-1.2898645454406739,False
61,82,21,-1.290292424850464,False
49,65,16,-1.290710206604004,False
79,99,20,-1.2916670178985596,False
8,122,114,-1.2920611036682128,False
17,124,107,-1.2929348597717287,False
34,40,6,-1.2929744908142091,False
31,56,25,-1.2936070866394043,False
5,16,11,-1.2938792393493652,False
75,85,10,-1.2944081567382812,False
34,53,19,-1.2945505766296388,False
53,70,17,-1.2946153816223145,False
101,127,26,-1.2948227396392822,False
77,83,6,-1.295510669403076,False
35,94,59,-1.2967971240997316,True
36,41,5,-1.2968317687225341,False
5,15,10,-1.2975154783630372,False
54,72,18,-1.2980985915374756,False
1,159,158,-1.2983418251037597,False
5,96,91,-1.3000863076782228,False
5,14,9,-1.3017348101043702,False
11,122,111,-1.301753133163452,False
24,117,93,-1.3019428424835204,False
21,28,7,-1.3021552113342285,False
22,146,124,-1.3022664968109132,False
4,89,85,-1.3026833577728272,False
124,129,5,-1.3044137062072754,False
46,72,26,-1.3047797218322754,False
56,73,17,-1.304800911102295,False
31,158,127,-1.3049768748474122,False
5,17,12,-1.3051413787841797,False
30,158,128,-1.3056493923187256,False
10,123,113,-1.3069052755737305,False
57,75,18,-1.3070735063171388,False
5,103,98,-1.308156400604248,False
136,153,17,-1.3089520874023437,False
22,117,95,-1.3106211925506592,True
43,98,55,-1.31093573097229,True
33,53,20,-1.3115553680419922,False
103,126,23,-1.3126536125946044,False
37,60,23,-1.3132734982299805,False
26,31,5,-1.313763151321411,False
45,69,24,-1.3139049462890626,False
7,121,114,-1.3140882079315186,False
114,127,13,-1.3148558856201171,False
52,61,9,-1.316702769470215,False
2,88,86,-1.3177642084503174,False
50,68,18,-1.3181506039428712,False
12,115,103,-1.3184755043792724,False
7,122,115,-1.3187863359069825,False
127,132,5,-1.3194114765930176,False
39,44,5,-1.319524747619629,False
7,18,11,-1.321259934616089,False
32,52,20,-1.3213986796569823,False
121,126,5,-1.3220857893371583,False
110,131,21,-1.3222972188568114,False
8,125,117,-1.322704302597046,True
48,66,18,-1.3228426194763183,False
7,21,14,-1.3232966207885741,False
48,70,22,-1.3234495932769774,False
43,48,5,-1.3239536361694335,False
130,135,5,-1.3241179627990722,True
14,20,6,-1.324457846069336,False
113,122,9,-1.3246356562805175,False
15,125,110,-1.3248931531524657,False
30,151,121,-1.325011075744629,False
39,86,47,-1.3254789463043213,True
46,97,51,-1.325874367828369,False
37,42,5,-1.3263244480895995,False
52,71,19,-1.3266740115356446,False
77,99,22,-1.327479781188965,False
63,96,33,-1.3280486819458008,False
6,100,94,-1.3291016448974609,True
34,94,60,-1.3315653826141358,False
20,123,103,-1.332453525466919,False
4,95,91,-1.3345835808563231,True
61,79,18,-1.3350663288879394,False
52,72,20,-1.3354917853546142,False
25,153,128,-1.335922901763916,False
22,149,127,-1.3361605429077148,True
12,128,116,-1.3365560414123536,False
64,95,31,-1.3387258303070069,False
1,87,86,-1.3391132810211182,False
30,159,129,-1.3394811389160157,False
130,158,28,-1.3398519960021973,False
40,85,45,-1.3400268172454832,False
15,119,104,-1.3401087509918213,True
31,111,80,-1.340828021697998,False
77,106,29,-1.341586748123169,False
34,93,59,-1.342222025604248,False
22,150,128,-1.3430096139526366,False
27,32,5,-1.3430890213012696,False
43,58,15,-1.3438876026916504,False
132,156,24,-1.3463497274780274,False
4,125,121,-1.3465621421813965,False
48,71,23,-1.3465960372924806,False
49,64,15,-1.347706611328125,False
115,125,10,-1.3477797479248046,False
34,111,77,-1.3479419259643555,True
42,50,8,-1.3480163088226318,True
28,144,116,-1.3482077331542968,False
46,59,13,-1.348630189971924,False
78,84,6,-1.3494705027770997,False
37,54,17,-1.3499504540252685,False
6,16,10,-1.3503519367980956,False
112,123,11,-1.350601815109253,False
84,89,5,-1.3512825131988524,False
6,122,116,-1.3513760374450683,False
83,91,8,-1.3523642210388185,False
113,128,15,-1.3529232220458984,False
14,19,5,-1.3550338289642334,False
71,76,5,-1.3575669882202148,False
107,129,22,-1.3581590536499024,False
12,17,5,-1.358377942123413,False
86,92,6,-1.3585607667541504,False
8,21,13,-1.3595158381652832,False
18,23,5,-1.3596521032714843,False
31,154,123,-1.3605035786437987,False
8,120,112,-1.3608908039855958,False
64,80,16,-1.3609157078552248,False
75,99,24,-1.3609194172668455,False
13,127,114,-1.3618978698730468,False
104,129,25,-1.3619423847961425,False
58,69,11,-1.3623161600494385,False
68,77,9,-1.362541651763916,False
50,69,19,-1.362603683166504,False
49,71,22,-1.362647654724121,False
61,84,23,-1.363001577682495,False
70,76,6,-1.3630453469085695,False
103,108,5,-1.3635903537750245,False
40,45,5,-1.3635985252380372,False
1,94,93,-1.3636134640502928,False
102,124,22,-1.3647091786193848,False
31,159,128,-1.3654404331970214,False
50,62,12,-1.365639856109619,False
9,125,116,-1.3660853381347657,False
105,110,5,-1.3662185346984863,False
87,92,5,-1.3675184757995607,False
29,141,112,-1.3680215956878663,False
56,70,14,-1.3681391749572753,False
50,57,7,-1.3682233135986328,False
107,156,49,-1.3682814907836913,False
43,92,49,-1.3683388639068603,False
14,22,8,-1.3692244592285157,False
35,93,58,-1.3694517922973632,False
141,146,5,-1.3701219015502928,False
129,134,5,-1.3702388299560546,False
77,102,25,-1.3704761489868165,False
44,67,23,-1.3706259663391114,False
38,85,47,-1.370854945907593,False
140,148,8,-1.371052733154297,False
26,154,128,-1.3714331983184815,False
77,84,7,-1.3717433157348633,False
58,86,28,-1.373434231414795,False
5,104,99,-1.3740232215118406,False
85,92,7,-1.3745383322906495,False
137,151,14,-1.3748422294616698,False
27,113,86,-1.375053568572998,True
111,159,48,-1.375627113494873,False
3,100,97,-1.376071637802124,False
24,116,92,-1.3761963963317871,False
1,7,6,-1.3766566621398926,False
55,73,18,-1.377864578781128,False
66,79,13,-1.3786788899230955,False
96,123,27,-1.3798143449401856,True
97,122,25,-1.3799949113464356,False
5,106,101,-1.3808378004455566,False
99,125,26,-1.3815130447387696,False
114,120,6,-1.3824615963745117,False
49,63,14,-1.3824840184020997,False
7,22,15,-1.3825491912841796,False
24,119,95,-1.3837687491607666,False
106,128,22,-1.3838582279968261,False
82,93,11,-1.384055601196289,False
28,54,26,-1.384171060180664,False
93,101,8,-1.3842701525878907,False
41,82,41,-1.384567018890381,False
47,70,23,-1.3849384859466554,False
84,91,7,-1.385910115814209,False
2,7,5,-1.3859103606414795,False
98,125,27,-1.3861349653625488,False
32,159,127,-1.3866630683898926,False
81,102,21,-1.3874057879638673,False
11,123,112,-1.3883722163391112,False
33,158,125,-1.3891395249938965,False
59,68,9,-1.389637466583252,False
12,18,6,-1.3902255062866211,False
61,66,5,-1.3902616658782958,False
8,95,87,-1.3903526419830323,False
11,16,5,-1.3910551486206055,False
81,104,23,-1.3912686431884764,False
34,91,57,-1.391883473892212,False
45,59,14,-1.3919405589294434,False
116,146,30,-1.3924068724822998,False
41,87,46,-1.393084130935669,False
61,83,22,-1.3939693621826172,False
27,140,113,-1.3941831019592286,False
38,55,17,-1.3950467337036134,False
54,60,6,-1.3957468104553221,False
55,71,16,-1.3964930278778076,False
29,54,25,-1.3965925564575197,False
80,106,26,-1.3968941275024414,False
55,72,17,-1.3971015287017823,False
35,59,24,-1.398468338317871,False
34,158,124,-1.3993328120422364,False
51,71,20,-1.3994432346343995,False
112,158,46,-1.400183247833252,False
109,127,18,-1.4008828172302246,False
11,125,114,-1.4016484187316895,False
80,102,22,-1.4017162020874023,False
35,41,6,-1.403444690246582,False
61,95,34,-1.4054106369018555,False
135,153,18,-1.4055948768615723,False
6,17,11,-1.4070871562194824,False
113,150,37,-1.4073691522216798,False
29,56,27,-1.4076257672119141,False
35,52,17,-1.4084309262084962,False
110,153,43,-1.4098638230895997,False
2,94,92,-1.4103742677307127,False
134,154,20,-1.4103759971618652,False
81,99,18,-1.4115742794799804,False
32,157,125,-1.4123734686279297,False
31,153,122,-1.4123969186401368,False
32,158,126,-1.4131079188537599,False
33,39,6,-1.4133325262451173,False
6,97,91,-1.4134012748718263,False
118,145,27,-1.4137213373565674,False
22,151,129,-1.414478782196045,False
3,127,124,-1.4154281323242188,False
41,84,43,-1.4154837071228026,True
35,159,124,-1.4160699258422853,False
49,70,21,-1.4161713162994385,False
7,92,85,-1.416289213104248,False
6,107,101,-1.416480016784668,False
31,53,22,-1.4170159075927735,False
99,105,6,-1.4171715047454834,False
15,118,103,-1.417840142364502,False
35,50,15,-1.418613963470459,False
122,130,8,-1.4189810093688966,False
64,96,32,-1.4201103142547606,False
49,72,23,-1.4204229759216307,False
117,145,28,-1.4210355561065673,False
7,97,90,-1.4216793576049804,False
34,90,56,-1.423234437713623,False
5,126,121,-1.4239198315429689,False
49,58,9,-1.424395873413086,False
28,33,5,-1.4254742318725586,False
33,157,124,-1.425905023956299,False
40,46,6,-1.4261282118225096,False
104,110,6,-1.4269775254821777,False
81,91,10,-1.4280248602294923,False
59,95,36,-1.428212144317627,False
93,102,9,-1.4307048330688477,False
103,125,22,-1.430920087585449,False
36,90,54,-1.4309428044128416,False
36,42,6,-1.4313750424194336,False
111,152,41,-1.4314002815246583,False
8,96,88,-1.4315257414245606,False
17,119,102,-1.4319620613861084,False
124,130,6,-1.4324574656677247,False
35,51,16,-1.4325260334777832,False
24,115,91,-1.4328447721862794,True
119,151,32,-1.4329564234924317,False
38,86,48,-1.4335429687499999,False
7,124,117,-1.434115937347412,False
53,61,8,-1.4368506570434572,False
6,121,115,-1.436958088989258,False
81,95,14,-1.4369771231079103,False
111,124,13,-1.4373994506835939,False
60,67,7,-1.4378182177734375,False
28,142,114,-1.4380989405822753,False
77,103,26,-1.4385354135894777,False
33,52,19,-1.4385593338012694,False
105,157,52,-1.4389915930175783,False
5,97,92,-1.4390178728485108,False
46,52,6,-1.4394011723327638,False
129,159,30,-1.439699928894043,False
37,43,6,-1.4398042932128905,False
78,96,18,-1.4398494937133788,False
20,27,7,-1.4403598819732666,False
45,94,49,-1.4406661965942384,False
8,18,10,-1.4406709671020508,False
14,127,113,-1.4414239995574951,False
123,129,6,-1.4417730723571778,False
36,51,15,-1.4422734635925294,False
4,102,98,-1.442554617919922,False
3,105,102,-1.4430142196655273,False
39,55,16,-1.444289825820923,False
80,104,24,-1.4444432791137696,False
24,118,94,-1.4458567210388185,False
61,99,38,-1.4460269090270996,False
26,140,114,-1.446952967376709,False
76,99,23,-1.4470770779418944,False
57,69,12,-1.4477853950500488,False
116,124,8,-1.4494874668884277,False
84,90,6,-1.4496070079040528,False
121,127,6,-1.4501164842224121,False
109,125,16,-1.4504904667663574,False
118,124,6,-1.4507742066955567,False
60,79,19,-1.4510248527526854,False
61,96,35,-1.451037237854004,False
154,159,5,-1.451259021911621,False
42,48,6,-1.4518321290588379,False
2,128,126,-1.4519770385742188,False
36,91,55,-1.4533798928833008,False
45,50,5,-1.4536990774536132,False
23,117,94,-1.4539325252532957,False
133,155,22,-1.4540368310546874,False
62,94,32,-1.4541300619506834,False
81,86,5,-1.4546138691711428,False
54,73,19,-1.4548686697387694,False
117,124,7,-1.4550334960937499,False
51,68,17,-1.4563815644836426,False
92,97,5,-1.4568010926055908,False
32,58,26,-1.457059867477417,False
3,159,156,-1.4575215715026855,False
38,61,23,-1.4579161160278322,False
50,70,20,-1.4583008478546142,False
42,56,14,-1.4587143435668946,False
80,99,19,-1.459310686187744,False
3,125,122,-1.459684882659912,False
2,159,157,-1.460114391479492,False
14,126,112,-1.4602329054260255,False
3,128,125,-1.460251813964844,False
28,140,112,-1.4603204681396484,False
59,82,23,-1.4608041847229003,False
95,102,7,-1.4608776555633545,False
36,89,53,-1.4615938386535645,False
67,78,11,-1.4620546842956543,False
40,87,47,-1.4620992208099366,False
78,101,23,-1.462245594177246,False
111,130,19,-1.4623100817108154,False
5,18,13,-1.462491699066162,False
3,88,85,-1.462504614944458,False
32,155,123,-1.4626078828430176,False
140,147,7,-1.4627301692199706,False
59,77,18,-1.46341304977417,False
39,84,45,-1.4635388749694824,True
36,52,16,-1.463557204589844,False
141,154,13,-1.4641583264160156,False
6,18,12,-1.4648880941772462,False
23,118,95,-1.4651658372497558,False
137,159,22,-1.465770364227295,False
130,157,27,-1.4659141450500488,False
11,17,6,-1.4660859155273438,False
8,94,86,-1.4667037376403809,False
63,97,34,-1.46672021484375,False
23,120,97,-1.4672853098297118,False
33,58,25,-1.4674303923034668,False
37,87,50,-1.4686775151062013,False
3,126,123,-1.4687625358581542,False
15,126,111,-1.4689506047058107,False
1,96,95,-1.469118706665039,False
6,91,85,-1.469411696624756,False
41,86,45,-1.4702008129119872,False
13,19,6,-1.4703809713745115,False
19,119,100,-1.4716998166656494,False
103,109,6,-1.4722103318786621,False
58,88,30,-1.4728024688720702,False
34,52,18,-1.4730029437255858,False
16,125,109,-1.4736336798858642,False
28,143,115,-1.4737093365478515,False
122,129,7,-1.4741384313964843,False
10,16,6,-1.4742653890228272,False
29,157,128,-1.474625970916748,False
58,68,10,-1.474792678527832,False
44,69,25,-1.4753322507476807,False
139,149,10,-1.4754466012573242,False
50,56,6,-1.4754938069152832,False
41,56,15,-1.4760002784729003,False
28,57,29,-1.4769424882507323,False
53,73,20,-1.4774277362823487,False
15,23,8,-1.477743009490967,False
35,42,7,-1.4778086642456054,False
99,124,25,-1.4784578160095214,False
21,147,126,-1.4785082562255858,False
38,94,56,-1.4790428551483155,False
126,131,5,-1.4791997256469727,False
43,54,11,-1.4795302561950685,False
46,57,11,-1.4799437510681153,False
13,126,113,-1.4801898873901367,False
77,105,28,-1.481269040374756,False
42,49,7,-1.4814638039398194,False
54,70,16,-1.4818228958129882,False
53,69,16,-1.4823397270202636,True
113,121,8,-1.4831627268981933,False
30,35,5,-1.4833280229187011,False
12,114,102,-1.4833338706970216,False
104,158,54,-1.4835897477722166,False
12,21,9,-1.4836643398284912,False
49,67,18,-1.4838637199401856,False
79,107,28,-1.4852710939788818,False
65,80,15,-1.4862404483032225,False
47,58,11,-1.4863169508361815,False
32,51,19,-1.4872621940612794,False
16,118,102,-1.4878407523345947,False
91,96,5,-1.487898965911865,False
97,126,29,-1.4879210678100585,True
43,56,13,-1.4883071307373048,False
79,100,21,-1.488563140258789,False
80,85,5,-1.4889780680847167,False
4,159,155,-1.4897421754455566,False
93,104,11,-1.4898391276550291,False
78,95,17,-1.4901646777343749,False
29,34,5,-1.4907798471069336,False
108,129,21,-1.4908574003601074,False
61,85,24,-1.4914708967590333,False
103,128,25,-1.4927562855529786,False
2,100,98,-1.4932095866394044,False
1,102,101,-1.4933063552856445,False
98,124,26,-1.4938067948913574,False
2,127,125,-1.4940746084594727,False
82,88,6,-1.494354291381836,False
30,139,109,-1.4944643724060058,False
49,57,8,-1.4945014601135254,False
2,19,17,-1.4948797950744628,False
105,126,21,-1.4954482627868653,False
81,106,25,-1.4954900170135499,False
109,129,20,-1.4954935023498535,False
29,57,28,-1.4959201828002928,False
120,150,30,-1.496088655014038,False
60,95,35,-1.4961235462188722,False
21,117,96,-1.4967791259002685,True
120,126,6,-1.496974100189209,False
32,156,124,-1.497134000854492,False
55,60,5,-1.49772446975708,False
62,100,38,-1.5000428117370606,False
109,154,45,-1.500669836578369,False
29,159,130,-1.5006797557067872,False
131,156,25,-1.5016960139465332,False
64,97,33,-1.5022577662658692,False
114,128,14,-1.5026773411560057,False
29,140,111,-1.5040094422912598,False
36,60,24,-1.5041370652770998,False
69,77,8,-1.504366142730713,False
6,21,15,-1.5052845686340333,False
94,103,9,-1.5053371742248536,False
4,18,14,-1.5056986634826661,False
64,81,17,-1.5059271116638182,False
114,149,35,-1.5063608708190919,False
121,147,26,-1.5066542401885985,False
62,83,21,-1.5069960800170898,False
4,126,122,-1.5079811874389648,False
2,102,100,-1.508106583557129,False
66,80,14,-1.508271527862549,False
6,22,16,-1.5084931115722657,False
5,20,15,-1.5089126135253905,False
144,152,8,-1.509185892944336,False
35,89,54,-1.5093360539245606,False
30,112,82,-1.5095985430908203,False
110,124,14,-1.5101575022888185,False
107,125,18,-1.510523066253662,False
97,103,6,-1.5106165327453613,False
51,69,18,-1.5110398767852782,False
40,63,23,-1.51158193359375,False
59,83,24,-1.5116087145996093,False
56,74,18,-1.5118100218200685,False
10,125,115,-1.5119316642761231,False
13,116,103,-1.5130198503112795,False
44,99,55,-1.5133460010528563,False
14,117,103,-1.5135582153320313,False
121,146,25,-1.513701611404419,False
114,119,5,-1.5147200066375732,False
99,106,7,-1.5150284275817871,False
119,125,6,-1.5152928366088867,False
49,55,6,-1.5157414938354492,False
28,156,128,-1.5158691111755371,False
27,156,129,-1.5161661945343017,False
8,22,14,-1.516959030303955,False
4,16,12,-1.5170393814086913,False
146,151,5,-1.517260258026123,False
44,57,13,-1.5179171697998046,False
27,159,132,-1.5182549929809572,False
90,109,19,-1.518416281814575,True
51,62,11,-1.519104863433838,False
1,158,157,-1.5191251776123047,False
13,20,7,-1.5195210729217528,False
73,80,7,-1.5197267567443848,False
42,52,10,-1.5201706146240235,False
3,8,5,-1.52108559715271,False
47,57,10,-1.5214585411071777,False
22,116,94,-1.5219828133392332,False
9,21,12,-1.522044270324707,False
43,53,10,-1.522778316192627,False
37,53,16,-1.5229454116821288,False
4,127,123,-1.5236858154296875,False
82,94,12,-1.5240004489135743,False
82,90,8,-1.5241925672912597,False
38,44,6,-1.524230650024414,False
36,50,14,-1.5245253581237794,False
115,126,11,-1.5245671398925782,False
61,98,37,-1.524594035797119,False
58,81,23,-1.5246564060974122,False
7,119,112,-1.524701580810547,False
24,152,128,-1.5254520599365233,False
78,98,20,-1.525670917816162,False
30,55,25,-1.525910477142334,False
41,64,23,-1.5261085865783692,False
1,100,99,-1.5261266486358642,False
5,19,14,-1.5261871815490724,False
138,150,12,-1.5264610649108887,False
4,20,16,-1.5270629821777344,False
153,159,6,-1.5273778463745118,False
47,54,7,-1.5274959354400637,False
52,69,17,-1.5275284715270996,False
108,127,19,-1.528604779663086,False
111,129,18,-1.5286516133117676,False
44,72,28,-1.529306223373413,False
46,58,12,-1.5297522836303712,False
108,125,17,-1.5298204675292968,False
28,56,28,-1.5309159660339355,False
20,118,98,-1.53169381401062,False
29,142,113,-1.5317992971801757,False
83,92,9,-1.5320582731628418,False
32,38,6,-1.5323857873535158,False
4,19,15,-1.5326988674926758,False
42,81,39,-1.5332744298553467,False
58,76,18,-1.5339302522277831,False
42,65,23,-1.5340823019409178,False
3,113,110,-1.5351169609069824,False
2,20,18,-1.535471386566162,False
109,126,17,-1.5355734146118163,False
112,129,17,-1.5356796125793457,False
73,81,8,-1.535863938293457,False
107,126,19,-1.5359746575927733,False
15,127,112,-1.5360627015686035,False
4,17,13,-1.536090553741455,False
30,137,107,-1.5363052551269532,False
16,23,7,-1.5365298287963867,False
41,47,6,-1.5367867904663086,False
58,87,29,-1.5375445716857912,False
24,142,118,-1.5384322542572022,False
2,129,127,-1.5393960682678223,False
5,115,110,-1.5396428964233397,False
7,19,12,-1.539683671722412,False
1,112,111,-1.539923854675293,False
1,20,19,-1.5399585008239747,False
20,26,6,-1.540043988647461,False
112,151,39,-1.540175076599121,False
106,156,50,-1.5405946903991699,False
4,128,124,-1.5416157751464845,False
82,95,13,-1.5418507305908205,False
7,120,113,-1.5423719123840332,False
2,130,128,-1.5428140368652343,False
37,159,122,-1.542890065765381,False
45,57,12,-1.5431092060852052,False
45,72,27,-1.543348443450928,False
36,159,123,-1.5433955461120605,False
60,86,26,-1.5438393681335447,False
135,140,5,-1.5441317597961426,False
98,122,24,-1.5448110537719726,False
83,93,10,-1.545446464691162,False
5,12,7,-1.5456785791015624,False
22,122,100,-1.5460984172058105,False
110,132,22,-1.5464683236694337,False
30,141,111,-1.546710280456543,False
57,85,28,-1.546853722381592,False
132,137,5,-1.546894755859375,False
105,125,20,-1.5469008299255371,False
47,73,26,-1.5472473738098145,False
28,53,25,-1.5474935011291504,False
118,152,34,-1.548389348297119,False
36,43,7,-1.5486706077575683,False
92,109,17,-1.5495196957397461,False
60,94,34,-1.5495413784790038,False
81,92,11,-1.5497647901916505,False
13,22,9,-1.5502052028656006,False
27,114,87,-1.551414212875366,False
1,95,94,-1.551592458343506,False
46,99,53,-1.5520007774353028,True
1,86,85,-1.553604803009033,False
112,122,10,-1.5538245532226562,False
1,128,127,-1.5540303080749511,False
72,84,12,-1.5544021145629883,False
42,51,9,-1.5546157487487793,False
25,141,116,-1.5548786462402344,False
5,89,84,-1.5551549726867677,False
11,113,102,-1.555309963684082,False
56,69,13,-1.555566739807129,False
121,145,24,-1.5560661714172364,False
65,99,34,-1.5564218434143067,False
7,20,13,-1.556848980407715,True
11,18,7,-1.5573252719116213,False
39,46,7,-1.557816870880127,False
123,130,7,-1.55785442779541,False
21,150,129,-1.5579543087768555,False
59,80,21,-1.5583912464904786,False
30,140,110,-1.558430009613037,False
48,54,6,-1.559107282409668,False
28,145,117,-1.5600022755432128,False
96,122,26,-1.5602198115539552,False
34,50,16,-1.5603012106323242,False
35,49,14,-1.5603230076599122,False
21,123,102,-1.5607641511535646,False
81,93,12,-1.5608251892089844,False
81,100,19,-1.5612973358154296,False
74,79,5,-1.5615702192687988,False
31,37,6,-1.5625535540771485,False
75,103,28,-1.5626553610229492,False
23,143,120,-1.5627742009735108,False
39,49,10,-1.5634968116760253,False
81,96,15,-1.5638062643432618,False
103,159,56,-1.564708890991211,False
39,45,6,-1.565437896118164,False
103,110,7,-1.565451156616211,False
43,99,56,-1.5655443447875976,True
99,122,23,-1.5667782977294922,False
112,159,47,-1.5670192735290527,False
138,159,21,-1.5670206559753417,False
40,84,44,-1.5674081190490723,False
8,17,9,-1.5674134330749512,False
136,141,5,-1.5684456405639648,False
2,21,19,-1.5686643923950194,False
96,125,29,-1.5687914503479004,False
121,128,7,-1.5692682986450195,False
22,145,123,-1.569323179550171,False
140,145,5,-1.5696936642456056,False
31,95,64,-1.569823760070801,False
40,55,15,-1.5698667526245118,False
48,58,10,-1.570382610168457,False
43,55,12,-1.5718115634155274,False
3,21,18,-1.5719887506103514,False
42,98,56,-1.5722679537963866,False
138,157,19,-1.572502726287842,False
39,50,11,-1.5728012528991697,False
29,53,24,-1.5728191389465331,False
18,124,106,-1.5728836611175538,False
40,54,14,-1.5734246044921876,True
64,102,38,-1.573527532196045,False
41,48,7,-1.573855775604248,False
116,145,29,-1.5739489878845216,False
107,130,23,-1.5749719160461426,False
30,138,108,-1.5750091412353515,False
79,95,16,-1.575039386291504,False
34,51,17,-1.575391697998047,False
31,92,61,-1.5777469549560545,False
26,113,87,-1.5787638546752931,False
27,112,85,-1.5789834363555908,False
35,43,8,-1.5790231312561036,False
4,101,97,-1.5798921609497072,False
115,147,32,-1.580935430908203,False
40,53,13,-1.5811351301574708,False
1,19,18,-1.5811783538818358,False
103,127,24,-1.5811830346679687,False
60,66,6,-1.581317151184082,False
76,83,7,-1.5814040519714356,False
37,93,56,-1.581690161590576,False
28,147,119,-1.5828145388793946,False
120,127,7,-1.5833555992126465,False
44,58,14,-1.5835233514404297,False
29,158,129,-1.5837796440124512,False
27,139,112,-1.5844345947265626,False
4,15,11,-1.5846819384765625,False
105,127,22,-1.585047668762207,False
59,78,19,-1.5851195791625976,False
24,30,6,-1.5855067375183105,False
4,21,17,-1.5860915769958495,False
3,129,126,-1.5864486415100099,False
137,142,5,-1.5866217974853516,False
130,156,26,-1.5867194511413574,False
20,150,130,-1.5870965313720702,False
29,52,23,-1.5873370964050293,False
40,47,7,-1.5878892419433595,False
5,124,119,-1.5882069024658203,False
56,61,5,-1.5893234802246092,False
3,130,127,-1.5896068968200683,False
58,94,36,-1.5906017980957032,False
143,153,10,-1.5907070770263672,False
22,144,122,-1.5908883332824708,False
39,54,15,-1.5912747840881347,False
7,100,93,-1.5915518022155761,False
2,126,124,-1.5918723237609864,False
43,66,23,-1.5919863078308105,False
92,108,16,-1.5920025996398928,False
59,67,8,-1.5921705653381348,False
62,84,22,-1.5932482572937012,False
5,128,123,-1.5938132836914063,False
42,54,12,-1.594742240447998,False
3,19,16,-1.5948236778259277,False
43,50,7,-1.5952079568481445,False
99,126,27,-1.5955486074829102,False
18,119,101,-1.5960823804473878,False
3,20,17,-1.5968640547180175,False
78,107,29,-1.5970618785095216,False
80,95,15,-1.597102254638672,False
42,88,46,-1.5973069430541993,False
1,127,126,-1.5978776559448242,False
100,122,22,-1.5979060717773437,False
3,95,92,-1.5989427337646485,False
22,115,93,-1.5989823740386964,True
32,94,62,-1.5991292001342774,False
106,111,5,-1.599180821990967,False
6,116,110,-1.5993846559143066,False
82,99,17,-1.599962568206787,False
87,93,6,-1.600110415496826,False
5,21,16,-1.6001486070251463,False
7,109,102,-1.600352491455078,False
18,24,6,-1.6005412782287596,False
40,52,12,-1.600970609588623,False
83,89,6,-1.6017680368041993,False
107,127,20,-1.6019226406860352,False
5,10,5,-1.6028042926025392,False
116,125,9,-1.6032114649963378,False
28,146,118,-1.6035360301208494,False
1,157,156,-1.6037567317199706,False
153,158,5,-1.6047949015808105,False
46,94,48,-1.6057185669708254,True
88,93,5,-1.6058413631439208,False
52,70,18,-1.6060467964172365,False
114,156,42,-1.6063297563171386,False
19,25,6,-1.6063594763183595,False
108,126,18,-1.60646500579834,False
32,50,18,-1.606905362548828,False
1,97,96,-1.607117141723633,False
40,86,46,-1.6073521762084961,False
106,129,23,-1.6076342581176757,False
39,52,13,-1.6097506773376467,False
81,94,13,-1.610045397491455,False
94,104,10,-1.610630105895996,False
9,96,87,-1.61065404586792,False
101,107,6,-1.6111393925476076,False
29,150,121,-1.6112135162353514,False
39,47,8,-1.6116115336608885,False
82,107,25,-1.6118399026489256,False
60,96,36,-1.6120603265380857,False
34,42,8,-1.6122469987487793,False
1,10,9,-1.6132640380859375,False
43,91,48,-1.6135734252929688,False
20,117,97,-1.6140585853576659,True
28,52,24,-1.6146471049499511,False
77,100,23,-1.615131827545166,False
4,99,95,-1.6153319357299805,False
61,97,36,-1.615381131286621,False
39,62,23,-1.6156524259948732,False
79,96,17,-1.6167970558166505,False
4,96,92,-1.6170798471069336,False
100,107,7,-1.617185665283203,False
21,148,127,-1.6177497215270997,False
105,129,24,-1.617799448623657,False
21,149,128,-1.617811594848633,False
86,93,7,-1.618519698410034,False
117,144,27,-1.6192184285736082,False
55,70,15,-1.619542030181885,False
128,159,31,-1.619834470062256,False
65,98,33,-1.6201491744995118,False
42,85,43,-1.620438349456787,False
109,130,21,-1.6204766859436035,False
60,65,5,-1.6211804940795898,False
17,23,6,-1.6212451333618165,False
34,157,123,-1.6213638571166993,False
39,51,12,-1.621956262664795,False
84,92,8,-1.6222826776123047,False
31,52,21,-1.6224830604553222,False
59,64,5,-1.622654188232422,False
139,159,20,-1.62380533203125,False
28,159,131,-1.6238576376342775,False
8,16,8,-1.6240011793518065,False
4,9,5,-1.6243008847808837,False
50,63,13,-1.6243596578979491,False
20,151,131,-1.624419305267334,False
120,128,8,-1.6244321469116212,False
133,138,5,-1.6245950222778318,False
80,100,20,-1.6248146646118165,False
91,109,18,-1.6249143164062498,False
8,93,85,-1.6249414390563963,False
21,146,125,-1.6250124781799316,False
10,17,7,-1.6251458367919924,False
43,52,9,-1.6251897480773927,False
1,126,125,-1.625373412322998,False
5,159,154,-1.6267505638122557,False
25,117,92,-1.6276735206604005,False
48,57,9,-1.6278335504150392,False
36,93,57,-1.6280744854736326,False
29,144,115,-1.6294989111328124,False
31,93,62,-1.6314102297210695,False
46,71,25,-1.6317660367584228,False
6,20,14,-1.631817523803711,False
57,68,11,-1.6332360508728025,False
94,102,8,-1.6338910316467286,False
77,96,19,-1.634001587524414,False
2,18,16,-1.6341888681030272,False
34,58,24,-1.6344171537780763,False
5,13,8,-1.6351633558654786,False
36,88,52,-1.6351981806945801,False
92,98,6,-1.6352710574340819,False
1,21,20,-1.6354251475524901,False
19,28,9,-1.6355429364013674,False
6,103,97,-1.6361041432189942,False
131,137,6,-1.6363341821289061,False
45,58,13,-1.6364048698425293,False
33,92,59,-1.6369220162963867,False
41,83,42,-1.6370909117126466,False
37,50,13,-1.637183328552246,False
119,144,25,-1.637266247329712,False
20,147,127,-1.637339963684082,False
101,128,27,-1.6375460408020017,False
12,22,10,-1.6381197595214843,False
30,56,26,-1.6381633392333985,False
38,50,12,-1.6382495518493652,False
2,125,123,-1.6388257540893556,False
1,129,128,-1.639375908203125,False
12,19,7,-1.6398382066345214,False
58,63,5,-1.640110375366211,False
79,101,22,-1.6404053848266602,False
52,68,16,-1.6406735063171385,False
93,109,16,-1.6415217958068848,False
121,130,9,-1.6417059971618653,False
21,151,130,-1.6420190911865233,False
43,49,6,-1.6420705625915528,False
43,81,38,-1.6421709939575195,False
37,51,14,-1.6422240164184572,False
1,22,21,-1.6422866192626953,False
2,16,14,-1.6425779705810548,False
85,93,8,-1.6429841360473632,False
54,69,15,-1.6431662040710449,False
111,131,20,-1.6435053758239746,False
45,102,57,-1.6437878228759764,False
44,50,6,-1.6442788865661622,False
127,133,6,-1.6463360778808593,False
28,149,121,-1.6469199113464357,False
57,84,27,-1.6475627850341799,False
1,114,113,-1.6478458642578127,False
74,99,25,-1.6483482148742676,False
51,70,19,-1.64846663772583,False
1,130,129,-1.6488998045349121,False
102,127,25,-1.6500044303894044,False
58,89,31,-1.6500147235107423,False
4,14,10,-1.6506497358703611,False
38,159,121,-1.6511124433898925,False
44,54,10,-1.6514559567260743,False
95,103,8,-1.6517215881347656,False
119,127,8,-1.6517846881103515,False
121,129,8,-1.6529546138000488,False
41,49,8,-1.654140129699707,False
33,155,122,-1.6549556088256836,False
121,148,27,-1.6553427116394044,False
93,105,12,-1.6553538455200196,False
104,112,8,-1.6555350628662109,False
29,139,110,-1.6559118768310548,False
104,130,26,-1.6562224252319335,False
96,103,7,-1.6565452835083008,False
130,136,6,-1.6570943411254884,False
68,78,10,-1.6578441778564454,False
117,125,8,-1.6582437312316896,False
95,105,10,-1.6583702113342285,False
10,18,8,-1.6585511683654786,False
117,143,26,-1.6585849711608887,False
40,48,8,-1.6586322395324706,False
11,127,116,-1.6589805989074708,False
37,52,15,-1.6592050006103516,False
83,90,7,-1.6595964416503908,False
72,81,9,-1.6598959622192382,False
23,115,92,-1.6607753453826906,False
5,127,122,-1.6615124575805662,False
53,68,15,-1.6616449621582032,False
30,57,27,-1.6628930027770994,False
26,159,133,-1.662972547454834,False
117,153,36,-1.662975291748047,False
36,94,58,-1.663312802734375,False
6,127,121,-1.6634036418151854,False
62,101,39,-1.663711660003662,False
6,19,13,-1.664090346069336,False
33,156,123,-1.6642984068298339,False
59,86,27,-1.6645114450073244,False
92,111,19,-1.6645718502807618,True
50,64,14,-1.6654830946350099,False
90,95,5,-1.6660672009277344,False
5,99,94,-1.667115404663086,False
35,46,11,-1.6673508035278322,False
42,55,13,-1.6683434661865235,False
82,96,14,-1.6683583995056153,False
9,18,9,-1.6692614082336426,False
72,77,5,-1.6706413311767576,False
6,118,112,-1.671025424194336,False
49,66,17,-1.6713347604370117,False
1,18,17,-1.671644507751465,False
3,102,99,-1.6718217042541503,False
39,53,14,-1.6718426263427735,False
42,159,117,-1.6718634785461426,False
42,90,48,-1.6720956498718262,False
64,100,36,-1.6721251852416992,False
40,81,41,-1.6725400434875488,False
67,79,12,-1.6728028523254395,False
4,130,126,-1.673044182739258,False
111,123,12,-1.6734571389770507,False
70,77,7,-1.6735776777648925,False
114,159,45,-1.6739259765625,False
30,54,24,-1.6739298277282715,False
126,132,6,-1.6747262020874025,False
104,157,53,-1.6752240159606935,False
34,43,9,-1.6752276385498046,False
103,129,26,-1.6754947480773925,False
20,29,9,-1.6755586119079589,False
40,49,9,-1.6757038378906253,False
125,131,6,-1.6761307171630861,False
23,116,93,-1.6770217833709715,False
9,95,86,-1.6773088409423829,False
38,46,8,-1.6776341023254395,False
140,146,6,-1.6788461349487307,False
2,131,129,-1.6796916310119627,False
74,83,9,-1.6799982337951662,False
80,105,25,-1.6805983044433592,False
38,54,16,-1.6813068652343752,False
33,51,18,-1.681380179901123,False
75,102,27,-1.6814678739929199,False
25,115,90,-1.6815637086486817,False
41,159,118,-1.682037935180664,False
100,127,27,-1.6823373712158205,False
90,96,6,-1.6824439434814455,False
46,54,8,-1.6831302658081053,False
73,78,5,-1.6836541229248048,False
40,50,10,-1.6838490240478514,False
87,159,72,-1.684024677734375,False
28,148,120,-1.6841653979492186,False
129,158,29,-1.6843108259582518,False
58,83,25,-1.6854680838012694,False
152,159,7,-1.685882560119629,False
3,22,19,-1.68625166305542,False
1,101,100,-1.6865278010559082,False
120,144,24,-1.6869109046173096,False
39,159,120,-1.687081124267578,False
27,115,88,-1.6874197341918944,True
28,139,111,-1.6879414865112305,False
77,95,18,-1.6881531961059568,False
95,104,9,-1.688263031158447,False
119,126,7,-1.688316224822998,False
108,130,22,-1.6884974955749512,False
5,123,118,-1.6888404794311522,False
91,97,6,-1.6890070137023927,False
34,89,55,-1.6897336129760743,False
98,126,28,-1.6899533370971678,False
7,126,119,-1.689971073760986,False
59,93,34,-1.6904892308044435,False
92,110,18,-1.6905505151367186,False
2,87,85,-1.6914379573059084,False
2,22,20,-1.6917160820007324,False
80,96,16,-1.692392967376709,False
113,159,46,-1.692770241088867,False
21,145,124,-1.6930209216308594,False
46,53,7,-1.693819300994873,False
40,51,11,-1.694064319000244,False
2,8,6,-1.6942197521972655,False
30,150,120,-1.6953253579711913,False
36,46,10,-1.6956786604309084,False
30,113,83,-1.6958673404693603,True
38,84,46,-1.6965782165527343,False
1,131,130,-1.6968086979675292,False
92,107,15,-1.696984846191406,False
15,24,9,-1.6971614598083495,False
115,127,12,-1.6973887728881834,False
138,158,20,-1.6979381362915038,False
5,105,100,-1.6981884558105471,False
25,31,6,-1.6983380934143066,False
2,15,13,-1.6983967835998535,False
112,130,18,-1.6984013705444336,False
17,24,7,-1.6985323547363282,False
30,53,23,-1.6985698669433593,False
125,133,8,-1.6989719635009766,False
22,29,7,-1.6991369499206541,False
96,124,28,-1.6993761494445798,False
26,115,89,-1.6996137268829348,False
50,67,17,-1.699643656311035,False
1,125,124,-1.7001602571105956,False
93,107,14,-1.7001793656921387,True
82,89,7,-1.7002922679138184,False
82,105,23,-1.7003490623474122,False
46,56,10,-1.7004003990173342,False
1,8,7,-1.7004011239624024,False
24,120,96,-1.7010863083648684,False
2,12,10,-1.7016739840698243,False
81,105,24,-1.702024234085083,False
24,114,90,-1.702408825454712,False
29,143,114,-1.7025116479492186,False
37,94,57,-1.7025279672241211,False
63,82,19,-1.7025502740478515,False
44,93,49,-1.7031457427978516,False
124,132,8,-1.7032937649536133,False
9,22,13,-1.7036843991088866,False
49,56,7,-1.7037849299621581,False
26,114,88,-1.704444719543457,False
26,139,113,-1.7045238064575194,False
38,52,14,-1.7051478646850586,False
92,99,7,-1.7060955097961426,False
40,83,43,-1.706294446411133,False
6,159,153,-1.7066474348449705,False
42,53,11,-1.7066669387817384,False
3,18,15,-1.7066733012390138,False
57,76,19,-1.7071913706970214,False
72,80,8,-1.707979034423828,False
84,93,9,-1.7088222030639648,False
19,124,105,-1.7091164259338378,False
76,106,30,-1.7093459620666505,False
38,51,13,-1.7099336914062502,False
147,152,5,-1.7099795663452149,False
106,127,21,-1.7100911221313477,False
1,9,8,-1.710923059692383,False
2,14,12,-1.711110785217285,False
50,65,15,-1.7111801829528808,False
24,113,89,-1.7112477305603027,True
106,125,19,-1.7117702174377443,False
89,94,5,-1.7117860371398925,False
139,156,17,-1.7122112371826173,False
4,97,93,-1.7125321073913575,False
56,68,12,-1.7125867681884768,False
8,97,89,-1.712611304244995,False
5,102,97,-1.7126239643859862,False
2,99,97,-1.7131425865173342,False
77,101,24,-1.713151657409668,False
32,39,7,-1.7133772421264648,False
36,49,13,-1.7137438049316405,False
10,112,102,-1.7139306555175782,False
30,110,80,-1.714748824386597,False
93,108,15,-1.7148702159118652,False
124,131,7,-1.7153350999450683,False
113,120,7,-1.715501788482666,False
60,88,28,-1.7155298260498046,False
95,123,28,-1.7164116038513182,False
45,51,6,-1.7165733338928224,False
33,50,17,-1.7175544575500488,False
24,153,129,-1.7176949148559568,False
44,53,9,-1.7178870127868653,False
16,24,8,-1.7179323052978515,False
118,125,7,-1.718126909942627,False
16,117,101,-1.7187896670532226,False
73,85,12,-1.7188248315429688,False
107,112,5,-1.7189486410522463,False
110,133,23,-1.7202831477355958,True
82,102,20,-1.7204869596862793,False
61,94,33,-1.720527109222412,False
96,105,9,-1.720569398956299,False
106,126,20,-1.7206713270568847,False
115,146,31,-1.7221702160644532,False
52,73,21,-1.7230855158996583,False
93,106,13,-1.7239516873168945,False
1,16,15,-1.72413838470459,False
99,107,8,-1.724534938659668,False
116,126,10,-1.7247892526245117,False
42,82,40,-1.7249952795410155,False
77,98,21,-1.7252290660095215,False
58,67,9,-1.7253190852355957,False
35,158,123,-1.7255156835937497,False
71,77,6,-1.7258001182556153,False
76,100,24,-1.725826456451416,False
27,111,84,-1.726029623260498,False
47,55,8,-1.7266340017700195,False
104,111,7,-1.7271799905395508,False
34,49,15,-1.7275757330322263,False
1,23,22,-1.7286900439453128,False
90,111,21,-1.7290225184631347,False
4,22,18,-1.7293728771972656,False
38,49,11,-1.7296052532958985,False
104,124,20,-1.7299178015136718,False
88,159,71,-1.7302774444580078,False
14,116,102,-1.7309692893981932,False
117,126,9,-1.731217387084961,False
38,45,7,-1.7323334997558593,False
63,102,39,-1.7325583755493164,False
140,155,15,-1.7325626571655275,False
26,155,129,-1.7332100505065917,False
82,104,22,-1.7332585395050049,False
73,83,10,-1.7338187982177735,False
3,96,93,-1.7345527858734129,False
44,56,12,-1.7345633830261231,False
57,62,5,-1.7351345397949216,False
134,140,6,-1.7361132911682131,False
113,129,16,-1.736147356262207,False
125,132,7,-1.7365524487304687,False
25,113,88,-1.7368098698425292,False
85,159,74,-1.736877435913086,False
6,99,93,-1.7369680436706543,False
76,103,27,-1.7371054031372068,False
1,99,98,-1.7372291535949707,False
27,138,111,-1.7374802992248537,False
6,106,100,-1.7374810913085939,False
45,71,26,-1.73759056930542,False
102,108,6,-1.737887936859131,False
39,48,9,-1.738444591217041,False
5,22,17,-1.7384531036376951,False
2,112,110,-1.738890234069824,False
46,70,24,-1.7392458987426758,False
28,113,85,-1.7392606347656252,False
113,119,6,-1.7396877891540528,False
30,52,22,-1.7399521606445312,False
20,124,104,-1.7402514958190918,False
5,101,96,-1.7405113655090332,False
139,144,5,-1.7409277458190917,False
6,119,113,-1.7412358781433106,False
81,98,17,-1.7420744599914548,False
122,131,9,-1.7427141706848144,False
1,132,131,-1.7428080073547363,False
11,126,115,-1.744052008972168,False
119,128,9,-1.744053090209961,False
75,100,25,-1.744056520690918,False
96,106,10,-1.7442993048095705,False
5,98,93,-1.7449999465942383,False
32,40,8,-1.7453019551086428,False
1,17,16,-1.7456815756225588,False
59,96,37,-1.7458390769958494,False
86,159,73,-1.7466821740722658,False
38,53,15,-1.7467607536315917,False
102,128,26,-1.7470164421081542,False
2,17,15,-1.7473975703430178,False
54,61,7,-1.747985612335205,False
81,101,20,-1.7487813722229002,False
58,93,35,-1.7493204728698732,False
92,103,11,-1.749476873474121,False
1,15,14,-1.7495045265197753,False
41,52,11,-1.7497465519714357,False
59,65,6,-1.7500018435668945,False
118,144,26,-1.750081173553467,False
105,130,25,-1.7504816914367676,False
3,12,9,-1.7506479634094236,False
11,21,10,-1.750719309387207,False
23,152,129,-1.7509060415649416,False
34,41,7,-1.7515929405212405,False
6,104,98,-1.752455430755615,False
76,102,26,-1.7525734846496583,False
48,98,50,-1.752689733734131,False
35,88,53,-1.7527617604064942,False
25,116,91,-1.7530591392517088,False
5,11,6,-1.7535113754272462,False
14,23,9,-1.7542550859069823,False
40,159,119,-1.7543397261047364,False
47,98,51,-1.7550302435302734,False
138,143,5,-1.7550485665893554,False
42,99,57,-1.7551218817138672,True
1,113,112,-1.7553471604919433,False
21,116,95,-1.7558975035095217,False
107,131,24,-1.7563931117248537,False
31,58,27,-1.7564851983642575,False
40,96,56,-1.7573227236938476,False
20,148,128,-1.7574140267944336,False
78,97,19,-1.7580518341064455,False
12,20,8,-1.7586258656311036,False
43,80,37,-1.7587923939514158,False
44,71,27,-1.7596404705810547,False
33,40,7,-1.760080331726074,False
43,51,8,-1.760154287109375,False
50,73,23,-1.7612745429992676,False
38,47,9,-1.7613831707763672,False
78,93,15,-1.7614802973937986,False
46,55,9,-1.7615630592346192,False
62,93,31,-1.761961717376709,False
58,82,24,-1.7620774732971192,False
3,99,96,-1.7625147496032714,False
9,97,88,-1.7634346372985839,False
59,88,29,-1.7636139903259278,False
127,159,32,-1.7639257954406737,False
6,117,111,-1.7639622052001953,False
77,104,27,-1.7643036265563965,False
102,159,57,-1.7643928756713865,False
7,159,152,-1.7647798866271973,False
31,110,79,-1.7647938121032716,False
82,100,18,-1.7659639932250975,False
37,44,7,-1.766189805908203,False
112,121,9,-1.7667122195434568,False
47,56,9,-1.7671924055480956,False
6,90,84,-1.7674324769592284,False
3,16,13,-1.7674843373107911,False
45,70,25,-1.7674906692504884,False
4,129,125,-1.7677878901672366,False
3,131,128,-1.767969468078613,False
55,74,19,-1.7685368466186524,False
31,112,81,-1.7688123038482666,False
1,98,97,-1.7689516310119628,False
34,112,78,-1.769491736907959,False
122,145,23,-1.7697228271484373,False
94,105,11,-1.7697390327453615,False
42,89,47,-1.770027856903076,False
45,100,55,-1.7700946334838867,False
1,12,11,-1.770386356048584,False
41,50,9,-1.7704646870422363,False
44,102,58,-1.7705855081176758,False
7,98,91,-1.7706611909484864,False
58,64,6,-1.7713393611145019,False
7,108,101,-1.7716710801696778,False
1,156,155,-1.7723803514099121,False
60,93,33,-1.7724274258422852,False
113,118,5,-1.774174896850586,False
43,159,116,-1.7742312409973144,False
79,98,19,-1.7742914881896972,False
35,95,60,-1.774384797821045,False
8,159,151,-1.7747104690551758,False
116,143,27,-1.7748463987731935,True
52,62,10,-1.774906361541748,False
58,91,33,-1.775575135498047,False
16,126,110,-1.7760710269165039,False
114,148,34,-1.7761071145629885,False
96,126,30,-1.776410151824951,False
74,82,8,-1.7764650953674317,False
91,108,17,-1.77655873626709,False
39,83,44,-1.7767725923156739,False
8,126,118,-1.7769510144042968,False
34,110,76,-1.7771063510131835,False
44,52,8,-1.7776348506164552,False
84,159,75,-1.7785183476257322,False
55,69,14,-1.778573442840576,False
33,94,61,-1.7791001177978516,False
3,15,12,-1.780737460784912,False
5,155,150,-1.7810252856445312,False
129,157,28,-1.7811322537231444,False
76,85,9,-1.781538516693115,False
1,14,13,-1.781851362609863,False
105,111,6,-1.7818701457214356,False
9,111,102,-1.7821243739318848,False
102,123,21,-1.782266406402588,False
65,81,16,-1.782690987548828,False
46,73,27,-1.782782156677246,False
106,130,24,-1.782903431854248,False
101,122,21,-1.782951388092041,False
6,128,122,-1.783199311981201,False
34,155,121,-1.7834131071472168,False
3,157,154,-1.7834312422180176,False
54,68,14,-1.7834358222961426,False
27,157,130,-1.7843263058471681,False
3,97,94,-1.7843493830871584,False
25,114,89,-1.7843675349426271,False
113,130,17,-1.7843748922729492,False
4,88,84,-1.7845044705200195,False
51,63,12,-1.7851565939331056,False
45,76,31,-1.7851813223266604,False
21,144,123,-1.7857540979003907,False
32,42,10,-1.7860449272155763,False
2,96,94,-1.7860453659057618,False
151,159,8,-1.7862120080566406,False
28,138,110,-1.7863880187988284,False
1,85,84,-1.7873723236083983,False
34,46,12,-1.7883629263305665,False
121,149,28,-1.7890958494567872,False
136,152,16,-1.7892140524291993,False
37,46,9,-1.7896589544677735,False
19,150,131,-1.7904071755981446,False
56,75,19,-1.7905924238586426,False
76,96,20,-1.790863300628662,False
44,76,32,-1.7912509217834471,False
97,121,24,-1.791881871032715,False
3,17,14,-1.7921074960327146,False
120,143,23,-1.792289917907715,False
57,86,29,-1.7924233779907226,False
34,156,122,-1.7927683723449708,False
58,95,37,-1.7930429420471192,False
116,144,28,-1.7931504150390627,False
37,49,12,-1.7934304010009765,False
28,51,23,-1.7934423747253418,False
32,49,17,-1.7944062335205078,False
9,16,7,-1.7945711883544924,False
1,11,10,-1.7946093214416503,False
4,114,110,-1.7946828897094727,False
29,138,109,-1.7948023471069336,False
3,9,6,-1.7948742959594726,False
45,56,11,-1.7948819525146482,False
8,20,12,-1.7950530335998536,False
2,158,156,-1.7955917002868653,False
118,126,8,-1.7956727388000489,False
47,96,49,-1.7960589791870116,False
96,121,25,-1.7961221592712402,False
95,122,27,-1.7964989331054688,False
37,85,48,-1.7967226383972168,False
152,158,6,-1.796741933898926,False
9,17,8,-1.7968346853637693,False
23,121,98,-1.79741249420166,False
17,118,101,-1.7976403193664552,False
30,142,112,-1.7977337844848633,False
58,92,34,-1.7979834121704101,False
32,154,122,-1.7980325686645506,False
103,111,8,-1.7982394635009764,False
31,42,11,-1.7992982035827638,False
31,96,65,-1.7993662963867187,False
18,25,7,-1.7994146835327147,False
90,108,18,-1.799596395111084,False
2,132,130,-1.7997265303039551,False
109,131,22,-1.7998911427307127,False
6,120,114,-1.799969509124756,False
44,51,7,-1.8020266700744627,False
60,87,27,-1.8022854302978515,False
105,112,7,-1.802322776184082,False
139,148,9,-1.8023842306518556,False
41,80,39,-1.8029055952453614,False
51,64,13,-1.8032987800598144,False
6,101,95,-1.803546276245117,False
34,95,61,-1.803590027923584,False
29,137,108,-1.8037601483154297,False
44,55,11,-1.803963739318848,False
2,10,8,-1.8045010752868653,False
103,112,9,-1.8047495538330078,False
22,143,121,-1.8048636058044434,False
91,107,16,-1.805365070953369,False
126,133,7,-1.8056453340148928,False
20,149,129,-1.8066257214355468,False
32,43,11,-1.80806883895874,False
119,152,33,-1.8094682559204103,False
79,94,15,-1.8095847958374023,False
53,74,21,-1.8097762255859375,False
124,133,9,-1.8107090438842774,False
42,84,42,-1.8107618939208983,False
67,80,13,-1.8109699214172363,False
48,55,7,-1.8112128913879395,False
33,111,78,-1.811308550262451,False
150,159,9,-1.811618120880127,False
19,153,134,-1.8118313333129883,False
28,50,22,-1.812134692840576,False
21,115,94,-1.8124896089172364,False
6,25,19,-1.8126980230712892,False
103,124,21,-1.813260037689209,False
33,93,60,-1.8137094195556642,False
7,99,92,-1.8137150776672364,False
91,111,20,-1.8139054510498045,False
3,87,84,-1.8143450796508787,False
83,94,11,-1.8144752493286134,False
114,130,16,-1.8158037033081054,False
71,84,13,-1.8165339183044433,False
31,40,9,-1.8168145442199708,False
92,100,8,-1.8170974685668946,False
75,96,21,-1.8172943473815917,False
135,141,6,-1.8174849130249022,False
74,85,11,-1.8175408375549318,False
8,19,11,-1.8175643476867678,False
40,82,42,-1.8178069247436526,False
80,101,21,-1.81782284866333,False
115,145,30,-1.8183575834655763,False
27,53,26,-1.8191929884338378,False
6,98,92,-1.819383495941162,False
51,67,16,-1.8197415000915527,False
2,97,95,-1.8200875695800782,False
31,39,8,-1.8210458399963378,False
64,101,37,-1.8212425721740721,False
31,113,82,-1.8215390631103516,False
37,47,10,-1.8221338317871094,False
37,86,49,-1.8223237995910644,False
1,84,83,-1.82237578704834,False
54,74,20,-1.8226790921020508,False
10,21,11,-1.822973632965088,False
31,50,19,-1.8231060095214844,False
104,113,9,-1.8232466944885253,False
58,80,22,-1.8233668913269043,False
103,158,55,-1.8237829985046385,False
24,141,117,-1.8238172485351563,False
108,131,23,-1.8239670112609865,False
43,72,29,-1.8241262199401855,False
102,110,8,-1.8244521606445314,False
77,107,30,-1.8248013117980957,False
2,95,93,-1.8248306031036379,False
11,19,8,-1.8259791342163088,False
31,139,108,-1.8260231214904785,False
4,155,151,-1.8260842512512205,False
59,87,28,-1.8261348837280273,False
45,54,9,-1.8266347749328613,False
43,78,35,-1.8268081185913085,False
79,93,14,-1.8268679344177248,False
57,94,37,-1.8270490885925295,False
47,97,50,-1.827065796966553,False
98,104,6,-1.8272764004516602,False
32,46,14,-1.8280650341796876,False
5,156,151,-1.8281625343322756,False
109,124,15,-1.8284470024108888,False
102,109,7,-1.8284687562561035,False
138,149,11,-1.8284714512634277,False
41,54,13,-1.829023030090332,False
80,94,14,-1.8293086569213866,False
78,159,81,-1.8293981192016602,False
81,87,6,-1.8294924563598634,False
48,56,8,-1.8298155114746095,False
112,150,38,-1.830146268157959,False
46,76,30,-1.8304008825683593,False
59,79,20,-1.8304758401489258,False
93,111,18,-1.830700604248047,False
31,152,121,-1.8307273190307618,False
1,24,23,-1.8307405796813967,False
5,122,117,-1.8307503762817383,False
88,94,6,-1.8317879881286623,False
120,129,9,-1.8318360383605956,False
56,88,32,-1.831935555419922,False
81,107,26,-1.832681868286133,False
96,104,8,-1.832998504180908,False
14,24,10,-1.8335266410827635,False
145,152,7,-1.833756393737793,False
29,145,116,-1.8337660742187498,False
17,125,108,-1.8342008361816409,False
15,117,102,-1.8343599273681641,False
63,83,20,-1.8344786137390137,False
35,48,13,-1.834754501953125,False
76,105,29,-1.8349969818115235,False
28,58,30,-1.8357553762817382,False
132,155,23,-1.8361727311706542,False
13,115,102,-1.8366204547119138,False
63,103,40,-1.8368960763549804,False
80,98,18,-1.8369151573181153,False
31,51,20,-1.8378078729248046,False
19,27,8,-1.8379173802185058,False
92,105,13,-1.8386635025024414,False
25,118,93,-1.8386891680908204,False
28,49,21,-1.838942855529785,False
123,131,8,-1.8390248551940918,False
2,157,155,-1.8391069131469728,False
90,110,20,-1.8404908435058593,False
64,82,18,-1.840604217224121,False
107,155,48,-1.8417122410583495,False
129,135,6,-1.8419076768493654,False
59,66,7,-1.8419408648681639,False
4,157,153,-1.8429582141113283,False
16,127,111,-1.843777398223877,False
42,87,45,-1.8443990686035157,False
92,101,9,-1.8450718240356445,False
69,78,9,-1.8457376213073728,False
1,115,114,-1.8463445077514649,False
4,131,127,-1.846490348510742,False
114,129,15,-1.846981826171875,False
100,109,9,-1.8471773013305666,False
25,159,134,-1.8473315351867676,False
19,118,99,-1.8477701022338866,False
122,146,24,-1.847908576965332,False
78,94,16,-1.8480813757324217,False
111,122,11,-1.8490590936279296,False
8,92,84,-1.8491335069274903,False
44,77,33,-1.849729468688965,False
5,121,116,-1.849831334838867,False
76,98,22,-1.8498754048156738,False
27,57,30,-1.8503046739196776,False
25,140,115,-1.8507724783325195,False
36,47,11,-1.8511182218933104,False
119,143,24,-1.8512165739440918,False
58,77,19,-1.8514381802368163,False
57,88,31,-1.8514549275207517,False
43,68,25,-1.851763768005371,False
68,79,11,-1.8519986065673826,False
71,78,7,-1.8525885470581056,False
44,70,26,-1.852659617767334,False
31,43,12,-1.853160944671631,False
65,95,30,-1.8532325511169432,False
105,156,51,-1.8537585873413085,False
60,89,29,-1.8538718955993652,False
139,145,6,-1.854711979675293,False
107,132,25,-1.8547885078430177,False
2,23,21,-1.8548718034362792,False
8,127,119,-1.854935879058838,False
36,87,51,-1.8551150006103516,False
4,12,8,-1.855325213623047,False
89,159,70,-1.8562722663879394,False
60,91,31,-1.8563856022644043,False
7,127,120,-1.8566888467407228,False
5,154,149,-1.8572997427368165,False
41,53,12,-1.858106509399414,False
79,159,80,-1.8582545808410642,False
60,92,32,-1.8582806022644043,False
110,123,13,-1.858315930786133,False
28,114,86,-1.859237697143555,False
26,116,90,-1.8592485832214354,False
57,63,6,-1.8593515118408201,False
57,67,10,-1.8593571722412108,False
59,89,30,-1.8599657159423828,False
3,158,155,-1.860240086669922,False
133,139,6,-1.8611460905456543,False
47,95,48,-1.861223948059082,False
82,108,26,-1.8618609109497073,False
4,156,152,-1.8620075840759278,False
70,78,8,-1.862120963897705,False
2,13,11,-1.862300968017578,False
108,132,24,-1.8628350532531737,False
118,127,9,-1.8630054547119141,False
26,112,86,-1.8632288981628418,False
43,79,36,-1.8632431454467775,False
12,113,101,-1.8634311839294433,False
19,159,140,-1.8636735073852537,False
121,144,23,-1.8640246421813966,False
3,14,11,-1.8642247190856935,False
32,92,60,-1.8644885954284667,False
62,85,23,-1.86471053604126,False
63,94,31,-1.864868852996826,False
17,25,8,-1.865563140411377,False
92,106,14,-1.8659808668518068,False
7,23,16,-1.866133325653076,False
118,143,25,-1.8661572421264647,False
23,159,136,-1.8664620254516602,False
43,77,34,-1.8666242568969724,False
28,137,109,-1.8677790211486816,False
39,82,43,-1.867853061828613,False
41,55,14,-1.8685448780822753,False
35,47,12,-1.8687404971313477,False
90,107,17,-1.868761268157959,False
49,98,49,-1.8690103216552736,False
18,28,10,-1.869350355834961,False
6,156,150,-1.8697580180358888,False
15,25,10,-1.869873387145996,False
28,157,129,-1.8701537739562988,False
85,94,9,-1.8701906347656252,False
51,65,14,-1.8712858404541017,False
11,20,9,-1.8713138648986818,False
57,87,30,-1.8715785151672364,False
45,55,10,-1.8732056172180176,False
27,116,89,-1.873304397583008,False
74,96,22,-1.8733699044799805,False
20,116,96,-1.8738953559875486,False
33,49,16,-1.8744776428222658,False
83,106,23,-1.8746238915252686,False
55,61,6,-1.8749115159606933,False
97,120,23,-1.8753508784484865,False
5,31,26,-1.8757501936340333,True
112,131,19,-1.8759890643310548,False
42,83,41,-1.87630880859375,False
61,102,41,-1.876509635772705,False
59,91,32,-1.8765894674682617,False
31,38,7,-1.8768101860046387,False
27,54,27,-1.877283985748291,False
65,96,31,-1.877660205078125,False
59,92,33,-1.8779929788208007,False
90,97,7,-1.878708225402832,False
6,155,149,-1.8788132630920409,False
3,156,153,-1.8790945353698731,False
79,97,18,-1.879156328430176,False
42,80,38,-1.879309398803711,False
36,158,122,-1.8796113731384279,False
41,97,56,-1.8798219502258302,False
81,97,16,-1.8801998002624511,False
27,158,131,-1.8802032539367677,False
45,103,58,-1.8804208091735841,False
30,94,64,-1.8809794023132322,False
21,29,8,-1.8813097518920898,False
43,82,39,-1.8822249182128907,False
19,151,132,-1.8822801475524902,False
1,13,12,-1.8824646003723147,False
2,101,99,-1.8826049070739745,False
1,83,82,-1.8832626112365722,False
105,113,8,-1.8835334580993652,False
9,159,150,-1.8844054751586914,False
136,142,6,-1.884736699066162,False
20,152,132,-1.8848727700805665,False
72,78,6,-1.8849587362670899,False
25,119,94,-1.884987324371338,False
116,154,38,-1.8852398822021486,False
100,110,10,-1.8859140765380862,False
115,159,44,-1.8866093782043456,False
71,81,10,-1.8885106861877443,False
7,25,18,-1.8885421830749511,False
72,83,11,-1.889046675720215,False
20,30,10,-1.8890892610168457,False
42,86,44,-1.8891738931274413,False
20,146,126,-1.889174528503418,False
64,94,30,-1.8893386161804198,False
9,94,85,-1.889985885925293,False
103,157,54,-1.890275386657715,False
78,85,7,-1.890603191833496,False
29,147,118,-1.8908216842651366,False
83,159,76,-1.8910315936279296,False
92,102,10,-1.8913527192687987,False
31,91,60,-1.8916846531677247,False
144,153,9,-1.8917154327392578,False
66,81,15,-1.8917576437377928,False
152,157,5,-1.891782626953125,False
60,97,37,-1.891916366119385,False
75,98,23,-1.8919995405578613,False
19,26,7,-1.8920675468444823,False
33,42,9,-1.8923522412109375,False
17,117,100,-1.8931295794677734,False
129,156,27,-1.8931502264404299,False
25,154,129,-1.8934503038024904,False
3,155,152,-1.8935040257263183,False
93,110,17,-1.8938219313049316,False
44,103,59,-1.8939325885009766,False
55,68,13,-1.89452294342041,False
24,159,135,-1.8946782765197754,False
5,157,152,-1.8946895864868165,False
12,129,117,-1.8946914477539063,False
101,129,28,-1.8952490231323242,False
14,25,11,-1.8952854876708982,False
27,52,25,-1.8957174621582031,False
13,128,115,-1.8958875595092775,False
1,35,34,-1.89696703414917,False
99,109,10,-1.897049095916748,False
1,36,35,-1.8971766694641115,False
15,159,144,-1.897367444152832,False
108,154,46,-1.8974369738769532,False
16,159,143,-1.898837498931885,False
43,67,24,-1.8989803329467771,False
105,124,19,-1.899218829345703,False
4,10,6,-1.8994101104736327,False
100,128,28,-1.9005253100585935,False
139,147,8,-1.9009824641418458,False
33,43,10,-1.9010892135620119,False
49,73,24,-1.9017616178894046,False
58,78,20,-1.9022305613708497,False
45,101,56,-1.9027975729370117,False
131,138,7,-1.90293125579834,False
149,159,10,-1.9032755038452147,False
29,146,117,-1.9035003773498533,False
72,82,10,-1.9035835841369628,False
148,159,11,-1.9036481211853027,False
76,95,19,-1.9037446629333494,False
41,51,10,-1.903826328277588,False
86,94,8,-1.9038612849426269,False
41,103,62,-1.9041255068969725,True
83,95,12,-1.9041336653137209,False
43,102,59,-1.904373070831299,False
39,95,56,-1.9047048358154295,False
81,90,9,-1.9048996273803709,False
27,55,28,-1.9055575727844238,False
10,19,9,-1.9061371580505373,False
95,106,11,-1.9063827459716798,False
36,48,12,-1.9065734405517578,False
10,96,86,-1.9068456671142577,False
87,94,7,-1.9070616384887695,False
4,98,94,-1.9075290248107912,False
128,158,30,-1.907929078216553,False
120,130,10,-1.9080965693664553,False
48,73,25,-1.908534753112793,False
3,101,98,-1.9086800917053222,False
5,129,124,-1.9090711712646484,False
44,100,56,-1.9096966227722167,False
38,48,10,-1.910847939453125,False
47,74,27,-1.9109135841369629,False
1,133,132,-1.9110774320983885,False
99,108,9,-1.9113711251831056,False
38,158,120,-1.9120892094421387,False
128,134,6,-1.9124854971313474,False
44,159,115,-1.9125303909301756,False
29,51,22,-1.9125906309509275,False
92,104,12,-1.9127017481994628,False
31,140,109,-1.9128083486938476,False
44,75,31,-1.9131787559509277,False
84,94,10,-1.9134789263916017,False
37,61,24,-1.91367488571167,False
113,157,44,-1.913823942718506,False
29,58,29,-1.913969482116699,False
3,114,111,-1.9139835877990723,False
117,127,10,-1.9141014929199218,False
101,110,9,-1.9144641590881348,False
33,59,26,-1.9145014591979979,False
65,97,32,-1.9152478135681155,False
23,30,7,-1.9156452276611329,False
8,100,92,-1.9157823809814452,False
102,129,27,-1.9158874014282226,False
123,145,22,-1.9162330210876466,False
73,82,9,-1.9168740803527833,False
90,100,10,-1.9169034545898438,False
98,106,8,-1.9170484828186034,False
74,95,21,-1.9187126696777344,False
56,67,11,-1.919107907104492,False
32,139,107,-1.9193791760253904,False
45,77,32,-1.9195134130859377,False
28,158,130,-1.9196415895080565,False
122,147,25,-1.919648726348877,False
37,158,121,-1.9207086598205567,False
60,99,39,-1.921330089263916,False
3,13,10,-1.9214476916503904,False
63,84,21,-1.9217940890502931,False
111,132,21,-1.9224832444763185,False
19,147,128,-1.9227924365234377,False
33,91,58,-1.9228948643493653,False
18,153,135,-1.9229270622253416,False
4,124,120,-1.9229368246459964,False
109,132,23,-1.9230176287841796,False
66,99,33,-1.923164899749756,False
32,111,79,-1.9231681213378906,False
36,44,8,-1.9238144996643065,False
41,65,24,-1.9244040209960935,False
1,25,24,-1.9246565771484376,False
42,66,24,-1.9247877114868164,False
121,131,10,-1.9248241790771483,False
118,128,10,-1.9255378294372558,False
27,137,110,-1.9259150334167479,False
44,79,35,-1.9261349308776854,False
5,34,29,-1.9261693020629882,True
139,146,7,-1.926274818878174,False
150,158,8,-1.9273733204650878,False
19,152,133,-1.9275206832885743,False
43,69,26,-1.9275500888061523,False
90,103,13,-1.9275618006896973,False
97,106,9,-1.9279734951782228,False
2,11,9,-1.9282564505004882,False
35,45,10,-1.9283670100402834,False
111,133,22,-1.9285188883972169,False
113,149,36,-1.929124052734375,False
20,144,124,-1.929397420654297,False
7,128,121,-1.9294489764404297,False
63,100,37,-1.9296714851379395,False
20,145,125,-1.9301660966491698,False
26,117,91,-1.9304563557434082,False
137,143,6,-1.9305230624389647,False
6,102,96,-1.9307073960876466,False
48,97,49,-1.930795514831543,False
28,112,84,-1.9311878826904298,False
14,128,114,-1.9312460289001465,False
31,46,15,-1.9313855296325684,False
64,103,39,-1.9316572804260255,False
37,48,11,-1.9321029902648927,False
15,128,113,-1.9326551341247558,False
17,159,142,-1.9331036080932615,False
27,33,6,-1.9332533450317382,False
80,93,13,-1.933653970184326,False
2,114,112,-1.9338282046508788,False
4,158,154,-1.9340382125854494,False
7,107,100,-1.9345015383911133,False
115,143,28,-1.9350344677734377,False
140,159,19,-1.9357781971740722,False
51,73,22,-1.9359805142211914,False
115,128,13,-1.9364292683410647,False
43,100,57,-1.9365211642456053,False
35,44,9,-1.9368278540039063,False
28,59,31,-1.9371440718078614,False
44,81,37,-1.9371452308654784,False
115,144,29,-1.9371829934692382,False
11,22,11,-1.937909320678711,False
123,132,9,-1.9382588264465332,False
1,34,33,-1.938710939025879,False
10,95,85,-1.9389704759216309,False
5,130,125,-1.9391408505249026,False
7,24,17,-1.9392177597045896,True
27,117,90,-1.9393422164916991,False
2,98,96,-1.9394907307434082,False
128,136,8,-1.940189522857666,False
37,45,8,-1.9403936253356935,False
148,153,5,-1.9404256605529784,False
103,113,10,-1.9406112165832519,False
32,93,61,-1.9406492611694337,False
7,103,96,-1.9406632144165037,False
26,52,26,-1.9414596919250489,False
29,113,84,-1.9416669215393068,False
90,105,15,-1.9417044285583498,False
78,92,14,-1.9419288615417483,False
110,152,42,-1.9421424484252932,False
71,80,9,-1.94221392578125,False
72,85,13,-1.942732411804199,False
12,24,12,-1.9428077670288086,False
44,73,29,-1.942846806640625,False
2,86,84,-1.9428833952331543,False
53,62,9,-1.9430911053466797,False
19,29,10,-1.9431494903564452,False
122,132,10,-1.943267056732178,False
23,142,119,-1.9432902514648436,False
56,85,29,-1.9435496791076659,False
108,124,16,-1.9438943617248536,False
82,159,77,-1.9440083010864257,False
28,115,87,-1.9448294566345214,False
47,75,28,-1.9451265446472168,False
30,95,65,-1.9453532232666018,False
3,98,95,-1.9456861207580567,False
108,113,5,-1.9457323010253904,False
111,151,40,-1.9462264791870116,False
134,141,7,-1.9462601187133788,False
75,159,84,-1.9463541432189941,False
57,64,7,-1.9464418891906738,False
122,144,22,-1.946651329498291,False
52,65,13,-1.9466737889099122,False
22,159,137,-1.946822773895264,False
112,117,5,-1.9468704440307618,False
31,137,106,-1.9470312373352052,False
18,159,141,-1.9474779490661622,False
106,112,6,-1.9477310105895995,False
115,155,40,-1.948261760253906,False
60,98,38,-1.9486058952331544,False
31,49,18,-1.9487917658996583,False
44,78,34,-1.948922922515869,False
112,120,8,-1.9493886065673827,False
101,109,8,-1.9496774940490724,False
73,79,6,-1.9512081703186035,False
76,104,28,-1.951260022277832,False
137,150,13,-1.9519474095153808,False
61,93,32,-1.9522428666687013,False
35,157,122,-1.952535003967285,False
56,87,31,-1.952572819366455,False
34,59,25,-1.9526035899353027,False
127,136,9,-1.9526997303771974,False
48,96,48,-1.9527380046081544,False
98,121,23,-1.952822201385498,False
25,57,32,-1.953184873352051,False
77,97,20,-1.9534040214538575,False
26,32,6,-1.9537000355529783,False
90,159,69,-1.9537610153198242,False
76,101,25,-1.9539823530578613,False
6,129,123,-1.9540534190368652,False
42,78,36,-1.9544065881347656,False
136,151,15,-1.9549809182739257,False
9,24,15,-1.954987018890381,False
10,22,12,-1.9552415884399417,False
101,159,58,-1.9556123522949218,False
2,9,7,-1.95579992980957,False
26,53,27,-1.9558809454345703,False
4,11,7,-1.9558869938659669,False
116,127,11,-1.955891414642334,False
7,156,149,-1.9560535556030274,False
39,158,119,-1.956529145965576,False
46,74,28,-1.9567565225219727,False
75,86,11,-1.9570733969116212,False
18,49,31,-1.9574190672302247,False
53,67,14,-1.9589658276367188,False
2,24,22,-1.9589868911743165,False
8,109,101,-1.9590761892700197,False
34,88,54,-1.959312206878662,False
23,153,130,-1.9595455294799806,False
76,159,83,-1.9597863798522948,False
89,96,7,-1.9600136180114744,False
46,100,54,-1.9607301277160645,False
91,106,15,-1.9607363217163087,False
9,19,10,-1.9608327012634277,False
74,86,12,-1.961433355102539,False
9,25,16,-1.961730132446289,False
56,62,6,-1.9622193247985842,False
6,130,124,-1.9633134693908691,False
119,129,10,-1.9638763021850587,False
80,91,11,-1.964316386871338,False
10,159,149,-1.9644795237731933,False
5,158,153,-1.9646252685546877,False
103,130,27,-1.964648894958496,False
9,20,11,-1.9648882685852052,True
43,103,60,-1.9650462908935549,False
129,136,7,-1.9650829739379883,False
5,153,148,-1.965281108856201,False
31,141,110,-1.965331949005127,False
90,106,16,-1.9656111911010743,False
83,107,24,-1.9661453315734865,False
100,108,8,-1.966788953857422,False
58,90,32,-1.9672379498291015,False
9,126,117,-1.9674306468200684,False
49,95,46,-1.9675819287109373,False
52,64,12,-1.9676893615722655,False
38,83,45,-1.9677990071105955,False
70,159,89,-1.9680525816345216,False
22,123,101,-1.968498435974121,False
12,23,11,-1.9686816566467287,False
46,75,29,-1.968689833831787,False
99,121,22,-1.9689512139892578,False
57,93,36,-1.968992320251465,False
44,80,36,-1.9690464683532714,False
7,91,84,-1.9697204862976077,False
80,97,17,-1.9700587005615233,False
60,90,30,-1.970334743347168,False
6,154,148,-1.9706511700439453,False
42,103,61,-1.9707481344604492,False
74,98,24,-1.9711717971801757,False
45,75,30,-1.9712107139587403,False
121,143,22,-1.9713299044799804,False
19,117,98,-1.972032695465088,False
89,95,6,-1.9720470626831055,False
75,106,31,-1.9723148860168458,False
18,150,132,-1.972316895904541,False
74,100,26,-1.972371668243408,False
36,45,9,-1.9726994718933106,False
5,88,83,-1.9727478144836426,False
79,92,13,-1.9728260317993165,False
2,113,111,-1.9730405065917966,False
29,111,82,-1.9735436074829102,False
33,46,13,-1.9736841590881347,False
132,138,6,-1.9739061448669433,False
94,106,12,-1.9746491452026365,False
39,81,42,-1.9759152793884276,False
11,159,148,-1.9761593577575685,False
102,111,9,-1.9761888371276857,False
28,111,83,-1.9765883432006834,False
58,66,8,-1.9765979667663576,False
82,98,16,-1.9766666014099123,False
24,112,88,-1.97699945022583,False
13,23,10,-1.9771734631347655,False
96,107,11,-1.9777945767211915,False
50,66,16,-1.9778531422424315,False
57,95,38,-1.977953487548828,False
1,124,123,-1.978124609527588,False
77,85,8,-1.9782802584838866,False
69,159,90,-1.9786152766418457,False
120,151,31,-1.9787654388427733,False
80,107,27,-1.9787703616333008,False
75,95,20,-1.9788645283508302,False
9,127,118,-1.9788739752197266,False
20,159,139,-1.979851620941162,False
1,116,115,-1.9799525648498537,False
58,65,7,-1.980380948944092,False
56,89,33,-1.9806647131347657,False
101,108,7,-1.9811589683532715,False
37,84,47,-1.9811684875488282,False
94,123,29,-1.9812507875061034,False
65,100,35,-1.981653945159912,False
61,103,42,-1.9817963926696778,False
20,153,133,-1.9818614750671386,False
96,120,24,-1.9827966304016111,False
45,73,28,-1.9832964077758788,False
114,131,17,-1.9833049725341798,False
26,138,112,-1.9844417292785643,False
1,37,36,-1.9847937423706052,False
90,99,9,-1.98479887008667,False
74,159,85,-1.984856728515625,False
77,159,82,-1.9848710083007812,False
43,76,33,-1.9852527139282228,False
80,92,12,-1.9854234977722167,False
2,156,154,-1.9857168179321287,False
4,13,9,-1.9863515853881837,False
110,135,25,-1.9866225677490235,False
32,95,63,-1.9866592774963379,False
3,23,20,-1.9866905406188962,False
4,154,150,-1.9869694091796877,False
3,124,121,-1.9870572119140626,False
31,41,10,-1.9870943043518068,False
85,95,10,-1.98733050201416,False
110,134,24,-1.9873366329956057,False
44,101,57,-1.988189919128418,False
67,81,14,-1.9884792791748047,False
113,131,18,-1.9885839813232422,False
3,10,7,-1.9888403916931154,False
5,131,126,-1.9889131843566894,False
32,59,27,-1.9889937577819825,False
26,157,131,-1.98899880569458,False
22,152,130,-1.990096734161377,False
18,125,107,-1.990352988128662,False
33,139,106,-1.9907795166015625,False
16,25,9,-1.991183232421875,False
32,48,16,-1.9912995233154298,False
92,112,20,-1.9913900399780275,False
1,26,25,-1.9922033473205567,False
74,87,13,-1.9922232507324218,False
120,142,22,-1.9924193434143067,False
55,75,20,-1.9925840086364748,False
32,41,9,-1.992625478363037,False
141,159,18,-1.9926355189514162,False
4,31,27,-1.9928499908447264,False
30,109,79,-1.9929972450256348,False
11,128,117,-1.9939217691040039,False
94,109,15,-1.9940327661132813,False
116,142,26,-1.9942444905090333,False
57,81,24,-1.9944541413879395,False
18,154,136,-1.9947711883544923,False
47,76,29,-1.9950355003356932,False
122,148,26,-1.9950863360595705,False
75,104,29,-1.9951164183044434,False
73,86,13,-1.9951753442382814,False
19,154,135,-1.9951994775390625,False
1,33,32,-1.9952165644836426,False
79,85,6,-1.9953639700317383,False
82,97,15,-1.9954558702087404,False
35,85,50,-1.9957844221496583,False
91,98,7,-1.9965155194091797,False
14,159,145,-1.9965598291015625,False
88,95,7,-1.997022016143799,False
8,98,90,-1.9972329039001466,False
56,86,30,-1.9972477052307127,False
97,107,10,-1.9976298170471192,False
73,99,26,-1.9980209884643554,False
25,112,87,-1.9980407623291014,False
34,48,14,-1.9981041667175294,False
8,24,16,-1.9986805604553222,False
62,92,30,-1.9989218739318848,False
35,60,25,-1.9992875265502932,False
72,99,27,-1.9996437747192382,False
46,77,31,-1.9998724211120606,False
32,140,108,-1.9999663061523438,False
6,23,17,-2.000291045227051,False
135,152,17,-2.0008750704956055,False
54,75,21,-2.0009222985839843,False
35,87,52,-2.001056945953369,False
81,89,8,-2.00119427734375,False
31,108,77,-2.0014028370666503,False
132,139,7,-2.0017450840759277,False
97,104,7,-2.001786366271973,False
133,154,21,-2.002441545562744,False
64,83,19,-2.0025243006896973,False
15,95,80,-2.003249847564697,False
126,159,33,-2.0038069404602052,False
6,157,151,-2.004388498840332,False
1,155,154,-2.0044447885131835,False
30,36,6,-2.0044568916320804,False
83,108,25,-2.004530996398926,False
90,104,14,-2.004671810913086,False
91,100,9,-2.005311081085205,False
52,67,15,-2.0058941040039064,False
22,114,92,-2.006094528503418,False
63,101,38,-2.006112221374512,False
10,20,10,-2.006126038208008,False
21,143,122,-2.0067988999938966,False
58,96,38,-2.006862946014404,False
8,156,148,-2.007174443206787,False
82,101,19,-2.007411541900635,False
27,56,29,-2.0075279112243654,False
32,47,15,-2.007602245635986,False
42,79,37,-2.007612954406738,False
68,80,12,-2.0077177653503417,False
10,24,14,-2.0080585122680663,False
12,130,118,-2.0089325909423827,False
31,138,107,-2.0092863034057618,False
6,24,18,-2.0093575747680665,False
94,122,28,-2.0094150653076173,False
12,25,13,-2.0097689335632323,False
138,148,10,-2.0098380709838866,False
17,153,136,-2.010488627624512,False
130,137,7,-2.0107580474853517,False
18,27,9,-2.0112589256286624,False
3,132,129,-2.0118284565734865,False
58,159,101,-2.011858385467529,False
91,110,19,-2.011967963104248,False
44,92,48,-2.012179807281494,False
131,139,8,-2.0123172389221193,False
74,102,28,-2.01251565826416,False
91,99,8,-2.012653069458008,False
65,102,37,-2.0130148083496096,False
8,23,15,-2.013114003753662,False
34,47,13,-2.0133916198730466,False
11,24,13,-2.0138404750061034,False
53,75,22,-2.013907403717041,False
1,39,38,-2.014755581817627,False
31,109,78,-2.015007102508545,False
8,128,120,-2.0150220475769043,False
26,55,29,-2.0152230827331543,False
74,103,29,-2.0159040007019042,False
9,23,14,-2.0159472984313966,False
8,99,91,-2.0160917723083496,False
115,142,27,-2.0162280920410156,False
73,159,86,-2.0170449752807618,False
93,113,20,-2.017145203857422,False
61,100,39,-2.0176272473144534,False
94,107,13,-2.017688122711182,False
11,112,101,-2.0177838664245606,False
36,86,50,-2.0186573919677735,False
30,40,10,-2.0187735729980467,False
30,144,114,-2.0196101528930663,False
10,97,87,-2.020395445404053,False
6,153,147,-2.0204198333740235,False
95,124,29,-2.020438091278076,False
98,107,9,-2.0206021827697755,False
14,115,101,-2.0216883712768556,False
67,159,92,-2.022506883087158,False
1,153,152,-2.023161039123535,False
121,150,29,-2.023177843322754,False
18,26,8,-2.0237591479492187,False
95,125,30,-2.024033601531982,False
95,121,26,-2.0240670982360838,False
106,131,25,-2.024105786437988,False
111,121,10,-2.0241260469055176,False
99,110,11,-2.024641028900146,False
56,63,7,-2.0249362007141114,False
104,131,27,-2.025549212036133,False
46,102,56,-2.025714941253662,False
12,159,147,-2.0258005851745606,False
57,89,32,-2.026109866333008,False
109,133,24,-2.0262452784729,False
29,49,20,-2.026263407745361,False
21,124,103,-2.0262667207336427,False
45,52,7,-2.026463007202149,False
34,108,74,-2.026672781982422,False
108,123,15,-2.0267260426330567,False
8,25,17,-2.026983873748779,False
116,159,43,-2.027167903137207,False
30,136,106,-2.027326086883545,False
29,149,120,-2.027342445526123,False
141,155,14,-2.0274301637268066,False
104,123,19,-2.0275733271789553,False
110,115,5,-2.0278210401916503,False
11,25,14,-2.0283152046203616,False
17,126,109,-2.0284173750305174,False
97,119,22,-2.028765155639648,False
75,101,26,-2.028789693756104,False
127,137,10,-2.029168923187256,False
95,109,14,-2.0294360906982423,False
10,126,116,-2.029774808959961,False
57,77,20,-2.0303272837829587,False
82,109,27,-2.0303703926086425,False
69,79,10,-2.030531010437012,False
45,159,114,-2.0307821200561524,False
7,158,151,-2.0314177183532713,False
117,142,25,-2.0314607180786135,False
89,103,14,-2.0315015757751462,False
128,137,9,-2.031797014770508,False
29,50,21,-2.031840022277832,False
114,147,33,-2.031850089263916,False
33,112,79,-2.0319563871765136,False
52,63,11,-2.0324469000244143,False
93,122,29,-2.032588540649414,False
40,64,24,-2.032728401031494,False
80,159,79,-2.0327521185302735,False
34,109,75,-2.0332873837280276,False
21,30,9,-2.0333895643615723,False
9,93,84,-2.033608636016846,False
30,92,62,-2.0337525885009766,False
25,55,30,-2.0338055128479002,False
93,112,19,-2.033877100830078,False
44,74,30,-2.033882350616455,False
35,86,51,-2.0339441622924808,False
43,71,28,-2.034007265625,False
108,133,25,-2.034222678222656,False
1,82,81,-2.0342432174682616,False
131,155,24,-2.0344424966430665,False
13,159,146,-2.034481205596924,False
34,44,10,-2.0346177389526368,False
38,157,119,-2.034758617706299,False
6,158,152,-2.0348962516784668,False
73,87,14,-2.035056157989502,False
26,156,130,-2.035127769470215,False
8,155,147,-2.03519514755249,False
48,99,51,-2.0354650016784666,False
72,159,87,-2.0355405239868167,False
29,148,119,-2.0356820877075195,False
146,152,6,-2.035710200805664,False
102,122,20,-2.0360180880737304,False
7,101,94,-2.0370312716674803,False
70,79,9,-2.037128064575195,False
91,105,14,-2.0372831063842773,False
3,86,83,-2.03730373336792,False
18,117,99,-2.0377238208007813,False
24,140,116,-2.037776792144775,False
114,135,21,-2.0377841911315917,False
11,96,85,-2.0377999644470215,False
4,153,149,-2.0378398138427736,False
26,111,85,-2.0380324668884278,False
32,137,105,-2.0380781495666502,False
70,80,10,-2.0380878561401365,False
27,50,23,-2.0381582884216307,False
21,159,138,-2.038261311035156,False
103,123,20,-2.0383416743469236,False
33,90,57,-2.0384693656921384,False
123,143,20,-2.0385467555236816,False
135,142,7,-2.0386878454589845,False
75,87,12,-2.0389127854919433,False
76,97,21,-2.0393598149108887,False
60,103,43,-2.0397463873291017,False
102,112,10,-2.0402741162109375,False
33,154,121,-2.040875310821533,False
1,134,133,-2.0410235369873044,False
72,88,16,-2.0416978155517578,False
45,53,8,-2.0419432716369625,False
54,67,13,-2.042073062744141,False
47,99,52,-2.042275354156494,False
2,133,131,-2.0424365992736817,False
79,91,12,-2.0426535844421387,False
113,158,45,-2.0427399534606936,False
109,123,14,-2.042760927734375,False
6,89,83,-2.042993892364502,False
123,133,10,-2.043128893432617,False
112,119,7,-2.043373973236084,False
59,97,38,-2.0434583958435057,False
81,88,7,-2.0435329808044433,False
123,144,21,-2.043594141693115,False
56,93,37,-2.0436375045776365,False
96,109,13,-2.043668909454346,False
90,101,11,-2.0438794552612305,False
74,88,14,-2.044650973815918,False
19,125,106,-2.045578282623291,False
25,53,28,-2.046045014190674,False
105,131,26,-2.0460483557128906,False
1,32,31,-2.046167321166992,False
10,25,15,-2.0462048056030273,False
71,83,12,-2.0466460823059083,False
41,78,37,-2.047014597320557,False
19,49,30,-2.047274040374756,True
42,158,116,-2.0472959014892576,False
48,95,47,-2.047507406005859,False
17,28,11,-2.047628368988037,False
15,96,81,-2.047864212188721,True
15,28,13,-2.0479704928588864,False
18,118,100,-2.048020935668945,False
21,152,131,-2.0480536158752445,False
32,91,59,-2.0480601539611816,False
107,124,17,-2.0485133770751953,False
88,96,8,-2.048701148986816,False
91,103,12,-2.0487103051757813,False
112,149,37,-2.0491575872802734,False
119,130,11,-2.04918456741333,False
132,154,22,-2.0494536514282227,False
77,93,16,-2.0495002003479006,False
56,94,38,-2.0500297790527346,False
20,115,95,-2.0501655099487306,False
64,84,20,-2.05022458694458,False
21,153,132,-2.0505385107421876,False
68,159,91,-2.050939604034424,False
113,148,35,-2.050976965332031,False
71,85,14,-2.0519012376403807,False
128,157,29,-2.0523171115112304,False
1,38,37,-2.052533410797119,False
57,83,26,-2.053022958374023,False
34,154,120,-2.053163209381103,False
7,155,148,-2.053267842712402,False
121,132,11,-2.0532697019958497,False
94,108,14,-2.053379833984375,False
13,24,11,-2.053382724304199,False
107,113,6,-2.0535251268005372,False
100,121,21,-2.053705238647461,False
109,153,44,-2.0543030949401855,False
106,155,49,-2.054684073791504,False
142,154,12,-2.0548929978942874,False
117,159,42,-2.0551216073608396,False
43,74,31,-2.0551325575256345,False
128,135,7,-2.0551639782714846,False
134,153,19,-2.055214477539063,False
147,159,12,-2.0555302503967288,False
55,67,12,-2.0557660469055175,False
57,78,21,-2.056148578338623,False
111,135,24,-2.056253080444336,False
139,158,19,-2.056444438934326,False
76,107,31,-2.0565412628173827,False
46,159,113,-2.0569708294677733,False
36,85,49,-2.057316098022461,False
34,45,11,-2.057402057495117,False
127,158,31,-2.057417818450928,False
122,143,21,-2.0579926240539548,False
91,101,10,-2.058190192871094,False
43,75,32,-2.058313466644287,False
72,79,7,-2.05832717956543,False
71,79,8,-2.05834618347168,False
57,92,35,-2.0584343692016605,True
84,95,11,-2.0585994534301757,False
24,53,29,-2.0586084056091307,False
38,82,44,-2.0587950227355956,False
32,112,80,-2.0592416607666015,False
97,127,30,-2.0593292510986325,False
122,149,27,-2.059371920928955,False
37,157,120,-2.059653130950928,False
42,100,58,-2.059691290283203,False
151,158,7,-2.0600130958557132,False
7,157,150,-2.060397536621094,False
49,96,47,-2.060653193969727,False
51,66,15,-2.0608738082885742,False
1,117,116,-2.0609124893188477,False
43,73,30,-2.0613877680969237,False
132,140,8,-2.0615475807189942,False
45,78,33,-2.0619443333435057,False
23,114,91,-2.0623391162109375,False
14,95,81,-2.062623313751221,False
19,149,130,-2.062726278076172,False
60,102,42,-2.0634524382019044,False
4,23,19,-2.0641144613647464,False
52,74,22,-2.064443678588867,False
45,93,48,-2.064830244293213,False
98,105,7,-2.0659212031555176,False
28,34,6,-2.0663881694030763,False
35,111,76,-2.066499065704346,False
4,123,119,-2.06670514251709,False
114,138,24,-2.0667190643310547,False
102,157,55,-2.0667217768859865,False
95,108,13,-2.0670116804504395,False
110,122,12,-2.0673545091247556,False
57,66,9,-2.067376237182617,False
18,152,134,-2.067455221862793,False
95,107,12,-2.067457564086914,False
120,152,32,-2.0676436985778808,False
145,153,8,-2.0682903842163087,False
57,91,34,-2.0685716320800784,False
61,159,98,-2.0685825468444827,False
25,54,29,-2.0687178749084474,False
94,113,19,-2.069020283203125,False
19,148,129,-2.069053321685791,False
18,151,133,-2.069418251800537,False
30,108,78,-2.0698437275695802,False
3,154,151,-2.0702608294677733,False
22,30,8,-2.0703766609191896,False
65,82,17,-2.0704133093261716,False
54,64,10,-2.0705478691101074,False
104,156,52,-2.070872336883545,False
75,97,22,-2.07102908782959,False
119,153,34,-2.0710760160827637,False
24,121,97,-2.0711096128845212,False
23,122,99,-2.0714261166381833,False
138,144,6,-2.0720298202514646,False
1,123,122,-2.0722493037414553,False
134,142,8,-2.0723877224731444,False
49,97,48,-2.072498116455078,False
98,120,22,-2.0729270414733887,False
20,125,105,-2.073042660980225,False
90,98,8,-2.073194330444336,False
12,95,83,-2.073906535186768,False
17,154,137,-2.0739105183410644,False
43,70,27,-2.0745765560913085,False
79,108,29,-2.0747151489257813,False
56,64,8,-2.074933124694824,False
27,51,24,-2.075066636505127,False
39,157,118,-2.0756535931396485,False
43,101,58,-2.0757439952087404,False
19,155,136,-2.075776503753662,False
1,137,136,-2.0758486016845703,False
9,128,119,-2.075926362762451,False
71,88,17,-2.0760348983764647,False
29,59,30,-2.076289769287109,False
122,133,11,-2.076533529205322,False
27,49,22,-2.07661099029541,False
127,135,8,-2.0766292599487306,False
26,54,28,-2.076845097808838,False
4,122,118,-2.07711473449707,False
83,99,16,-2.077660317077637,False
61,92,31,-2.077723064575195,False
5,116,111,-2.077943262786865,False
77,94,17,-2.0780383290100097,False
41,79,38,-2.0786948446655273,False
33,137,104,-2.0788653140258786,False
93,123,30,-2.0788764933776855,False
7,104,97,-2.0789331481933595,False
56,76,20,-2.0790464851379395,False
16,116,100,-2.0794837591552735,False
30,149,119,-2.0800365420532225,False
107,133,26,-2.080298547668457,False
1,152,151,-2.0808479110717775,False
75,88,13,-2.0808737634277343,False
83,96,13,-2.08103567779541,False
81,159,78,-2.0813367846679687,False
23,113,90,-2.0814762771606445,False
18,155,137,-2.0814832440185547,False
112,132,20,-2.081665804901123,False
57,65,8,-2.0820787170410155,False
127,157,30,-2.08231291015625,False
7,154,147,-2.0826793336486817,False
61,101,40,-2.0828072723388673,False
123,146,23,-2.0829869757080077,False
10,93,83,-2.08372126083374,False
71,82,11,-2.0839080865478516,False
61,88,27,-2.0839955824279786,False
32,138,106,-2.084162113342285,False
66,95,29,-2.0841935986328126,False
100,129,29,-2.08439282333374,False
30,96,66,-2.0848645625305173,False
110,116,6,-2.0852299324035646,False
73,96,23,-2.0854320658874514,False
59,90,31,-2.08611414642334,False
125,134,9,-2.086326214752197,False
6,105,99,-2.0866713375854493,False
32,44,12,-2.0867327691650392,False
17,27,10,-2.087039281616211,False
87,96,9,-2.0877787658691407,False
129,137,8,-2.088198203125,False
50,95,45,-2.08881686126709,False
66,159,93,-2.0889650582885744,False
57,159,102,-2.08953549987793,False
13,114,101,-2.090015288543701,False
1,135,134,-2.0900859150695803,False
151,156,5,-2.0902966554260254,False
2,34,32,-2.090808685913086,False
78,91,13,-2.0908570539855957,False
96,119,23,-2.0909413832092283,False
33,41,8,-2.0909610902404787,False
80,90,10,-2.0912594992065427,False
30,49,19,-2.091362296600342,False
20,143,123,-2.092338867340088,False
6,31,25,-2.0923449465942383,False
71,86,15,-2.0924707559204103,False
133,140,7,-2.0927291426086425,False
92,113,21,-2.0928805589294432,False
5,25,20,-2.0930379231262206,False
117,128,11,-2.0932357122802734,False
1,148,147,-2.0932714907836916,False
142,159,17,-2.093319199523926,False
37,83,46,-2.0933683908081053,False
4,132,128,-2.0934654347229005,False
96,108,12,-2.0934889096069336,False
39,63,24,-2.0935210128784183,False
1,40,39,-2.093660005187988,False
58,79,21,-2.0936736009216306,False
26,57,31,-2.09434495803833,False
81,108,27,-2.0943897329711914,False
25,52,27,-2.0945822117614745,False
30,58,28,-2.0952359408569334,False
30,51,21,-2.0953353631591796,False
28,46,18,-2.095357457275391,False
33,110,77,-2.0955107678222658,False
22,153,131,-2.0958870751953125,False
3,11,8,-2.0959810067749025,False
111,150,39,-2.096177194824219,False
73,95,22,-2.096420122833252,False
12,96,84,-2.096641686706543,False
38,62,24,-2.097038969268799,False
50,98,48,-2.0972913053894042,False
55,88,33,-2.097351161193848,False
32,110,78,-2.0978011923217776,False
8,158,150,-2.0980174522399904,False
7,102,95,-2.098416491546631,False
73,88,15,-2.098748977203369,False
104,132,28,-2.098905026550293,False
11,95,84,-2.0993938301086428,False
30,143,113,-2.09941086517334,False
38,95,57,-2.0995220606994627,False
2,124,122,-2.099941591644287,False
14,96,82,-2.100096279449463,True
27,110,83,-2.100365789794922,False
42,77,35,-2.100476787719727,False
1,154,153,-2.1005620799255373,False
86,95,9,-2.100595538787842,False
109,114,5,-2.1006869105529784,False
9,110,101,-2.1007286270141603,False
62,104,42,-2.100817572784424,False
40,80,40,-2.1008746829223632,False
97,105,8,-2.1014236560058595,False
31,59,28,-2.1014955010986327,False
45,79,34,-2.1016563417053225,False
112,118,6,-2.101776918182373,False
8,154,146,-2.102162231750488,False
5,32,27,-2.102516583251953,False
4,115,111,-2.102520961303711,False
113,138,25,-2.103398886871338,False
26,158,132,-2.10367587310791,False
61,86,25,-2.1038463735961916,False
106,113,7,-2.1041679615783693,False
13,95,82,-2.104298520965576,False
101,111,10,-2.104514093170166,False
1,138,137,-2.105245539703369,False
30,50,20,-2.1053295959472655,False
79,89,10,-2.105609521331787,False
118,129,11,-2.1056889424133303,False
7,31,24,-2.1057978002929687,True
94,112,18,-2.105901690826416,False
91,159,68,-2.106209627380371,False
96,113,17,-2.1066031314086913,False
11,23,12,-2.1066455104064943,False
116,128,12,-2.107207372741699,False
89,104,15,-2.107387336578369,False
83,105,22,-2.107424397583008,False
10,94,84,-2.107986056365967,False
25,155,130,-2.108151589660644,False
36,157,121,-2.1083980192565916,False
72,86,14,-2.10928622756958,False
125,159,34,-2.1094407603454592,False
10,23,13,-2.109743515319824,False
115,141,26,-2.109824859619141,False
1,79,78,-2.109915288848877,False
119,142,23,-2.1099220486450196,False
4,32,28,-2.1100411421203615,False
5,118,113,-2.110193599700928,False
15,116,101,-2.1102437088012698,False
71,159,88,-2.1102744522094725,False
17,26,9,-2.1106341999816896,False
50,74,24,-2.1107168284606934,False
121,142,21,-2.1110295124816894,False
50,94,44,-2.1111423931884765,False
114,132,18,-2.1111694636535647,False
1,27,26,-2.11120070602417,False
69,80,11,-2.1112812142944337,False
49,94,45,-2.1115324940490723,False
18,147,129,-2.1118073628234866,False
89,109,20,-2.1124596295166014,False
5,30,25,-2.1125878604125976,False
89,97,8,-2.113651634521484,False
76,86,10,-2.1144970013427735,False
95,120,25,-2.1144994857788086,False
15,26,11,-2.114784945678711,False
22,31,9,-2.114937387237549,False
108,116,8,-2.1152161424255373,False
17,127,110,-2.1152901736450196,False
24,54,30,-2.1154107482910156,False
90,112,22,-2.115533867340088,False
19,116,97,-2.115730870056152,False
41,158,117,-2.1158723529052734,False
3,153,150,-2.1163472341918945,False
7,28,21,-2.1165834156799317,False
17,145,128,-2.1166945019531247,False
1,118,117,-2.116737932739258,False
33,48,15,-2.117463483734131,False
94,111,17,-2.1175217517089844,False
87,95,8,-2.117810738067627,False
6,28,22,-2.1179170735168458,False
66,96,30,-2.1180943913269044,False
3,24,21,-2.1183386448669435,False
1,81,80,-2.118378906707764,False
120,131,11,-2.1196318963623044,False
32,153,121,-2.11963358001709,False
36,95,59,-2.120023852386475,False
33,95,62,-2.120125343322754,False
70,81,11,-2.1205889234924316,False
1,31,30,-2.121027828826904,False
56,84,28,-2.121127194519043,False
95,110,15,-2.1211742152404787,False
99,127,28,-2.121221872406006,False
3,34,31,-2.1213257008361817,False
31,90,59,-2.121446007385254,False
29,112,83,-2.121504329986572,False
111,136,25,-2.1217607835388184,False
31,142,111,-2.1218419732666014,False
101,130,29,-2.1219381550598144,False
95,113,18,-2.122525572509766,False
34,113,79,-2.1234892863464356,False
105,132,27,-2.123535063476562,False
2,155,153,-2.123697844543457,False
113,135,22,-2.124012514648437,False
33,138,105,-2.124206605529785,False
24,57,33,-2.1242860568237303,False
72,87,15,-2.1246201705932615,False
20,31,11,-2.124678458862305,False
74,89,15,-2.1252871224975585,False
7,130,123,-2.1254348852539064,False
74,97,23,-2.126144140472412,False
127,134,7,-2.126265997467041,False
2,83,81,-2.1267417265319826,False
94,110,16,-2.1269738447570803,False
106,132,26,-2.1274747549438477,False
24,154,130,-2.1275525357055662,False
98,108,10,-2.127576159515381,False
24,31,7,-2.1278141825866697,False
15,49,34,-2.1283426625061037,False
5,119,114,-2.128386734466553,False
25,56,31,-2.128490528717041,False
126,134,8,-2.1292558473205565,False
10,127,117,-2.1293026921081544,False
2,35,33,-2.129303385772705,False
120,159,39,-2.12946371887207,False
48,74,26,-2.1300475390624998,False
56,65,9,-2.1301095695495604,False
75,89,14,-2.130632838745117,False
1,149,148,-2.130929355621338,False
30,145,115,-2.1317344818115234,False
92,159,67,-2.1319365159606933,False
30,114,84,-2.132222639160156,False
71,87,16,-2.132462336730957,False
56,66,10,-2.132991711883545,False
26,50,24,-2.133488400268555,False
111,120,9,-2.133513589782715,False
1,136,135,-2.133842183532715,False
66,82,16,-2.134307038421631,False
5,23,18,-2.1347047570800783,False
19,146,127,-2.1350082424926757,False
131,140,9,-2.13508143951416,False
8,31,23,-2.135832655944824,False
111,134,23,-2.135997535400391,False
32,141,109,-2.1361451985168456,False
32,96,64,-2.1363518142700193,False
95,111,16,-2.1364213418579103,False
9,92,83,-2.1365096466064455,False
66,100,34,-2.136761459350586,False
26,49,23,-2.1380581448364255,False
66,98,32,-2.138301259918213,False
17,150,133,-2.138316088104248,False
149,158,9,-2.1384091067504882,False
2,25,23,-2.1386106069946287,False
126,136,10,-2.138687940673828,False
5,117,112,-2.1388051708984372,False
56,92,36,-2.1388407772827147,False
25,139,114,-2.138883203277588,False
31,47,16,-2.139158076324463,False
54,159,105,-2.139208918914795,False
118,159,41,-2.1393648052978516,False
42,102,60,-2.1396003208923338,False
22,32,10,-2.139766289367676,False
14,28,14,-2.140053413238525,False
86,96,10,-2.1400536653137205,False
14,26,12,-2.140339041748047,False
25,32,7,-2.140407684020996,False
66,83,17,-2.140603902282715,False
139,157,18,-2.140845418395996,False
21,31,10,-2.140912281341553,False
57,82,25,-2.1410633740234375,False
7,29,22,-2.1411188160705565,False
5,29,24,-2.141840702972412,False
88,97,9,-2.1419000221252444,False
29,40,11,-2.142026730804443,False
53,64,11,-2.142059207305908,False
116,141,25,-2.1420750987243653,False
112,133,21,-2.1422372537231444,False
29,136,107,-2.1422392556762695,False
138,145,7,-2.142267824859619,False
113,132,19,-2.142676170349121,False
43,83,40,-2.1431553634643556,False
60,159,99,-2.143609909515381,False
61,91,30,-2.1437800047302247,False
54,62,8,-2.143919451599121,False
56,90,34,-2.14409171005249,False
55,64,9,-2.1445999130249023,False
90,102,12,-2.1447563562011718,False
91,104,13,-2.145278243255615,False
59,159,100,-2.145406082458496,False
4,87,83,-2.1455855545043945,False
17,116,99,-2.1456518270874025,False
106,124,18,-2.146082938842773,False
35,110,75,-2.1465075636291506,False
93,121,28,-2.1466442555236815,False
41,66,25,-2.146867084197998,False
149,154,5,-2.147098669281006,False
99,120,21,-2.1472148262023927,False
65,83,18,-2.147249330291748,False
43,158,115,-2.147549878845215,False
15,46,31,-2.147701578521729,False
34,153,119,-2.1477959092712404,False
41,157,116,-2.148039071044922,False
25,58,33,-2.1483823551940917,False
130,138,8,-2.149256367645264,False
96,110,14,-2.1497535971069337,False
43,90,47,-2.1498401779174805,False
122,142,20,-2.1498659086608884,False
137,144,7,-2.150243292541504,False
66,97,31,-2.150243923339844,False
28,38,10,-2.150480295715332,False
26,118,92,-2.1508876434326174,False
63,93,30,-2.1509761564636234,False
56,91,35,-2.1510587829589847,False
71,99,28,-2.1513457627868653,False
64,104,40,-2.1514046102905273,False
31,151,120,-2.1516142080688474,False
42,157,115,-2.1523186318969727,False
17,152,135,-2.1523519441223145,False
8,157,149,-2.1528173025512696,False
116,140,24,-2.153293435668945,False
107,122,15,-2.153385289764404,False
124,159,35,-2.1559258253479006,False
102,113,11,-2.1560041363525393,False
4,34,30,-2.1561435592651366,False
89,111,22,-2.1561439601135257,False
111,119,8,-2.1564379791259762,False
75,105,30,-2.1564472984313965,False
1,120,119,-2.156609334411621,False
133,141,8,-2.156615664367676,False
115,140,25,-2.1566535169982908,False
22,142,120,-2.1569856939697267,False
111,116,5,-2.1571502334594728,False
49,74,25,-2.1575887768554685,False
150,157,7,-2.157736640625,False
57,80,23,-2.1579229458618165,False
4,29,25,-2.1582809455871583,False
65,159,94,-2.158614390716553,False
9,100,91,-2.15881523727417,False
128,156,28,-2.159370350646973,True
24,52,28,-2.159493267059326,False
91,112,21,-2.1596840058898925,False
52,66,14,-2.16032912399292,False
108,122,14,-2.160788606719971,False
30,93,63,-2.1608731535339354,False
119,159,40,-2.161014306945801,False
41,98,57,-2.1612819068908693,False
88,158,70,-2.1615930116271973,False
53,63,10,-2.161777962036133,False
31,48,17,-2.16189277633667,False
18,145,127,-2.1621361573791504,False
89,105,16,-2.162464835357666,False
45,123,78,-2.162626323852539,False
1,30,29,-2.1634430339050295,False
46,103,57,-2.1635246705627442,False
113,147,34,-2.164977406616211,False
35,156,121,-2.165079065093994,False
7,27,20,-2.165310058441162,True
118,142,24,-2.1656500917053223,False
30,39,9,-2.16606095123291,False
2,84,82,-2.1663659965515136,False
3,25,22,-2.166564878540039,False
5,24,19,-2.1668061277770994,False
63,85,22,-2.166821207580566,False
18,143,125,-2.1672913552856445,False
102,158,56,-2.167360914764404,False
68,81,13,-2.167523188934326,False
30,42,12,-2.1675423117065433,False
1,139,138,-2.167550133666992,False
47,159,112,-2.1683721954345705,False
3,31,28,-2.1689410150146484,False
95,126,31,-2.168979182434082,False
26,51,25,-2.1691218139648436,False
32,136,104,-2.169781221923828,False
27,59,32,-2.1703345132446286,False
72,96,24,-2.1706446191406252,False
2,36,34,-2.170800306549072,False
19,145,126,-2.1712676077270507,False
1,61,60,-2.17143778503418,False
13,25,12,-2.171743786010742,False
53,65,12,-2.171946711425781,False
46,93,47,-2.172304154663086,False
78,88,10,-2.172444628753662,False
50,96,46,-2.173100192871094,False
65,101,36,-2.1734009230041504,False
105,114,9,-2.1736071879577636,False
27,58,31,-2.17399180480957,False
62,91,29,-2.1739926321411134,False
19,30,11,-2.174164140625,False
30,38,8,-2.1742129710388185,False
28,116,88,-2.1744266442871094,False
2,85,83,-2.1744270640563963,False
8,28,20,-2.1748675091552734,False
118,153,35,-2.1750381007385253,False
29,39,10,-2.175331306152344,False
35,96,61,-2.1754255570983885,False
89,110,21,-2.17571536315918,False
59,99,40,-2.1760045153808596,False
28,48,20,-2.176278985748291,False
3,115,112,-2.176576349334717,False
55,94,39,-2.176917532043457,False
2,37,35,-2.1769632807922363,False
26,56,30,-2.177309749908447,False
95,119,24,-2.17748001373291,False
75,107,32,-2.177603247528076,False
71,95,24,-2.1780819912719727,False
61,87,26,-2.178165524291992,False
45,74,29,-2.1785248544311524,False
30,146,116,-2.1790020249938964,False
1,121,120,-2.179116644897461,False
25,33,8,-2.179437398834229,False
30,147,117,-2.1795948097229005,False
44,91,47,-2.179619737854004,False
15,97,82,-2.1796433445739747,True
36,61,25,-2.17973792388916,False
18,146,128,-2.1800195704650878,False
1,122,121,-2.1800247875976564,False
64,93,29,-2.1800805137634276,False
1,119,118,-2.180253444976807,False
33,47,14,-2.180387881622315,False
9,154,145,-2.1804713186645506,False
150,155,5,-2.181102705230713,False
48,159,111,-2.1817396696472167,False
104,114,10,-2.182129818878174,False
4,25,21,-2.182157642364502,False
16,28,12,-2.182282246246338,False
11,97,86,-2.1823114910888672,False
62,159,97,-2.1823915550231936,False
5,28,23,-2.182787839050293,False
1,29,28,-2.1828151426696776,False
43,84,41,-2.1834449087524415,False
74,101,27,-2.183459299468994,False
77,92,15,-2.183777445983887,False
15,27,12,-2.18414291305542,False
22,154,132,-2.184474199676514,False
70,84,14,-2.186022261962891,False
89,107,18,-2.186060809173584,False
4,24,20,-2.1861400901794434,False
120,153,33,-2.186340661010742,False
83,109,26,-2.1863922700500487,False
32,45,13,-2.1872644190979003,False
44,82,38,-2.1874981187438967,False
1,80,79,-2.1875432733154296,False
14,129,115,-2.1879775579833987,False
47,94,47,-2.188035868835449,False
148,158,10,-2.1880655253601073,False
33,153,120,-2.188637818145752,False
114,134,20,-2.1886703189086916,False
123,142,19,-2.1886727256774905,False
59,98,39,-2.1888520838928223,False
38,81,43,-2.189052133331299,False
87,97,10,-2.1892026557922364,False
2,115,113,-2.189215843200684,False
50,159,109,-2.1892206396484375,False
41,99,58,-2.189417070007324,True
143,159,16,-2.1896246414184573,False
5,120,115,-2.189789755859375,False
55,159,104,-2.1898792868041994,False
35,155,120,-2.190569132080078,False
81,109,28,-2.190675719909668,False
22,155,133,-2.1910436390686034,False
123,149,26,-2.1911919868469236,False
7,26,19,-2.1913823120117186,False
22,47,25,-2.191422157287598,False
16,128,112,-2.1916028964233396,False
55,93,38,-2.191777367706299,False
54,95,41,-2.191901792602539,False
56,95,39,-2.1919064375305175,False
22,124,102,-2.1920011251831055,False
28,43,15,-2.192326648712158,False
136,143,7,-2.1924874081420898,False
51,74,23,-2.1925632942199704,False
68,82,14,-2.19279671081543,False
31,97,66,-2.1928312069702147,False
16,96,80,-2.192895388488769,False
31,136,105,-2.193459730529785,False
33,44,11,-2.1934687561035155,False
121,152,31,-2.193735585632324,False
68,95,27,-2.1937583857727048,False
11,93,82,-2.1939675785827637,False
23,32,9,-2.19400219543457,False
2,134,132,-2.1944753385925293,False
4,121,117,-2.194739296264648,False
23,31,8,-2.194818726501465,False
94,121,27,-2.194922736206055,False
62,86,24,-2.1951525402832033,False
13,129,116,-2.1954402772521973,False
55,95,40,-2.1957495542907717,False
1,151,150,-2.1960535997009276,False
24,55,31,-2.196189443054199,False
29,114,85,-2.1963074073791504,False
1,150,149,-2.196362585906982,False
23,155,132,-2.197156232299805,False
89,99,10,-2.1971976777648927,False
112,135,23,-2.1972848573303225,False
30,46,16,-2.1977116654968265,False
40,158,118,-2.1977885264587402,False
18,46,28,-2.197846123352051,False
103,122,19,-2.1982307904052734,False
121,159,38,-2.198299905090332,False
4,30,26,-2.198410909576416,False
57,96,39,-2.19905920211792,False
31,44,13,-2.199157861175537,False
118,130,12,-2.1992525828552245,False
24,50,26,-2.1992769551086426,False
15,94,79,-2.1998050291442874,False
83,104,21,-2.199865826873779,False
55,62,7,-2.199870556945801,False
53,159,106,-2.2002781367492674,False
57,90,33,-2.200374564361572,False
52,159,107,-2.2005978475952146,False
65,94,29,-2.2006963442993164,False
124,143,19,-2.2012194085693357,False
84,106,22,-2.201261452941895,False
25,50,25,-2.201462262573242,False
131,154,23,-2.2015621389770508,False
28,136,108,-2.2019728482055663,False
71,96,25,-2.2019880995178225,False
67,82,15,-2.202230087890625,False
34,87,53,-2.2030935314941407,False
18,116,98,-2.2031991807556155,False
23,154,131,-2.2037630630493164,False
4,28,24,-2.203972957458496,False
27,96,69,-2.204221959991455,False
6,26,20,-2.204283180999756,False
17,151,134,-2.2043217521667477,False
16,153,137,-2.2043704386901855,False
110,136,26,-2.2048714025878904,False
110,121,11,-2.2049192918395994,False
1,140,139,-2.205107974090576,False
10,153,143,-2.205318013153076,False
95,112,17,-2.2054617337036135,False
85,96,11,-2.205485135498047,False
98,127,29,-2.2057822537231444,False
37,95,58,-2.205953726348877,False
97,108,11,-2.206056179199219,False
21,114,93,-2.206706036376953,False
13,96,83,-2.206882082824707,False
54,63,9,-2.2071097668457034,False
4,133,129,-2.207785113220215,False
85,158,73,-2.2078370075988767,False
27,118,91,-2.2080452464294433,False
54,94,40,-2.208148885192871,False
16,97,81,-2.208261096343994,True
1,41,40,-2.208430343017578,False
5,33,28,-2.20909487411499,False
115,130,15,-2.209561162414551,False
89,100,11,-2.2096082353210447,False
101,121,20,-2.209988956451416,False
105,123,18,-2.2102091929626466,False
14,94,80,-2.210318754272461,False
98,109,11,-2.210341735839844,False
72,95,23,-2.210350873413086,False
3,133,130,-2.2103829325866697,False
110,117,7,-2.2104294909667965,False
15,45,30,-2.2108147570800782,False
100,111,11,-2.2113393612670897,False
130,139,9,-2.211424337463379,False
43,85,42,-2.211426745605469,False
73,98,25,-2.211762155456543,False
40,157,117,-2.211885623321533,False
128,138,10,-2.2120466830444334,False
49,99,50,-2.2127557920837404,False
56,77,21,-2.21280142868042,False
91,102,11,-2.21286118560791,False
6,131,125,-2.2131676391601562,False
97,109,12,-2.21316922164917,False
102,130,28,-2.2131697300720217,False
12,131,119,-2.213275588531494,False
23,53,30,-2.2133133824157714,False
19,143,124,-2.2141391020202636,False
133,142,9,-2.2143541445922854,False
52,94,42,-2.214401944732666,False
12,97,85,-2.214447335510254,False
10,92,82,-2.2146505700683594,False
15,153,138,-2.21472640045166,False
45,80,35,-2.214737985839844,False
93,114,21,-2.2148618469238284,False
3,32,29,-2.2148768322753907,False
100,159,59,-2.215318886108398,False
64,159,95,-2.215337426757812,False
12,112,100,-2.2154191305541993,False
17,155,138,-2.215650798187256,False
8,108,100,-2.216197239227295,False
96,118,22,-2.216393856201172,False
91,113,22,-2.2168680749511718,False
93,115,22,-2.217089995269775,False
2,153,151,-2.2171056602478023,False
6,29,23,-2.2172710679626464,False
86,158,72,-2.2173181315612793,False
83,103,20,-2.217321999359131,False
18,50,32,-2.2179096408081054,False
113,141,28,-2.218198403778076,False
18,148,130,-2.2182666592407227,False
146,159,13,-2.2183252751159666,False
55,89,34,-2.218460098876953,False
107,123,16,-2.218507708129883,False
16,26,10,-2.218520528717041,False
96,114,18,-2.2186941374206546,False
50,75,25,-2.218945904083252,False
96,111,15,-2.219295894775391,False
15,129,114,-2.219375971069336,False
9,156,147,-2.219376399078369,False
108,117,9,-2.2194025231933594,False
51,159,108,-2.219519951782227,False
122,159,37,-2.2198779408264158,False
114,133,19,-2.2199192721557615,False
30,148,118,-2.2200699519348146,False
84,107,23,-2.2200918687438964,False
67,99,32,-2.2201074989318847,False
73,100,27,-2.22037235748291,False
22,113,91,-2.2208903744506836,False
124,134,10,-2.2209032148742676,False
126,157,31,-2.220978840637207,False
3,35,32,-2.2211585720825195,False
55,65,10,-2.2213128283691406,False
19,126,107,-2.2213166415405277,False
14,27,13,-2.2214741598510743,False
60,105,45,-2.221718536529541,False
1,28,27,-2.222081231689453,False
24,49,25,-2.222548198547363,False
115,129,14,-2.2226547723388674,False
126,135,9,-2.223338109436035,False
56,159,103,-2.2235335133361813,False
16,95,79,-2.2237683677673337,False
49,159,110,-2.2240034761047363,False
10,128,118,-2.224083110046387,False
96,127,31,-2.224313764343262,False
35,112,77,-2.224376887054443,False
19,144,125,-2.224712529296875,False
33,113,80,-2.22489690246582,False
28,60,32,-2.224985281066895,False
87,158,71,-2.225201014404297,False
46,78,32,-2.2254475465393067,False
55,63,8,-2.225575596466064,False
110,118,8,-2.225714504852295,False
72,89,17,-2.2260675926208497,False
138,147,9,-2.2261843394470215,False
109,122,13,-2.22618836227417,False
28,95,67,-2.2262631687927246,False
122,150,28,-2.226369021911621,False
54,65,11,-2.22646579208374,False
24,155,131,-2.226961431427002,False
16,27,11,-2.2269902287292482,False
9,27,18,-2.2270895291137696,False
30,37,7,-2.2271253146362304,False
18,126,108,-2.227241277160645,False
24,56,32,-2.227284133300781,False
28,40,12,-2.227389259338379,False
53,94,41,-2.227728014373779,False
80,89,9,-2.227825804443359,False
20,155,135,-2.2278907304382325,False
79,109,30,-2.2281453498840333,False
26,137,111,-2.2284585777282713,False
68,96,28,-2.228843274383545,False
63,159,96,-2.229103612060547,False
60,104,44,-2.229368758239746,False
9,99,90,-2.2297611921691898,False
28,96,68,-2.2304311824035645,False
113,137,24,-2.2306191955566406,False
1,42,41,-2.2309193724060057,False
17,146,129,-2.2312327116394046,False
32,90,58,-2.2317647593688963,False
1,141,140,-2.232284700164795,False
25,120,95,-2.2326400410461424,False
1,60,59,-2.2338252784729002,False
9,153,144,-2.2339625674438475,False
121,151,30,-2.234069624938965,False
103,114,11,-2.2344293771362302,False
72,100,28,-2.2345377520751954,False
29,35,6,-2.234937766418457,False
9,98,89,-2.235183423309326,False
8,27,19,-2.2353810261535645,False
130,155,25,-2.236093383178711,False
15,50,35,-2.236143150024414,False
62,106,44,-2.2361832078552246,False
30,41,11,-2.23621386428833,False
80,108,28,-2.236236508483887,False
114,146,32,-2.236258860321045,False
76,93,17,-2.2366228979492186,False
33,140,107,-2.2367548002624513,False
43,157,114,-2.2368071853637694,False
5,152,147,-2.2370787159729004,False
28,94,66,-2.237111627807617,False
20,154,134,-2.237294044342041,False
89,108,19,-2.2374146824645997,False
34,96,62,-2.2378207849121092,False
18,48,30,-2.2379326234436037,False
26,33,7,-2.2383717597961423,False
110,120,10,-2.2389258140563966,False
14,97,83,-2.2392079331970214,True
41,102,61,-2.239632662811279,False
86,109,23,-2.239778571014404,False
96,112,16,-2.239865711975098,False
7,129,122,-2.2401743199157713,False
18,156,138,-2.2402080685424806,False
23,141,118,-2.240357370300293,False
78,108,30,-2.2403681890869143,False
119,131,12,-2.2407974858093263,False
84,96,12,-2.2408721185302736,False
21,154,133,-2.240898106536865,False
121,133,12,-2.241151644744873,False
84,99,15,-2.2412248583984375,False
9,26,17,-2.241335740509033,False
28,42,14,-2.2414048147583006,False
106,114,8,-2.241845947570801,False
101,112,11,-2.241985787963867,False
11,129,118,-2.2420869311523437,False
77,87,10,-2.2421206253051755,False
48,75,27,-2.2424828845214844,False
89,102,13,-2.242735000152588,False
101,157,56,-2.242814543457031,False
137,145,8,-2.2428543952941893,False
19,48,29,-2.242938670501709,False
55,87,32,-2.2431746847534177,False
110,119,9,-2.2440199906921388,False
25,157,132,-2.244395142364502,False
107,153,46,-2.244548320922852,False
7,30,23,-2.244680056915283,False
7,153,146,-2.2449901068115237,False
145,159,14,-2.2452932568359376,False
96,115,19,-2.245296777496338,False
82,110,28,-2.245328316040039,False
1,142,141,-2.245463071899414,False
79,88,9,-2.2457257427978514,False
28,117,89,-2.2463847093200684,False
36,84,48,-2.246531055908203,False
5,132,127,-2.246601591796875,False
120,132,12,-2.2475732551574708,False
107,154,47,-2.2481014735412597,False
51,75,24,-2.2486156030273436,False
33,45,12,-2.2496957141113283,False
2,32,30,-2.2498587774658203,False
25,49,24,-2.250270167694092,False
123,147,24,-2.250605223846436,False
27,95,68,-2.2506435710144044,False
96,117,21,-2.25084885559082,False
18,45,27,-2.251077384033203,False
29,94,65,-2.251491198272705,False
8,91,83,-2.2518767671203612,False
29,95,66,-2.2521360719299315,False
96,116,20,-2.252240096130371,False
41,77,36,-2.252296285705566,False
8,29,21,-2.25254858215332,False
45,81,36,-2.2527064358520508,False
9,155,146,-2.2527557856750486,False
2,31,29,-2.2532456149291993,False
23,112,89,-2.2534185708618164,False
53,66,13,-2.2534527774047852,False
79,110,31,-2.253653835906982,False
62,88,26,-2.253790469970703,False
61,89,28,-2.2538566012573242,False
26,58,32,-2.2539288969421385,False
28,39,11,-2.2540004583740236,False
73,89,16,-2.2541590040588377,False
32,142,110,-2.2541665911865234,False
89,101,12,-2.254188405761719,False
34,107,73,-2.254267289886475,False
52,95,43,-2.254339365081787,False
76,87,11,-2.2543735520935058,False
46,101,55,-2.2544590686035155,False
18,29,11,-2.2545374253845214,False
93,159,66,-2.2549233981323242,False
109,115,6,-2.255070134887695,False
65,103,38,-2.2550927853393556,False
105,155,50,-2.255120207824707,False
108,153,45,-2.2553384399414065,False
83,100,17,-2.255547343444824,False
55,76,21,-2.2555716035461426,False
30,43,13,-2.2559160922241213,False
113,136,23,-2.256013844604492,False
97,110,13,-2.2560982244873045,False
36,83,47,-2.2566621797180177,False
5,35,30,-2.2570209225463866,True
89,106,17,-2.2572326193237306,False
18,149,131,-2.2572563273620605,False
84,108,24,-2.2573221571350097,False
94,115,21,-2.2573568154907226,False
127,138,11,-2.257692134552002,False
113,133,20,-2.2577402195739746,False
109,117,8,-2.257974797668457,False
35,113,78,-2.2579797647094724,False
29,46,17,-2.258290875854492,False
13,94,81,-2.258507742767334,False
38,156,118,-2.258535450439453,False
18,144,126,-2.258808375854492,False
1,143,142,-2.259025922393799,False
1,78,77,-2.259052875518799,False
9,28,19,-2.259322865600586,False
126,158,32,-2.259463698120117,False
144,159,15,-2.259468777770996,False
79,90,11,-2.259788032073975,False
10,154,144,-2.260494506530762,False
28,47,19,-2.2610723608398438,False
65,84,19,-2.2611918663024904,False
99,111,12,-2.261253641204834,False
8,130,122,-2.2615633033752442,False
69,81,12,-2.2619373703002927,False
95,117,22,-2.2621185711669924,False
14,93,79,-2.2622996734619143,False
2,39,37,-2.262634766387939,False
2,33,31,-2.2627058477783204,False
42,67,25,-2.2629132083129884,False
151,157,6,-2.2630887768554686,False
46,79,33,-2.264123289794922,False
95,116,21,-2.2641705393981932,False
150,156,6,-2.2643189138793947,False
17,97,80,-2.2648302505493163,False
53,95,42,-2.2648304537963866,False
4,33,29,-2.2649612159729005,False
73,97,24,-2.265025396118164,False
6,30,24,-2.265244498138428,False
27,136,109,-2.265615604553223,False
95,115,20,-2.2658143058776856,False
12,26,14,-2.2658260606384277,False
37,156,119,-2.26608625579834,False
54,96,42,-2.2663327391052244,False
2,135,133,-2.266654399261475,False
47,77,30,-2.267000244140625,False
66,84,18,-2.2671713325500487,False
63,104,41,-2.267420868682861,False
80,109,29,-2.2675193463134766,False
67,95,28,-2.2681137185668945,False
55,92,37,-2.2682395387268066,False
138,146,8,-2.268314459838867,False
100,120,20,-2.2685343170166012,False
31,114,83,-2.2686015850830077,False
112,148,36,-2.268642157287598,False
70,82,12,-2.2686835035705566,False
71,89,18,-2.268999669799805,False
22,49,27,-2.269144873352051,False
12,93,81,-2.269347963256836,False
132,141,9,-2.2694680180358886,False
18,157,139,-2.2694755337524413,False
135,151,16,-2.269569455871582,False
28,110,82,-2.2696725202941894,False
26,119,93,-2.269698455657959,False
61,105,44,-2.2697894886779784,False
80,88,8,-2.270437443237305,False
123,159,36,-2.2707532781982422,False
35,84,49,-2.270807512817383,False
29,110,81,-2.2709075706481934,False
66,102,36,-2.2710373281860354,False
1,62,61,-2.271401110687256,False
61,90,29,-2.271524392547607,False
23,157,134,-2.2715358633422853,False
34,139,105,-2.2717621008300783,False
30,59,29,-2.2721731422424316,False
99,159,60,-2.2724970890808107,False
15,47,32,-2.2725219819641116,False
18,158,140,-2.2726118400573734,False
32,113,81,-2.272772489013672,False
114,158,44,-2.2728446655273435,False
90,113,23,-2.272855574951172,False
4,152,148,-2.2729075952148436,False
19,50,31,-2.2730048020935056,False
3,33,30,-2.2731571356201172,False
24,32,8,-2.2732257336425783,False
11,94,83,-2.273269076843262,False
68,99,31,-2.27344848739624,False
25,59,34,-2.273588301696777,False
6,27,21,-2.274065622253418,False
77,91,14,-2.274400180053711,False
82,157,75,-2.274830724182129,False
78,87,9,-2.275646887664795,False
2,154,152,-2.2758813201904298,False
11,26,15,-2.276008148651123,False
25,111,86,-2.276368798980713,False
17,144,127,-2.276417452392578,False
124,144,20,-2.276582986755371,False
51,95,44,-2.2766899011230466,False
7,90,83,-2.277101615600586,False
6,32,26,-2.2771036695861815,False
31,45,14,-2.277165765686035,False
43,88,45,-2.277218637542725,False
29,115,86,-2.2783850898742672,False
80,86,6,-2.278389948425293,False
19,46,27,-2.278510235137939,False
18,96,78,-2.2793703157043455,False
75,92,17,-2.2797937216186526,False
147,153,6,-2.2802689933776854,False
9,158,149,-2.2803613580322266,False
23,50,27,-2.2806785990905762,False
21,125,104,-2.280683626556397,False
63,92,29,-2.2815954986572264,False
55,96,41,-2.281755654754639,False
130,140,10,-2.281902849884033,False
2,38,36,-2.282171729736328,False
50,97,47,-2.28238854888916,False
24,139,115,-2.2824042645263676,False
113,134,21,-2.282721886444092,False
34,85,51,-2.283118777618408,False
109,116,7,-2.2837001403808594,False
123,148,25,-2.283917940826416,False
18,97,79,-2.283960925292969,False
60,106,46,-2.2841151206970216,False
89,98,9,-2.2841656950378417,False
57,79,22,-2.284390149230957,False
114,145,31,-2.285001611480713,False
13,93,80,-2.285035101623535,False
55,66,11,-2.2852808950805663,False
15,93,78,-2.2854230389404298,False
39,156,117,-2.2858767839050294,False
101,113,12,-2.285969482421875,False
103,132,29,-2.2859741806030276,False
100,130,30,-2.2859791595458985,False
124,145,21,-2.2859918428039547,False
107,116,9,-2.286219535064697,False
62,105,43,-2.2867350117492675,False
112,134,22,-2.2870759678649906,False
85,107,22,-2.287170173187256,False
31,107,76,-2.287398019561768,False
19,158,139,-2.2874664501953124,False
29,109,80,-2.2876724214172364,False
34,86,52,-2.287693436126709,False
51,96,45,-2.288069149017334,False
95,118,23,-2.28817854309082,False
23,52,29,-2.288907501678467,False
14,130,116,-2.2893649603271484,False
43,104,61,-2.2894831118774412,False
19,45,26,-2.2894974699401858,False
5,133,128,-2.289528651123047,False
104,122,18,-2.2903723793029784,False
102,121,19,-2.290447529296875,False
1,147,146,-2.2906438632202146,False
54,66,12,-2.2907518911743163,False
15,154,139,-2.2911950308227538,False
127,156,29,-2.2914839901733397,False
64,85,21,-2.2918258692932127,False
1,43,42,-2.2918659408569337,False
20,126,106,-2.291948745880127,False
19,156,137,-2.29233739440918,False
60,100,40,-2.29242176361084,False
94,114,20,-2.2925518218994143,False
37,82,45,-2.292713107147217,False
4,86,82,-2.2934520993041994,False
113,146,33,-2.293552730407715,False
52,96,44,-2.293670231628418,False
2,27,25,-2.294038367614746,False
8,153,145,-2.2941308992004394,False
108,115,7,-2.2941896847534182,False
88,103,15,-2.2942851049804687,False
26,59,33,-2.2943664828491213,False
24,122,98,-2.2944970268249514,False
2,26,24,-2.2945223400878905,False
80,87,7,-2.294698218688965,False
114,141,27,-2.2947099050903317,False
111,149,38,-2.2947531948852538,False
15,156,141,-2.2952618643188476,False
23,57,34,-2.2961808950805667,False
75,91,16,-2.296566547241211,False
71,91,20,-2.296935905151367,False
42,101,59,-2.2969672749328613,False
27,34,7,-2.2978395013427737,False
17,157,140,-2.2981156649780274,False
29,48,19,-2.2981862811279297,False
67,96,29,-2.2981926612854005,False
33,89,56,-2.2985837620544434,False
2,116,114,-2.2989545370483397,False
3,123,120,-2.298971002044678,False
111,117,6,-2.2989946954345704,False
15,51,36,-2.299782486114502,False
95,114,19,-2.299801468048096,False
114,137,23,-2.29982127243042,False
42,72,30,-2.2999548526000977,False
136,150,14,-2.2999845266723633,False
67,83,16,-2.300170278930664,False
42,76,34,-2.3004594787597656,False
122,134,12,-2.3004727630615234,False
129,138,9,-2.3008052539062502,False
28,44,16,-2.301062821960449,False
21,155,134,-2.301247624664307,False
58,97,39,-2.3012740452575686,False
17,147,130,-2.3014662940979003,False
17,158,141,-2.3016415034484865,False
17,156,139,-2.301705720672607,False
17,96,79,-2.302026900482178,False
72,98,26,-2.3020866903686525,False
83,102,19,-2.3026302604675295,False
29,42,13,-2.302913277130127,False
27,46,19,-2.303015963134766,False
124,142,18,-2.30333071685791,False
74,104,30,-2.3038831474304198,False
19,115,96,-2.3044276931762697,False
88,104,16,-2.3047484524536133,False
23,156,133,-2.304842356262207,False
40,97,57,-2.304910439453125,False
20,49,29,-2.3052349743652343,False
67,98,31,-2.3059089918518065,False
93,116,23,-2.306092429046631,False
43,105,62,-2.306234703063965,False
28,108,80,-2.306304666442871,False
6,88,82,-2.30644570602417,False
74,106,32,-2.306529598999023,False
43,86,43,-2.30657364730835,False
7,32,25,-2.3067887802124023,False
86,108,22,-2.3070911236572265,False
52,93,41,-2.3072350077819825,False
94,125,31,-2.307235662536621,False
42,69,27,-2.307452598114014,False
3,36,33,-2.3074912632751463,False
18,47,29,-2.3075402217102052,False
86,110,24,-2.3077412321472166,False
15,157,142,-2.308290910949707,False
54,92,38,-2.3084122561645506,False
2,123,121,-2.308429645996094,False
1,59,58,-2.3086116525268556,False
114,143,29,-2.308657270812988,False
6,152,146,-2.3088233460998535,False
115,156,41,-2.3088604069519043,False
103,156,53,-2.309115173187256,False
27,60,33,-2.3095492349243165,False
88,157,69,-2.309551572265625,False
33,109,76,-2.309747544708252,False
48,94,46,-2.310004288330078,False
36,156,120,-2.3112002377319336,False
126,137,11,-2.3114656634521484,False
113,142,29,-2.3114939169311524,False
76,92,16,-2.3116603729248046,False
111,137,26,-2.31166343170166,False
24,111,87,-2.312375862121582,False
61,104,43,-2.3133172640991213,False
61,106,45,-2.3139450061035154,False
96,159,63,-2.3139567594909667,False
35,108,73,-2.3139774011230467,False
93,120,27,-2.3140388581848144,False
25,51,26,-2.3140663117980957,False
3,85,82,-2.314213798522949,False
8,129,121,-2.314494304046631,False
54,93,39,-2.314912265319824,False
64,105,41,-2.3150812817382813,False
114,139,25,-2.3150971038818358,False
7,106,99,-2.315386824493408,False
95,159,64,-2.3154377828979493,False
117,140,23,-2.315463944091797,False
21,142,121,-2.3160626014709473,False
117,129,12,-2.3161363290405275,False
11,130,119,-2.316239330596924,False
24,51,27,-2.3162562815856935,False
1,71,70,-2.3163363877868655,False
32,108,76,-2.316562240447998,False
125,135,10,-2.3166468756103518,False
98,110,12,-2.3166770053100585,False
71,98,27,-2.3167005169677735,False
2,117,115,-2.3167048248291016,False
114,144,30,-2.3169111811828613,False
1,146,145,-2.31752317276001,False
41,100,59,-2.3175858554077147,False
86,105,19,-2.3177298179626464,False
89,158,69,-2.31811030166626,False
1,72,71,-2.3182985298156735,False
52,75,23,-2.318356844329834,False
84,100,16,-2.3185703611755373,False
132,142,10,-2.318659562988281,False
107,121,14,-2.318774270019531,False
10,26,16,-2.319092414703369,False
14,114,100,-2.319488311157227,False
115,131,16,-2.3194941761779786,False
35,109,74,-2.3200931701660155,False
22,48,26,-2.320745331115723,False
83,98,15,-2.3207576318359378,False
78,89,11,-2.3210492416381836,False
15,53,38,-2.321080550537109,False
33,108,75,-2.321166625671387,False
137,149,12,-2.32135298248291,False
43,106,63,-2.321427146606445,False
54,76,22,-2.321494038543701,False
59,103,44,-2.321600457458496,False
84,158,74,-2.32203675201416,False
8,26,18,-2.3220447650146485,False
75,93,18,-2.3223025103759767,False
24,157,133,-2.3224339405822754,False
12,28,16,-2.3225024298095702,False
124,141,17,-2.322649493560791,False
149,157,8,-2.322662183380127,False
120,141,21,-2.322765587463379,False
94,124,30,-2.323058412628174,False
108,114,6,-2.3231866943359374,False
117,141,24,-2.323949327392578,False
56,78,22,-2.324118701324463,False
17,148,131,-2.324158533630371,False
3,29,26,-2.324368334197998,False
70,87,17,-2.3244032040405274,False
66,101,35,-2.324944686431885,False
15,158,143,-2.325562891845703,False
30,115,85,-2.325665838623047,False
1,144,143,-2.3256702139282224,False
38,155,117,-2.325700939788818,False
135,143,8,-2.326448515472412,False
24,58,34,-2.3264635650634764,False
27,108,81,-2.326491639099121,False
109,134,25,-2.326496668701172,False
113,140,27,-2.326552636566162,False
11,27,16,-2.3269269604492187,False
5,87,82,-2.326934768066406,False
40,65,25,-2.327209817352295,False
16,154,138,-2.3276917143249514,False
33,141,108,-2.3278055599975587,False
51,94,43,-2.327893773498535,False
85,104,19,-2.327903478851318,False
84,105,21,-2.3279127545166016,False
108,121,13,-2.328045255432129,False
69,96,27,-2.328153172607422,False
4,35,31,-2.3281637954711916,False
94,159,65,-2.3283063862609863,False
19,157,138,-2.328351759796143,False
62,89,27,-2.328419094543457,False
123,134,11,-2.3285390565490722,False
55,91,36,-2.3290630767822265,False
112,147,35,-2.3293393206787107,False
56,81,25,-2.3295713479614255,False
88,98,10,-2.3298784580993654,False
58,106,48,-2.3299582864379884,False
37,155,118,-2.3302641384887695,False
12,94,82,-2.3305146032714843,False
17,149,132,-2.330592213897705,False
4,116,112,-2.330826535797119,False
23,49,26,-2.331128321380615,False
74,91,17,-2.3319768225097652,False
117,154,37,-2.332049393920898,False
15,44,29,-2.3320581520080568,False
1,58,57,-2.3322322010803225,False
109,118,9,-2.3328052449035646,False
94,119,25,-2.3328834649658203,False
121,141,20,-2.3329164453124998,False
54,91,37,-2.333169755249023,False
29,43,14,-2.3332946446228027,False
97,128,31,-2.3336518241882325,False
56,83,27,-2.3337209255981444,False
39,96,57,-2.3340780207824707,False
14,153,139,-2.334137769317627,False
9,152,143,-2.3341615531921387,False
45,92,47,-2.3342858526611328,False
25,138,113,-2.334865114898682,False
23,55,32,-2.3348652688598635,False
43,87,44,-2.3350576109313965,False
25,44,19,-2.335180930480957,False
19,53,34,-2.335195708770752,False
109,121,12,-2.335545807952881,False
143,154,11,-2.3361176467895506,False
29,96,67,-2.3361757391357423,False
27,94,67,-2.3365088899230955,False
42,68,26,-2.336637032775879,False
83,97,14,-2.3366807710266113,False
137,148,11,-2.337071790161133,False
146,153,7,-2.3372232539367674,False
3,28,25,-2.3373141036987306,False
24,44,20,-2.3373686822509763,False
10,111,101,-2.337738279724121,False
112,136,24,-2.3377391702270507,False
104,133,29,-2.3378907012939454,False
44,158,114,-2.3379475692749025,False
56,82,26,-2.338236358947754,False
41,156,115,-2.338546161651611,False
23,54,31,-2.338784850311279,False
85,100,15,-2.338989462738037,False
27,109,82,-2.3389954595947264,False
106,122,16,-2.339230458679199,False
131,141,10,-2.3393869566345216,False
113,139,26,-2.339472582397461,False
97,159,62,-2.3396650926208493,False
56,96,40,-2.3396828871154787,False
105,115,10,-2.339736852722168,False
34,137,103,-2.340232734527588,False
107,115,8,-2.3403231748962403,False
85,108,23,-2.3404337628173826,False
136,144,8,-2.340719365081787,False
17,49,32,-2.3414773081970215,False
118,131,13,-2.3417642837524415,False
16,150,134,-2.3418822779846193,False
55,86,31,-2.3423831175231933,False
93,125,32,-2.342386136016846,False
4,134,130,-2.342389445953369,False
86,104,18,-2.342494387054443,False
68,97,29,-2.3425819317626955,False
13,97,84,-2.342666142425537,False
102,132,30,-2.342704890441895,False
83,110,27,-2.34309779006958,False
70,86,16,-2.343099251098633,False
15,54,39,-2.343332103729248,False
21,49,28,-2.343497027587891,False
68,98,30,-2.3436148672485353,False
76,94,18,-2.343640960083008,False
67,84,17,-2.3437385786437988,False
23,56,33,-2.3438044218444825,False
70,83,13,-2.344154145965576,False
98,159,61,-2.3443067872619627,False
33,136,103,-2.3443124710083008,False
47,100,53,-2.344489351043701,False
1,76,75,-2.344548083496094,False
74,105,31,-2.3450737886047364,False
99,128,29,-2.345077733001709,False
116,129,13,-2.345263604888916,False
78,86,8,-2.3453769383239744,False
12,27,15,-2.3456616442871097,False
34,138,104,-2.3462140090942385,False
105,121,16,-2.3462827311706542,False
66,94,28,-2.346611643066406,False
106,121,15,-2.346711486053467,False
13,130,117,-2.346834395599365,False
16,49,33,-2.3468501640319825,False
68,83,15,-2.346899212799072,False
72,102,30,-2.34726761138916,False
97,118,21,-2.3477241508483884,False
63,105,42,-2.3481175805664063,False
107,114,7,-2.348130887451172,False
10,27,17,-2.3483514491271973,False
122,141,19,-2.348542636413574,False
123,141,18,-2.3498714709472655,False
108,118,10,-2.3501430274963377,False
94,116,22,-2.3503471084594727,False
45,91,46,-2.3504631101989744,False
55,85,30,-2.350549502410889,False
67,97,30,-2.350716778869629,False
85,99,14,-2.3508514714050293,False
62,90,28,-2.3511023765563968,False
30,48,18,-2.351149691772461,False
25,156,131,-2.3512108863830568,False
3,121,118,-2.351228059082031,False
114,136,22,-2.351252926330566,False
44,104,60,-2.351641004943848,False
49,75,26,-2.352049724121094,False
11,92,81,-2.352069083099365,False
54,98,44,-2.3522202236938474,False
28,109,81,-2.3522931608581543,False
54,88,34,-2.3526379919433595,False
74,93,19,-2.352847557373047,False
59,102,43,-2.352883899230957,False
67,100,33,-2.3529914955139164,False
42,75,33,-2.353317571258545,False
1,145,144,-2.3533628633117676,False
54,109,55,-2.3534425483703614,False
74,90,16,-2.3534833169555665,False
16,94,78,-2.3535404804992677,False
129,139,10,-2.353552649230957,False
5,27,22,-2.354116591644287,False
18,127,109,-2.3543120439147946,False
48,100,52,-2.3546115686035156,False
16,158,142,-2.354866534729004,False
105,122,17,-2.3548757859802247,False
19,47,28,-2.355038684234619,False
134,143,9,-2.3551145675659177,False
20,97,77,-2.355455114593506,False
24,33,9,-2.35559084564209,False
29,38,9,-2.3563460696411136,False
11,28,17,-2.356448028869629,False
28,45,17,-2.3566390187072757,False
87,157,70,-2.356726856231689,False
85,109,24,-2.3572778398132326,False
126,141,15,-2.357325593109131,False
129,155,26,-2.3577051568603515,False
94,120,26,-2.357966766204834,False
16,152,136,-2.357986086730957,False
11,131,120,-2.358387437286377,False
78,158,80,-2.358450239105225,False
27,48,21,-2.358853616027832,False
109,152,43,-2.3588922970581057,False
42,70,28,-2.3590978074645994,False
22,157,135,-2.3591336082458496,False
125,141,16,-2.3592786329650877,False
3,26,23,-2.3593534140014647,False
82,158,76,-2.3595363006591796,False
72,97,25,-2.3595536207580565,False
123,150,27,-2.3598379776000975,False
15,150,135,-2.3608694400024417,False
18,142,124,-2.3611621903991695,False
118,132,14,-2.361198583984375,False
5,86,81,-2.3619108874511716,False
86,107,21,-2.36198870803833,False
121,153,32,-2.362379787902832,False
100,112,12,-2.362647116699219,False
114,142,28,-2.362716029968262,False
77,86,9,-2.3627507191467285,False
68,84,16,-2.3629922802734376,False
1,70,69,-2.363150648193359,False
99,119,20,-2.3632042980957033,False
85,106,21,-2.363962617340088,False
133,143,10,-2.3640667124938965,False
22,50,28,-2.3644088375854495,False
14,150,136,-2.3646407723999023,False
69,97,28,-2.364704701385498,False
33,60,27,-2.3649146112060544,False
122,152,30,-2.3654785412597654,False
3,122,119,-2.365525414428711,False
93,119,26,-2.3657946015930174,False
98,119,21,-2.365853379364014,False
1,68,67,-2.3659707974243163,False
25,60,35,-2.366348934326172,False
57,106,49,-2.366734335784912,False
83,158,75,-2.366896489715576,False
3,27,24,-2.3670798904418944,False
8,107,99,-2.3672207955932616,False
15,130,115,-2.3674121951293943,False
71,97,26,-2.3677300122070313,False
1,63,62,-2.3680282597351074,False
69,99,30,-2.368153512878418,False
71,92,21,-2.368170688934326,False
3,37,34,-2.3690205769348145,False
101,120,19,-2.369149996032715,False
1,75,74,-2.3692280897521973,False
84,104,20,-2.369727106323242,False
21,32,11,-2.369914890289307,False
15,52,37,-2.3699610983276367,False
92,122,30,-2.3700531811523438,False
1,57,56,-2.3704024032592774,False
108,134,26,-2.370433469390869,False
27,37,10,-2.3704891563415527,False
7,131,124,-2.3710041610717774,False
15,115,100,-2.371048227233887,False
20,114,94,-2.3712523329162596,False
109,135,26,-2.3715554069519045,False
115,158,43,-2.371783264312744,False
37,81,44,-2.3720455697631833,False
42,105,63,-2.372135640258789,False
86,97,11,-2.372187481842041,False
69,86,17,-2.372498176116943,False
44,105,61,-2.3725094290161133,False
88,102,14,-2.3726361242675784,False
25,158,133,-2.3729071333312985,False
46,123,77,-2.3729531744384764,False
53,96,43,-2.3731963188171386,False
1,44,43,-2.3732430667114257,False
84,109,25,-2.3735139389038085,False
1,46,45,-2.37355018951416,False
52,97,45,-2.373775622863769,False
35,83,48,-2.3741444715881346,False
48,76,28,-2.3742367544555663,False
3,30,27,-2.3745865315246584,False
145,154,9,-2.3748060734558107,False
24,43,19,-2.374877972412109,False
22,53,31,-2.3749818074035645,False
16,93,77,-2.3751957040405274,False
16,115,99,-2.375439485168457,False
43,89,46,-2.3754824311828613,False
22,46,24,-2.3757910441589356,False
97,113,16,-2.3757989453125,False
122,153,31,-2.37590395111084,False
6,133,127,-2.3759817219543455,False
131,153,22,-2.3760758016967776,False
18,115,97,-2.376433012084961,False
72,93,21,-2.3767140432739255,False
32,109,77,-2.3772212353515627,False
3,152,149,-2.377342685546875,False
120,154,34,-2.377774090576172,False
101,158,57,-2.3777955142211917,False
44,106,62,-2.3779434449768067,False
50,99,49,-2.378426636352539,False
46,92,46,-2.3786386273193356,False
85,105,20,-2.3787233879089356,False
92,114,22,-2.3790420191955564,False
16,46,30,-2.379279584503174,False
115,139,24,-2.3793613343811035,False
24,156,132,-2.3795516206359864,False
71,93,22,-2.379565287475586,False
128,139,11,-2.3801701094055177,False
73,102,29,-2.38030673248291,False
32,135,103,-2.38039434677124,False
2,30,28,-2.3805803533935546,False
4,117,113,-2.3806304899597164,False
19,52,33,-2.3806480105590824,False
26,48,22,-2.3806688780212406,False
53,76,23,-2.38102273727417,False
9,157,148,-2.381060305786133,False
102,156,54,-2.3814032151794438,False
18,51,33,-2.3817123626708985,False
89,112,23,-2.3817316618347166,False
10,155,145,-2.3818386032104493,False
51,98,47,-2.382155450897217,False
23,33,10,-2.382190771636963,False
69,82,13,-2.382684433288574,False
1,67,66,-2.3828649267578124,False
23,158,135,-2.383012363739014,False
1,66,65,-2.3830673510742186,False
52,98,46,-2.3830928356933594,False
119,154,35,-2.383516842956543,False
27,38,11,-2.38390451461792,False
87,109,22,-2.384040832366943,False
1,69,68,-2.3841221002197264,False
4,120,116,-2.3841287768554684,False
141,156,15,-2.3841341592407224,False
25,121,96,-2.384611272735596,False
1,45,44,-2.3846440979003907,False
46,80,34,-2.384752444152832,False
23,140,117,-2.385313627166748,False
22,44,22,-2.385823473968506,False
59,106,47,-2.3872896142578126,False
6,132,126,-2.387346488189697,False
72,92,20,-2.3874192279052737,False
70,96,26,-2.3875355480957032,False
25,43,18,-2.3876981396484376,False
4,27,23,-2.387914005126953,False
1,73,72,-2.3881708294677737,False
22,141,119,-2.388179291687012,False
86,100,14,-2.3885807264709475,False
42,104,62,-2.3886961938476565,False
93,118,25,-2.388698634643555,False
3,83,80,-2.388737261657715,False
27,42,15,-2.3887818295288086,False
106,123,17,-2.388881714477539,False
15,155,140,-2.3892480265808103,False
14,151,137,-2.389519482421875,False
79,87,8,-2.3898228964233397,False
93,117,24,-2.389829503479004,False
8,30,22,-2.3899243255615232,False
15,48,33,-2.3901038592529296,False
114,140,26,-2.390259929199219,False
103,131,28,-2.390380117034912,False
86,106,20,-2.3906166651916503,False
20,142,122,-2.390630369110107,False
2,137,135,-2.3907609384155273,False
76,89,13,-2.3907649240112305,False
112,137,25,-2.3913967907714846,False
45,106,61,-2.3916817985534666,False
22,52,30,-2.3917235879516605,False
75,90,15,-2.3920163394165037,False
58,99,41,-2.3920754513549802,False
4,85,81,-2.3921892968750003,False
25,61,36,-2.392229262695312,False
64,92,28,-2.392321340484619,False
74,94,20,-2.392340154113769,False
22,45,23,-2.392384965057373,False
111,118,7,-2.392388495788574,False
35,107,72,-2.3924837556457517,False
63,86,23,-2.3925512072753907,False
29,108,79,-2.392638037109375,False
17,128,111,-2.3927838832092285,False
126,140,14,-2.3928310842895506,False
114,157,43,-2.3928429080200195,False
60,101,41,-2.393039825439453,False
81,110,29,-2.393226545562744,False
111,148,37,-2.3935032690429687,False
106,133,27,-2.3935196089172366,False
17,115,98,-2.3940813682556152,False
45,107,62,-2.3941489596557615,False
76,88,12,-2.394172557373047,False
41,155,114,-2.394288268585205,False
27,43,16,-2.394493353881836,False
124,146,22,-2.394516592712402,False
77,108,31,-2.3946440098571777,False
78,90,12,-2.394696060333252,False
86,111,25,-2.394858193054199,False
116,139,23,-2.394897804718018,False
115,138,23,-2.394969497680664,False
22,43,21,-2.395179121398926,False
3,38,35,-2.395429351196289,False
89,113,24,-2.3957457142639162,False
11,154,143,-2.395838260345459,False
10,156,146,-2.39595109954834,False
2,82,80,-2.3960879408264164,True
82,156,74,-2.3961332606506347,False
70,85,15,-2.396234057159424,False
110,151,41,-2.3962610659790036,False
10,98,88,-2.3967042080688477,False
22,156,134,-2.397209129333496,False
16,157,141,-2.3975725035095214,False
3,39,36,-2.3976312451171875,False
26,46,20,-2.3980272772216797,False
19,51,32,-2.3983997567749022,False
69,84,15,-2.3987383659362793,False
113,145,32,-2.3989258972167966,False
3,84,81,-2.399645170135498,False
127,139,12,-2.399647217712402,False
17,143,126,-2.3996867791748047,False
24,48,24,-2.399689891357422,False
45,105,60,-2.399746421356201,False
42,71,29,-2.3997911016845705,False
2,40,38,-2.3998513119506835,False
125,136,11,-2.3998607130432132,False
112,146,34,-2.40004071685791,False
31,89,58,-2.4000467465209963,False
102,114,12,-2.4002222775268556,False
22,33,11,-2.4004370458984376,False
53,91,38,-2.4008514067077638,False
98,128,30,-2.4008837026977536,False
42,73,31,-2.4010944979858397,False
72,91,19,-2.4011890562438962,False
43,156,113,-2.401297575531006,False
11,153,142,-2.402089775238037,False
21,113,92,-2.402267502746582,False
14,154,140,-2.402439868469238,False
15,31,16,-2.402452592468262,False
55,90,35,-2.4025560455322266,False
60,108,48,-2.4025928204345703,False
5,26,21,-2.4026147203063966,False
127,141,14,-2.4029702723693847,False
86,103,17,-2.4030143295288084,False
28,37,9,-2.403171782073975,False
30,135,105,-2.4032105294799804,False
36,82,46,-2.4033288961791994,False
21,126,105,-2.4033485903930663,False
31,60,29,-2.4035793585205076,False
120,140,20,-2.4036234242248535,False
60,107,47,-2.403693388824463,False
101,132,31,-2.4037014428710934,False
16,151,135,-2.4038939793395997,False
99,129,30,-2.4043494947814943,False
117,130,13,-2.4043876290893555,False
71,90,19,-2.404505517425537,False
70,88,18,-2.4047702131652833,False
17,95,78,-2.404830552520752,False
26,60,34,-2.405036503601074,False
69,95,26,-2.4050723182678224,False
4,118,114,-2.405235200042725,False
10,152,142,-2.405460059814453,False
23,123,100,-2.4056074183654785,False
123,139,16,-2.405694243469238,False
68,94,26,-2.405774415588379,False
14,29,15,-2.4060831379699708,False
104,155,51,-2.4065509872436524,False
17,46,29,-2.406739196624756,False
76,91,15,-2.4071808383178714,False
32,152,120,-2.4073471977233885,False
14,157,143,-2.407476912384033,False
69,98,29,-2.4075705270385743,False
15,29,14,-2.4076052682495117,False
10,129,119,-2.4077240808105467,False
14,156,142,-2.408125010223389,False
31,135,104,-2.408224593658447,False
58,102,44,-2.4082757739257814,False
4,36,32,-2.408366097564697,False
1,77,76,-2.4090814935302736,False
135,150,15,-2.40927374420166,False
3,117,114,-2.409299374542236,False
8,32,24,-2.4096239315795898,False
137,146,9,-2.40975117767334,False
75,94,19,-2.4098690927124027,False
27,35,8,-2.4101377626037594,False
2,121,119,-2.4107289671325685,False
88,105,17,-2.4109702085876465,False
9,29,20,-2.411335033569336,False
15,151,136,-2.411441410980225,False
24,59,35,-2.411455,False
2,80,78,-2.411495535125732,False
55,77,22,-2.4115912686157226,False
54,99,45,-2.411637470245361,False
137,147,10,-2.411856198425293,False
3,116,113,-2.41205802444458,False
86,157,71,-2.412117106628418,False
65,85,20,-2.412129822387695,False
10,158,148,-2.4121611203002926,False
56,97,41,-2.4121907069396973,False
29,41,12,-2.412239535064697,False
123,138,15,-2.4122754928588868,False
70,95,25,-2.4123839978027344,False
4,26,22,-2.412697044067383,False
38,63,25,-2.412795077972412,False
43,107,64,-2.412976809844971,False
119,132,13,-2.4134858029174806,False
74,92,18,-2.41376027130127,False
141,158,17,-2.4137837677001954,False
30,47,17,-2.413843748779297,False
36,155,119,-2.413861918334961,False
97,111,14,-2.4144094299316405,False
87,104,17,-2.41459967376709,False
68,100,32,-2.414663519439697,False
97,129,32,-2.415068805999756,False
30,97,67,-2.415156828765869,False
123,153,30,-2.4151588735961917,False
3,134,131,-2.415243368835449,False
68,102,34,-2.4152630522155762,False
88,99,11,-2.415403231201172,False
119,141,22,-2.4155808081054686,False
8,90,82,-2.4160039262390134,False
48,101,53,-2.416104994049072,False
59,107,48,-2.4161125996398924,False
1,47,46,-2.4161402932739255,False
85,157,72,-2.416361022796631,False
23,47,24,-2.4163923185729983,False
31,150,119,-2.416418033294678,False
124,149,25,-2.4164811157226564,False
2,28,26,-2.416682967529297,False
38,107,69,-2.416798312530518,False
123,140,17,-2.4170351844787596,False
70,97,27,-2.4171547705078127,False
87,102,15,-2.4173002947998046,False
71,100,29,-2.4174722174072265,False
42,156,114,-2.4178472956848145,False
6,34,28,-2.418082940826416,False
32,60,28,-2.4183097758483885,False
1,65,64,-2.4183281512451176,False
71,94,23,-2.4185415606689453,False
106,115,9,-2.418977974090576,False
25,34,9,-2.4189805438232423,False
10,28,18,-2.419027286529541,False
29,36,7,-2.419029744567871,False
37,62,25,-2.4190651203918456,False
24,61,37,-2.419100117492676,False
113,143,30,-2.4191342697143554,False
4,135,131,-2.4192888667297363,False
19,54,35,-2.419425004272461,False
18,95,77,-2.4194589071655273,False
133,153,20,-2.419542031097412,False
24,45,21,-2.4197025624084474,False
15,152,137,-2.4197724674987793,False
67,102,35,-2.41981849105835,False
134,152,18,-2.420233998718262,False
27,119,92,-2.4205245080566407,False
62,87,25,-2.4206325395202635,False
140,156,16,-2.4208058711242675,False
80,110,30,-2.420880679321289,False
87,98,11,-2.420953784484863,False
34,84,50,-2.4215898049926756,False
63,91,28,-2.421655959625244,False
88,107,19,-2.4216989834594727,False
19,127,108,-2.4217020207214355,False
118,141,23,-2.4218188909912106,False
45,104,59,-2.4219977325439452,False
100,113,13,-2.4221093362426758,False
25,48,23,-2.422125205383301,False
122,151,29,-2.4221783503723144,False
41,104,63,-2.4222473284912107,False
109,136,27,-2.422311985321045,False
8,101,93,-2.4224500036621093,False
96,129,33,-2.4225955307006837,False
126,142,16,-2.4227125033569337,False
24,46,22,-2.422767860717774,False
78,157,79,-2.4228871405029295,False
20,53,33,-2.423174951019287,False
71,102,31,-2.4238584910583496,False
24,138,114,-2.4238695083618165,False
58,158,100,-2.423986954650879,False
68,85,17,-2.4242465579223635,False
89,157,68,-2.424263539276123,False
14,49,35,-2.4242736952209474,False
106,116,10,-2.4243181958007813,False
54,97,43,-2.4244295056152345,False
126,143,17,-2.4244297132873536,False
53,93,40,-2.4245206396484376,False
8,152,144,-2.4246682878112793,False
69,83,14,-2.424735779876709,False
51,97,46,-2.424863094024658,False
62,107,45,-2.4252009866333006,False
148,157,9,-2.4252867791748045,False
108,119,11,-2.4253166778564452,False
57,105,48,-2.425456657562256,False
147,158,11,-2.4254600698852538,False
48,102,54,-2.4259153668212887,False
131,142,11,-2.4259898522949217,False
4,83,79,-2.426206291809082,False
29,60,31,-2.4262208828735354,False
92,121,29,-2.426286696166992,False
86,102,16,-2.426323719024658,False
40,79,39,-2.426480430755615,False
85,110,25,-2.426600666656494,False
21,47,26,-2.426664393005371,False
128,140,12,-2.426789773712158,False
129,140,11,-2.427009159851074,False
57,97,40,-2.427236326751709,False
5,134,129,-2.4274357920837404,False
32,134,102,-2.4275289041137698,False
126,156,30,-2.427906081542969,False
2,29,27,-2.428261860809326,False
26,34,8,-2.42900557800293,False
117,156,39,-2.4300128112792967,False
4,119,115,-2.430027319946289,False
69,100,31,-2.4300296203613283,False
18,53,35,-2.4300709367370605,False
27,44,17,-2.430320199584961,False
2,122,120,-2.4303612333679196,False
70,99,29,-2.4306043241882325,False
88,100,12,-2.4306965808105465,False
20,156,136,-2.430836086883545,False
25,46,21,-2.4310783578491213,False
72,101,29,-2.431216197052002,False
85,97,12,-2.431261185302734,False
49,100,51,-2.4313832760620118,False
58,103,45,-2.431414048614502,False
69,87,18,-2.431444210357666,False
23,51,28,-2.4316066729736328,False
116,131,15,-2.431657405090332,False
2,118,116,-2.431808539123535,False
140,158,18,-2.431874499053955,False
17,29,12,-2.431904574127197,False
73,90,17,-2.431959666137695,False
132,153,21,-2.43237114440918,False
20,50,30,-2.4323902093505856,False
42,106,64,-2.4326644255065917,False
28,35,7,-2.432798158569336,False
51,93,42,-2.4328304396057128,False
17,45,28,-2.432937757873535,True
118,133,15,-2.433285014190674,False
32,97,65,-2.4334620960998534,False
34,60,26,-2.433529431915283,False
15,98,83,-2.433856586151123,False
46,91,45,-2.43446426071167,False
29,37,8,-2.434497590637207,False
18,98,80,-2.434749599151611,False
124,147,23,-2.4347988587951663,False
13,113,100,-2.4348914379882816,False
88,109,21,-2.4349187745666505,False
21,53,32,-2.435087442474365,False
31,98,67,-2.4352105026245114,False
39,80,41,-2.435302124786377,False
52,92,40,-2.4357740805053707,False
73,101,28,-2.4357769006347656,False
7,133,126,-2.4361307162475585,False
1,64,63,-2.4363585496520996,False
73,103,30,-2.4363684071350096,False
77,88,11,-2.4367934037780765,False
19,31,12,-2.4368096382141116,False
11,29,18,-2.4369526232910155,False
13,26,13,-2.437460742340088,False
45,82,37,-2.437673725280762,False
121,134,13,-2.437768162536621,False
19,142,123,-2.438073761444092,False
65,104,39,-2.4382146279907224,False
37,111,74,-2.4384260391235353,False
113,144,31,-2.438597473754883,False
2,138,136,-2.438805066375733,False
7,105,98,-2.4388357884216307,False
5,36,31,-2.4388491735839843,False
87,103,16,-2.4390468466186523,False
90,158,68,-2.439083579559326,False
33,88,55,-2.4392304187011717,False
53,92,39,-2.4392774502563475,False
21,48,27,-2.4394436122131347,False
33,142,109,-2.439444488220215,False
127,140,13,-2.4399785726928713,False
26,110,84,-2.4401148249816895,False
69,88,19,-2.4401701174926758,False
117,155,38,-2.44032565032959,False
16,45,29,-2.440393645629883,True
107,134,27,-2.440491957092285,False
30,45,15,-2.440523326721191,False
124,135,11,-2.4408015257263185,False
58,105,47,-2.440853492889404,False
109,119,10,-2.441067872314453,False
42,74,32,-2.4414094628906247,False
16,156,140,-2.4416039224243162,False
5,83,78,-2.4425020422363284,False
9,31,22,-2.4427287678527834,False
120,133,13,-2.4428926722717286,False
92,125,33,-2.442959954071045,False
3,118,115,-2.443002109527588,False
94,118,24,-2.4432217500305176,False
44,83,39,-2.4434281539916993,False
40,156,116,-2.4435204754638673,False
29,44,15,-2.4438582708740233,False
28,36,8,-2.444171957550049,False
2,152,150,-2.444593876037598,False
25,47,22,-2.4446448873901367,False
21,46,25,-2.444684596862793,False
144,154,10,-2.445117258300781,False
98,111,13,-2.445423086242676,False
31,143,112,-2.445732520599365,False
116,130,14,-2.4459990849304196,False
56,80,24,-2.44615356628418,False
24,60,36,-2.446423820037842,False
41,105,64,-2.4464727407836913,False
93,124,31,-2.4467697540283204,False
26,44,18,-2.4471485751342774,False
84,98,14,-2.4472030140686036,False
26,120,94,-2.44723182723999,False
85,103,18,-2.4476153851318356,False
149,156,7,-2.448002217102051,False
66,85,19,-2.4480258715820313,False
41,76,35,-2.4485770117187498,False
130,154,24,-2.448922074279785,False
23,48,25,-2.449129101715088,False
45,150,105,-2.4491776631164552,False
21,50,29,-2.449332102203369,False
104,115,11,-2.4493774618530275,False
24,158,134,-2.4500197204589846,False
19,97,78,-2.4502688493347167,False
15,43,28,-2.450386424102783,False
68,86,18,-2.450437837982178,False
37,107,70,-2.450663558502197,False
73,93,20,-2.451050003356934,False
84,110,26,-2.4513347758483888,False
55,98,43,-2.4515317820739746,False
61,158,97,-2.4516136773681643,False
11,158,147,-2.451803220977783,False
55,84,29,-2.4520723150634764,False
57,158,101,-2.4523412849426274,False
58,107,49,-2.4525781298828124,False
84,102,18,-2.452830191040039,False
44,157,113,-2.453160458679199,False
89,156,67,-2.453230288085938,False
54,89,35,-2.4536966377258302,False
18,52,34,-2.4537871104431153,False
4,84,80,-2.453815633544922,False
1,74,73,-2.4539692933654784,False
117,132,15,-2.4542465353393554,False
76,90,14,-2.454282788696289,False
78,109,31,-2.4543433283996583,False
96,128,32,-2.454674597930908,False
43,155,112,-2.4548150588989257,False
19,96,77,-2.454925408782959,False
1,56,55,-2.4555288079833986,False
87,105,18,-2.4556376522827152,False
30,91,61,-2.455733532409668,False
124,140,16,-2.455784196929932,False
27,36,9,-2.455857481689453,False
16,98,82,-2.456162679748535,False
94,126,32,-2.4562850706481933,False
37,110,73,-2.456328147735596,False
92,115,23,-2.456417554473877,False
24,47,23,-2.4564188426208498,False
122,140,18,-2.456637681732178,False
103,121,18,-2.4566497454833987,False
45,124,79,-2.456737142944336,False
130,153,23,-2.4567420190429687,False
22,54,32,-2.4568392150878906,False
41,106,65,-2.456974566345215,False
16,53,37,-2.4571061235046385,False
28,97,69,-2.457107639770508,False
22,125,103,-2.4571602377319337,False
126,138,12,-2.4575589877319337,False
39,155,116,-2.4578054383850096,False
72,103,31,-2.458015543670654,False
8,103,95,-2.4582433111572266,False
10,100,90,-2.4583691874694824,False
58,98,40,-2.458432977600098,False
97,115,18,-2.4586463101196285,False
63,106,43,-2.4586611492919923,False
84,103,19,-2.4587478495788573,False
40,78,38,-2.4588257389831543,False
84,97,13,-2.4588509692382816,False
59,100,41,-2.4593415924072266,False
51,92,41,-2.459472234954834,False
33,96,63,-2.4595630839538574,False
52,91,39,-2.459885532531738,False
32,107,75,-2.4599437857055664,False
54,90,36,-2.4603268951416015,False
97,114,17,-2.460488609313965,False
108,120,12,-2.4609752253723145,False
88,106,18,-2.4610697518920897,False
27,61,34,-2.46139498626709,False
30,44,14,-2.461408923034668,False
142,155,13,-2.4619371444702147,False
5,85,80,-2.4622490731811526,False
16,54,38,-2.462724596405029,False
22,112,90,-2.4629734713745117,False
54,110,56,-2.4630047091674805,False
87,110,23,-2.463042935638428,False
39,64,25,-2.463067771911621,False
117,158,41,-2.4632607098388672,False
79,158,79,-2.4632619245910643,False
14,152,138,-2.463299908294678,False
27,47,20,-2.463320353393555,False
35,154,119,-2.4634468264770506,False
67,101,34,-2.4636519415283202,False
136,145,9,-2.4638384939575197,False
94,117,23,-2.463869079589844,False
112,138,26,-2.464001910095215,False
73,92,19,-2.46415063293457,False
53,97,44,-2.4643198277282714,False
14,158,144,-2.464579930419922,False
1,55,54,-2.4647886843872073,False
16,146,130,-2.464967417907715,False
12,92,80,-2.4651016940307615,False
88,156,68,-2.465115243225098,False
122,139,17,-2.465453768157959,False
97,112,15,-2.4664406857299808,False
22,57,35,-2.466964309082031,False
56,79,23,-2.4669949691772457,False
17,50,33,-2.4670636940002444,False
78,110,32,-2.4670821798706055,False
83,157,74,-2.4678064743041994,False
77,157,80,-2.468039769287109,False
126,144,18,-2.4681297611999513,False
111,138,27,-2.4681728338623046,False
50,100,50,-2.4685007342529297,False
92,123,31,-2.468778034057617,False
130,141,11,-2.46884914352417,False
64,106,42,-2.4692093884277346,False
55,97,42,-2.4692297088623048,False
87,156,69,-2.469517723236084,False
126,139,13,-2.4700544650268554,False
4,151,147,-2.47018986038208,False
29,47,18,-2.4702439035034183,False
86,99,13,-2.4702483290100097,False
29,135,106,-2.470248694152832,False
72,90,18,-2.4706629389953614,False
104,121,17,-2.470663707580566,False
102,131,29,-2.4707385600280762,False
32,89,57,-2.470966326599121,False
14,50,36,-2.471259187927246,False
25,45,20,-2.4713376373291016,False
57,99,42,-2.471463282318115,False
26,47,21,-2.4715074389648435,False
98,129,31,-2.4718341534423827,False
9,129,120,-2.4721373464965817,False
88,110,22,-2.472150329284668,False
70,98,28,-2.4722515248107912,False
99,112,13,-2.4728983557128905,False
38,111,73,-2.473461986083984,False
47,78,31,-2.473600255432129,False
121,140,19,-2.473635590209961,False
54,100,46,-2.473875133972168,False
22,158,136,-2.4742318074035645,False
27,40,13,-2.4742811660766604,False
84,157,73,-2.4743727296447755,False
86,101,15,-2.4744367762756347,False
55,99,44,-2.4745871920776366,False
26,45,19,-2.4750174111938477,False
73,91,18,-2.4750523847961423,False
27,39,12,-2.4754151095581056,False
21,157,136,-2.4754667709350584,False
95,127,32,-2.4756165466308593,False
125,140,15,-2.4756626193237303,False
2,136,134,-2.4758063471984864,False
86,113,27,-2.4759083311462406,False
68,91,23,-2.476196025238037,False
90,156,66,-2.4766781549072268,False
4,60,56,-2.476888324584961,False
22,51,29,-2.476912850646973,False
73,94,21,-2.4769982351684567,False
99,118,19,-2.4770867349243164,False
45,158,113,-2.4773064366149904,False
68,92,24,-2.4773241204833987,False
84,101,17,-2.477396568145752,False
35,82,47,-2.47748110168457,False
69,85,16,-2.4776767004394533,False
65,93,28,-2.4776969902038575,False
69,102,33,-2.4777418966674807,False
101,131,30,-2.4778441186523437,False
10,157,147,-2.4779426432800293,False
105,116,11,-2.4780494525146484,False
20,48,28,-2.4781578091430663,False
3,40,37,-2.4781675076293945,False
103,133,30,-2.47849373626709,False
38,96,58,-2.4787161456298827,False
12,132,120,-2.4790012867736815,False
128,141,13,-2.47907305770874,False
30,107,77,-2.479102779083252,False
35,61,26,-2.4791765824890137,False
12,98,86,-2.4792075309753416,False
29,45,16,-2.479756467590332,False
55,108,53,-2.4801914639282225,False
125,143,18,-2.480301286010742,False
85,102,17,-2.4803333155822758,False
100,119,19,-2.4803753906250003,False
8,131,123,-2.4806205473327636,False
87,101,14,-2.4806307667541505,False
109,120,11,-2.4807958598327637,False
146,154,8,-2.4808757272338866,False
14,92,78,-2.4808895083618165,False
66,103,37,-2.480925993041992,False
15,92,77,-2.481066821899414,False
2,79,77,-2.4811621783447264,False
77,158,81,-2.481336544647217,False
20,127,107,-2.481495267791748,False
117,131,14,-2.481510699920654,False
92,120,28,-2.481686099243164,False
119,140,21,-2.4817505308532715,False
92,116,24,-2.481834431915283,False
2,81,79,-2.4820350663757322,False
46,158,112,-2.482314483795166,False
4,61,57,-2.482385032043457,False
68,93,25,-2.4824346656799317,False
77,109,32,-2.4824711531066894,False
123,152,29,-2.4827659481811524,False
30,116,86,-2.4830882847595217,False
125,142,17,-2.4832331607055664,False
31,144,113,-2.483989984741211,False
120,134,14,-2.484385222167969,False
77,89,12,-2.4844792538452145,False
118,154,36,-2.484544768066406,False
16,145,129,-2.484584429016113,False
53,109,56,-2.4848555911254886,False
14,53,39,-2.485047786102295,False
47,103,56,-2.485193908996582,False
72,94,22,-2.485411398010254,False
23,45,22,-2.4854455926513674,False
14,131,117,-2.4854476782226564,False
16,129,113,-2.4862979833984378,False
27,45,18,-2.4863607421875,False
16,155,139,-2.4864992199707032,False
83,101,18,-2.4865160160827635,False
64,86,22,-2.4869592456054685,False
77,110,33,-2.4871465884399413,False
37,154,117,-2.487290474090576,False
115,132,17,-2.4873877922058107,False
34,141,107,-2.4875520820617676,False
1,48,47,-2.487844378967285,False
41,67,26,-2.4879422357177736,False
54,87,33,-2.488053419189453,False
53,98,45,-2.4880630337524416,False
122,138,16,-2.4883218218994143,False
47,102,55,-2.4884249066162107,False
100,157,57,-2.488548229522705,False
28,118,90,-2.4887031132507325,False
61,107,46,-2.4888878564453125,False
21,43,22,-2.488986788787842,False
5,84,79,-2.489223041381836,False
35,139,104,-2.4893790112304686,False
7,152,145,-2.489480469818115,False
125,157,32,-2.4895319595336916,False
28,41,13,-2.4896853776550296,False
81,157,76,-2.490095129699707,False
5,135,130,-2.4901497456359865,False
112,145,33,-2.4901906851196287,False
14,155,141,-2.49036308013916,False
21,141,120,-2.4905291482543945,False
88,101,13,-2.4905644088745116,False
21,45,24,-2.4909766651916505,False
27,97,70,-2.491095602264404,False
46,157,111,-2.4912726356506347,False
126,145,19,-2.4913881506347657,False
55,109,54,-2.491524217376709,False
26,36,10,-2.4916781158447265,False
11,156,145,-2.491687858886719,False
57,109,52,-2.491759644470215,False
68,101,33,-2.4917954386901853,False
20,52,32,-2.4922258859252926,False
87,99,12,-2.4924042515563967,False
57,107,50,-2.492491231689453,False
124,148,24,-2.4924946533203127,False
31,115,84,-2.492759083557129,False
125,158,33,-2.492993787536621,False
149,155,6,-2.4930331913757326,False
74,158,84,-2.4934159718322753,False
31,146,115,-2.493812958831787,False
116,156,40,-2.4940230487060546,False
54,108,54,-2.4940969874572754,False
12,29,17,-2.4945487057495117,False
88,108,20,-2.4945547822570804,False
77,90,13,-2.4949517749023435,False
11,98,87,-2.4953019435119628,False
66,86,20,-2.4953768534851073,False
5,136,131,-2.49565022064209,False
142,158,16,-2.495871545715332,False
13,28,15,-2.4962658877563477,False
1,54,53,-2.4964470138549806,False
60,109,49,-2.4966264706420898,False
147,156,9,-2.4966375004577634,False
20,158,138,-2.4969959478759765,False
74,156,82,-2.4972698052978517,False
90,157,67,-2.49731394241333,False
17,98,81,-2.4976197924804686,False
25,35,10,-2.497681983337402,False
135,144,9,-2.497798416290283,False
21,57,36,-2.49828865814209,False
97,116,19,-2.4983047735595703,False
97,117,20,-2.498503465118408,False
147,157,10,-2.4985696214294437,False
54,106,52,-2.4987722958374023,False
21,156,135,-2.498849535217285,False
46,107,61,-2.498856578826904,False
101,114,13,-2.499663092651367,False
26,61,35,-2.50018739074707,False
27,120,93,-2.5003952339172364,False
74,157,83,-2.500497882385254,False
20,157,137,-2.5005046192932125,False
45,109,64,-2.5006211782836916,False
110,137,27,-2.5007508326721193,False
86,98,12,-2.5010108483886717,False
11,155,144,-2.5014020318603514,False
60,158,98,-2.501432623748779,False
85,98,13,-2.5019820838928224,False
23,139,116,-2.502009278564453,False
115,135,20,-2.5024599516296386,False
85,101,16,-2.5026655966186526,False
38,154,116,-2.5026913732910154,False
119,134,15,-2.502973188171387,False
76,108,32,-2.503028839416504,False
14,51,37,-2.503230141906738,False
105,120,15,-2.5032685852050784,False
20,46,26,-2.5033591996765137,False
13,92,79,-2.503392529296875,False
16,50,34,-2.5035468447875977,False
67,94,27,-2.5042703855896,False
70,89,19,-2.5054369871520996,False
18,94,76,-2.505656134490967,False
26,43,17,-2.505991174468994,False
44,107,63,-2.5061509477233885,False
32,114,82,-2.506251068725586,False
20,96,76,-2.506260705871582,False
22,56,34,-2.5064172793579105,False
72,158,86,-2.506500510864258,False
117,157,40,-2.5065500167846677,False
50,93,43,-2.5068806562805177,False
46,104,58,-2.5070556086730957,False
107,117,10,-2.5071379623413086,False
45,153,108,-2.507334834747314,False
43,154,111,-2.50738498046875,False
54,102,48,-2.5078971658325195,False
50,92,42,-2.5079918969726562,False
22,55,33,-2.508026964111328,False
19,55,36,-2.5080536073303223,False
90,114,24,-2.5081122285461426,False
56,98,42,-2.5084937089538575,False
24,34,10,-2.5085096588134768,False
7,89,82,-2.508768885498047,False
127,142,15,-2.5090909062194826,False
44,90,46,-2.50935070892334,False
15,131,116,-2.5094761022949217,False
118,134,16,-2.5098270697021485,False
21,52,31,-2.510058158416748,False
81,156,75,-2.5105906533813473,False
42,155,113,-2.5106437927246095,False
29,116,87,-2.5109166976928714,False
14,46,32,-2.5109548904418943,False
102,120,18,-2.5109715043640137,False
45,122,77,-2.5110760496520994,False
17,51,34,-2.5115775163269043,False
56,108,52,-2.511790457763672,False
75,108,33,-2.511805005493164,False
87,100,13,-2.5118768620300296,False
115,157,42,-2.511917836914063,False
79,113,34,-2.5120469583129883,False
1,52,51,-2.512477011413574,False
38,110,72,-2.5126092768859865,False
48,142,94,-2.513143847961426,False
22,96,74,-2.5132654592895505,False
13,156,143,-2.5136448391723634,False
35,138,103,-2.5136463899230956,False
49,93,44,-2.513801529998779,False
37,108,71,-2.513845895996094,False
2,41,39,-2.513861704711914,False
64,91,27,-2.5138795210266114,False
68,88,20,-2.51406049621582,False
36,96,60,-2.514241328277588,False
86,112,26,-2.514621177368164,False
6,134,128,-2.514908427886963,False
41,101,60,-2.5149957759094237,False
23,44,21,-2.515010313110351,False
25,110,85,-2.515581274719238,False
68,87,19,-2.516004872894287,False
20,45,25,-2.51605076751709,False
4,137,133,-2.516123679046631,False
105,133,28,-2.516325792388916,False
45,120,75,-2.5163836514282227,False
10,29,19,-2.5167073713684083,False
10,99,89,-2.516929666290283,False
106,153,47,-2.517319073486328,False
11,157,146,-2.5174260140991214,False
15,56,41,-2.517550305633545,False
7,134,127,-2.517815105285645,False
57,108,51,-2.518203430633545,False
42,107,65,-2.518277301330566,False
59,158,99,-2.5185108802795413,False
22,140,118,-2.5186890530395507,False
21,96,75,-2.5188787268066406,False
112,142,30,-2.519424769744873,False
123,135,12,-2.5199719302368164,False
115,134,19,-2.5201252474975586,False
106,120,14,-2.520157197418213,False
26,96,70,-2.5202202416992185,False
92,117,25,-2.520339408569336,False
55,107,52,-2.5203821685791015,False
58,104,46,-2.5206775340270995,False
78,156,78,-2.5209649005126953,False
21,51,30,-2.521489175567627,False
73,105,32,-2.521522727508545,False
18,54,36,-2.5219875241088867,False
61,108,47,-2.5221542108154296,False
16,31,15,-2.5223324411010744,False
17,142,125,-2.5223555380249025,False
46,105,59,-2.5224231294250488,False
1,51,50,-2.5227748416137694,False
116,155,39,-2.5229443434143066,False
14,54,40,-2.5234078324890135,False
88,113,25,-2.5234646311950684,False
28,61,33,-2.5236179803466796,False
54,101,47,-2.5239375729370117,False
11,152,141,-2.524059497680664,False
75,156,81,-2.5241648831176757,False
16,144,128,-2.5242222177124023,False
116,158,42,-2.524263967895508,False
75,157,82,-2.524624939575195,False
57,102,45,-2.5248851162719728,False
37,109,72,-2.525769432678223,False
59,101,42,-2.5257721835327147,False
123,137,14,-2.5259965856933593,False
2,42,40,-2.526588217773438,False
34,140,106,-2.5267822183227535,False
56,106,50,-2.526908162536621,False
21,54,33,-2.5270917094421383,False
52,112,60,-2.5272387574768067,False
14,52,38,-2.527254359588623,False
2,148,146,-2.527328993988037,False
18,99,81,-2.5274928799438476,False
14,31,17,-2.5277078298950193,False
148,156,8,-2.5277459480285644,False
65,86,21,-2.5285388427734374,False
58,101,43,-2.5286276037597655,False
119,133,14,-2.528958604736328,False
15,30,15,-2.5289933990478515,False
34,83,49,-2.5291366543579104,False
146,155,9,-2.52920643951416,False
54,105,51,-2.529207579345703,False
40,103,63,-2.5294411445617677,False
44,88,44,-2.529474790344238,False
67,86,19,-2.52974700088501,False
66,93,27,-2.530154018096924,False
125,144,19,-2.5304746600341796,False
103,115,12,-2.5305725820922853,False
125,145,20,-2.5308986135864258,False
20,98,78,-2.531011965942383,False
4,136,132,-2.5310239640808105,False
93,126,33,-2.531250598602295,False
87,106,19,-2.5313959257507324,False
43,153,110,-2.5314387573242185,False
50,76,26,-2.531714140167236,False
17,94,77,-2.5319179031372068,False
44,84,40,-2.532516739654541,False
17,93,76,-2.532558425140381,False
2,120,118,-2.532885316162109,False
2,61,59,-2.5328964627075194,False
14,113,99,-2.5329243023681642,False
112,141,29,-2.532977169494629,False
63,88,25,-2.533048221435547,False
27,135,108,-2.533152107849121,False
18,30,12,-2.5333537091064455,False
31,134,103,-2.5334079586791995,False
59,108,49,-2.53344805847168,False
65,105,40,-2.5335337225341794,False
16,92,76,-2.533949627685547,False
99,113,14,-2.533982067565918,False
4,62,58,-2.5340048977661134,False
82,155,73,-2.5340204640197754,False
80,157,77,-2.534050147399902,False
99,117,18,-2.5342596795654293,False
26,37,11,-2.5342852508544924,False
74,107,33,-2.5343676951599123,False
9,130,121,-2.534759384155273,False
32,143,111,-2.534920664215088,False
69,101,32,-2.5350753662109375,False
56,109,53,-2.5352412771606447,False
75,158,83,-2.5354559667968752,False
87,113,26,-2.535633596038818,False
107,120,13,-2.5365174270629884,False
120,139,19,-2.5365224533081054,False
54,107,53,-2.5369101235961913,False
60,134,74,-2.537088394165039,False
79,86,7,-2.537187543945312,False
88,111,23,-2.5375434982299803,False
40,66,26,-2.537792877655029,False
30,60,30,-2.5381658779907226,False
79,157,78,-2.5382688037109373,False
50,112,62,-2.538482607421875,False
56,107,51,-2.538678318786621,False
59,105,46,-2.538929990234375,False
41,75,34,-2.5393777462768554,False
43,108,65,-2.539440867614746,False
14,149,135,-2.539718864440918,False
86,156,70,-2.540272469024658,False
3,62,59,-2.540332941894531,False
13,27,14,-2.5404792861938477,False
67,85,18,-2.5405605966186524,False
34,114,80,-2.5408197966003416,False
18,44,26,-2.540965358581543,False
25,137,112,-2.541357835998535,False
16,147,131,-2.541600416870117,False
59,104,45,-2.5419527491760254,False
12,156,144,-2.5420118803405765,False
23,46,23,-2.5421479095458985,False
108,135,27,-2.5427926359558106,False
70,91,21,-2.5431095652770996,False
87,107,20,-2.5431299871826174,False
3,119,116,-2.543344431762695,False
99,130,31,-2.5434066778564453,False
96,133,37,-2.5435049949645996,False
36,110,74,-2.5435684507751466,False
17,53,36,-2.543975570526123,False
55,110,55,-2.543997174987793,False
136,146,10,-2.5440212884521487,False
134,144,10,-2.544214065246582,False
15,32,17,-2.5443455572509768,False
10,130,120,-2.544533172607422,False
53,110,57,-2.5446225105285647,False
57,104,47,-2.5447264291381835,False
129,141,12,-2.544929968566895,False
118,140,22,-2.5454279249572753,False
49,76,27,-2.545469860687256,False
5,151,146,-2.5456027241516113,False
20,54,34,-2.5458895207214356,False
77,113,36,-2.546068054199219,False
46,153,107,-2.546181318206787,False
36,113,77,-2.546432184753418,False
47,107,60,-2.546692087249756,False
100,132,32,-2.546787752685547,False
44,156,112,-2.547348793029785,False
2,62,60,-2.5478345227050783,False
57,98,41,-2.547856766357422,False
56,99,43,-2.548039294128418,False
6,87,81,-2.5480476475524902,False
61,109,48,-2.5482384106445313,False
116,132,16,-2.5482813514709473,False
71,101,30,-2.54848545791626,False
9,91,82,-2.548766815032959,False
10,131,121,-2.5487717016601565,False
122,137,15,-2.548945207519531,False
88,112,24,-2.549267567138672,False
16,143,127,-2.549478171691894,False
41,154,113,-2.5497440377807616,False
1,53,52,-2.550432870788574,False
64,87,23,-2.5504887509155276,False
102,133,31,-2.550576346282959,False
40,98,58,-2.550583389129639,False
36,81,45,-2.5507348614501955,False
3,151,148,-2.5508168418884276,False
145,155,10,-2.550818533630371,False
121,139,18,-2.551126479187012,False
1,49,48,-2.5512577783203123,False
13,157,144,-2.551931343231201,False
33,87,54,-2.55221327545166,False
3,135,132,-2.5522146176147458,False
90,115,25,-2.5522455162048336,False
66,104,38,-2.552469082336426,False
49,102,53,-2.5524822088623047,False
21,158,137,-2.5524968792724607,False
11,31,20,-2.552596199951172,False
20,113,93,-2.552657696838379,False
14,98,84,-2.5530811039733887,False
16,51,35,-2.553346212310791,False
104,134,30,-2.5533777206420902,False
71,103,32,-2.553391365814209,False
30,134,104,-2.5534086637878417,False
20,141,121,-2.553607617645264,False
26,121,95,-2.5538248806762693,False
75,110,35,-2.5542825300598144,False
35,137,102,-2.5542862443542482,False
135,145,10,-2.5544554595947266,False
58,100,42,-2.5545162756347657,False
15,55,40,-2.554530435180664,False
47,101,54,-2.5546332398986817,False
14,45,31,-2.554705104675293,False
6,33,27,-2.5547488148498534,False
124,139,15,-2.555028217315674,False
87,108,21,-2.5550675382995607,False
17,129,112,-2.5555726470947264,False
44,87,43,-2.55579858795166,False
16,47,31,-2.5560139762878418,False
31,106,75,-2.5560492657470704,False
87,111,24,-2.5563600485229494,False
69,92,23,-2.5564522393798828,False
98,117,19,-2.5566235162353514,False
54,77,23,-2.55761551574707,False
53,90,37,-2.5576666693115238,False
9,109,100,-2.557807859649658,False
63,87,24,-2.5580437210083007,False
46,106,60,-2.558522733612061,False
16,99,83,-2.5585993293762206,False
120,135,15,-2.558794329071045,False
16,100,84,-2.5589338668823243,False
100,114,14,-2.559562487792969,False
115,137,22,-2.5598210830688477,False
91,114,23,-2.5598456457519534,False
12,31,19,-2.5600239083862304,False
76,158,82,-2.560230858154297,False
51,76,25,-2.5605253927612304,False
57,100,43,-2.5606634469604495,False
16,148,132,-2.5607502694702147,False
44,109,65,-2.5608236306762695,False
57,103,46,-2.560993403930664,False
82,111,29,-2.5610083528137206,False
41,109,68,-2.5611190661621093,False
123,151,28,-2.561260189666748,False
26,136,110,-2.5612883633422854,False
38,108,70,-2.561381947631836,False
121,135,14,-2.5617139346313476,False
20,32,12,-2.561796349334717,False
31,145,114,-2.5619867510986327,False
16,56,40,-2.562025082092285,False
46,81,35,-2.562366032562256,False
21,44,23,-2.5624445390319823,False
55,106,51,-2.5625487301635745,False
51,99,48,-2.562549375152588,False
24,42,18,-2.562810950317383,False
76,157,81,-2.56320094329834,False
19,98,79,-2.5634240995788575,False
70,94,24,-2.563514454345703,False
21,140,119,-2.563514838104248,False
26,35,9,-2.563598635559082,False
2,140,138,-2.56384201751709,False
5,137,132,-2.5639657850646973,False
87,112,25,-2.564246851806641,False
48,77,29,-2.5643931933593747,False
17,48,31,-2.5643989860534666,True
70,92,22,-2.564466308898926,False
29,97,68,-2.5647213558959963,False
127,145,18,-2.565518638763428,False
46,109,63,-2.5656486193847656,False
92,119,27,-2.5657759817504884,False
20,100,80,-2.5662808993530275,False
73,158,85,-2.566339867248535,False
117,133,16,-2.566488515625,False
23,43,20,-2.5665770828247068,False
17,47,30,-2.5674396852111814,False
26,95,69,-2.5676624818420413,False
40,70,30,-2.5677308676147463,False
1,50,49,-2.5678320660400393,False
125,137,12,-2.568428258972168,False
129,154,25,-2.5685921524047854,False
76,110,34,-2.568667478942871,False
104,120,16,-2.5687842126464844,False
69,89,20,-2.5688225988769533,False
23,111,88,-2.569103402252197,False
3,120,117,-2.5692390908813474,False
13,153,140,-2.569555735015869,False
132,143,11,-2.569754226074219,False
32,144,112,-2.5698517376708985,False
122,136,14,-2.5700062843322753,False
47,79,32,-2.5701419552612306,False
91,158,67,-2.570180484466553,False
35,97,62,-2.570702845916748,False
69,93,24,-2.5708034350585938,False
46,150,104,-2.571049516906738,False
49,101,52,-2.5716545092773435,False
80,156,76,-2.5717965927124022,False
46,122,76,-2.5719522111511233,False
142,156,14,-2.5723716870117186,False
98,116,18,-2.5724843884277346,False
94,133,39,-2.5725903549194333,False
52,110,58,-2.5726335424804687,False
57,110,53,-2.572633992919922,False
99,114,15,-2.572927733154297,False
16,29,13,-2.5731128248596193,False
16,149,133,-2.5732038317871093,False
12,99,87,-2.573278293304443,False
91,116,25,-2.573664562835693,False
45,157,112,-2.5744660496520995,False
32,151,119,-2.575204220123291,False
46,120,74,-2.575241967926025,False
119,139,20,-2.5753088464355467,False
133,144,11,-2.5753889581298828,False
11,99,88,-2.575396901550293,False
9,151,142,-2.5757733645629886,False
33,107,74,-2.5759371237182616,False
46,124,78,-2.5760715081787113,False
70,93,23,-2.5768184985351565,False
33,135,102,-2.5769766610717775,False
99,116,17,-2.577397328491211,False
36,111,75,-2.5774479412841798,False
70,90,20,-2.5776483206176755,False
64,107,43,-2.577744501647949,False
43,123,80,-2.577775782165527,False
45,108,63,-2.5777859213256837,False
143,156,13,-2.5778803131103514,False
78,113,35,-2.5779156567382815,False
33,134,101,-2.578063269805908,False
130,142,12,-2.5780717834472657,False
25,122,97,-2.5780963418579104,False
28,135,107,-2.578228150024414,False
57,101,44,-2.5783363882446286,False
101,133,32,-2.578338613739014,False
98,118,20,-2.5784281182861326,False
41,69,28,-2.578479143371582,False
143,155,12,-2.578523114929199,False
38,109,71,-2.578607396850586,False
47,93,46,-2.5788684648132323,False
44,123,79,-2.5789707266235355,False
34,136,102,-2.5795807946777343,False
41,71,30,-2.57972303314209,False
69,91,22,-2.5797552822875978,False
121,136,15,-2.579984732818603,False
53,112,59,-2.580239414367676,False
147,155,8,-2.580541663208008,False
32,146,114,-2.581177137756348,False
69,94,25,-2.5813750605773924,False
42,154,112,-2.581404826965332,False
20,51,31,-2.581696464996338,False
16,130,114,-2.5817177404785157,False
53,106,53,-2.5817952740478516,False
38,153,115,-2.5821342575073243,False
77,156,79,-2.582776183166504,False
122,135,13,-2.582878016204834,False
85,156,71,-2.583159792175293,False
32,145,113,-2.583205594482422,False
20,47,27,-2.583214471130371,False
2,60,58,-2.58323118560791,False
9,101,92,-2.5832767501831055,False
23,58,35,-2.5837870092773434,False
46,156,110,-2.5838813433837893,False
69,158,89,-2.5840216436767576,False
128,155,27,-2.58413791015625,False
50,91,41,-2.58427633895874,False
54,113,59,-2.5843882273864747,False
14,43,29,-2.5844191966247556,False
73,104,31,-2.5844894564819336,False
91,156,65,-2.5845971842956543,False
62,108,46,-2.5847208038330076,False
91,115,24,-2.5847827418518063,False
46,108,62,-2.5848677142333982,False
115,133,18,-2.5851516784667967,False
19,99,80,-2.5853051275634766,False
21,55,34,-2.5854265441894535,False
6,151,145,-2.5860695474243167,False
13,158,145,-2.586348000793457,False
72,105,33,-2.586434653625488,False
43,109,66,-2.5866676214599607,False
92,124,32,-2.5866903939819337,False
2,119,117,-2.5868119979858397,False
120,155,35,-2.586992090759277,False
44,138,94,-2.58729566986084,False
4,59,55,-2.5874535342407228,False
8,104,96,-2.587619267272949,False
63,107,44,-2.5878655963134767,False
15,99,84,-2.587996279296875,False
64,88,24,-2.5883744830322266,False
120,156,36,-2.5884202828979492,False
5,37,32,-2.5890437425231934,False
2,151,149,-2.5892383352661135,False
79,156,77,-2.589470342712402,False
21,97,76,-2.5895586515808104,False
15,114,99,-2.5896262255859375,False
27,41,14,-2.589730844726563,False
58,108,50,-2.589858001708984,False
3,42,39,-2.59053389831543,False
14,47,33,-2.5909448165893556,False
81,158,77,-2.5910021507263186,False
111,147,36,-2.5912416442871096,False
46,112,66,-2.5913379653930666,False
119,155,36,-2.5913727252197267,False
84,156,72,-2.5916941790771486,False
146,156,10,-2.5922972909545896,False
41,70,29,-2.5923172265625,False
100,131,31,-2.592518388519287,False
17,54,37,-2.5927324192810057,False
18,93,75,-2.592912124176025,False
80,158,78,-2.593131134033203,False
45,154,109,-2.593163068847656,False
13,98,85,-2.5933083181762697,False
45,156,111,-2.59338594833374,False
17,52,35,-2.5935925843811036,False
90,116,26,-2.593639006958008,False
15,57,42,-2.593793063659668,False
15,100,85,-2.5940118263244627,False
76,109,33,-2.5942622839355467,False
4,37,33,-2.5943816673278812,False
55,100,45,-2.5943866302490237,False
44,139,95,-2.5946746551513673,False
31,88,57,-2.595014994812012,False
101,156,55,-2.5953383306884765,False
32,133,101,-2.5958217500305176,False
41,68,27,-2.5959180067443848,False
56,105,49,-2.5960095184326173,False
12,158,146,-2.5961968453979494,False
40,71,31,-2.5966340087890627,False
92,118,26,-2.596886580505371,False
4,138,134,-2.5969559675598144,False
48,143,95,-2.597200393676758,False
124,136,12,-2.5972401161193845,False
104,116,12,-2.5973680856323242,False
68,90,22,-2.597432696228027,False
8,102,94,-2.5975539416503906,False
51,91,40,-2.5978369219970703,False
73,106,33,-2.598067036285401,False
46,121,75,-2.5987048387145997,False
89,114,25,-2.598774800567627,False
124,150,26,-2.599159162597656,False
40,67,27,-2.5992505964660646,False
24,110,86,-2.5993236154174806,False
76,156,80,-2.5998915661621096,False
95,133,38,-2.599957128601074,False
44,155,111,-2.5999977017211915,False
46,142,96,-2.600178142852783,False
47,142,95,-2.6005760887145994,False
63,89,26,-2.6006272470092773,False
35,106,71,-2.600694029693604,False
123,136,13,-2.6007043913269046,False
32,115,83,-2.600834196777344,False
87,153,66,-2.6010164694213866,False
50,101,51,-2.601274557342529,False
37,113,76,-2.60136702331543,False
125,139,14,-2.6013816326904298,False
5,150,145,-2.6015507513427734,False
12,153,141,-2.601573180389404,False
15,91,76,-2.601741063537598,False
26,108,82,-2.6018465341186525,False
97,133,36,-2.602021273193359,False
40,155,115,-2.602030155029297,False
117,139,22,-2.6021933305358886,False
63,90,27,-2.60265405166626,False
127,143,16,-2.6028854554748535,False
5,38,33,-2.6031570414733887,False
24,137,113,-2.603168993225098,False
21,56,35,-2.6035516622924804,False
31,116,85,-2.603563516082764,False
17,30,13,-2.603684013977051,False
18,55,37,-2.6038265100097657,False
18,141,123,-2.6038409936523434,False
60,133,73,-2.604164765930176,False
11,151,140,-2.604191221923828,False
145,156,11,-2.6044757690429687,False
30,117,87,-2.6046447207641603,False
39,154,115,-2.6048774267578123,False
45,110,65,-2.6048823562622068,False
27,121,94,-2.6051437017822265,False
2,150,148,-2.605481145324707,False
25,42,17,-2.6055024700927736,False
70,100,30,-2.6058820344543454,False
16,52,36,-2.606066815185547,False
41,153,112,-2.60606704498291,False
110,150,40,-2.6062428176879884,False
11,57,46,-2.6062502154541014,False
112,144,32,-2.606396422729492,False
90,155,65,-2.6067884129333496,False
48,141,93,-2.6070556837463377,False
47,109,62,-2.6076493478393554,False
141,157,16,-2.6078519119262693,False
2,141,139,-2.6082327723693846,False
136,149,13,-2.608305371398926,False
140,157,17,-2.608398840637207,False
22,126,104,-2.6084307598876952,False
65,92,27,-2.608694341430664,False
7,88,81,-2.608888214416504,False
4,148,144,-2.609572446594238,False
100,158,58,-2.60958935470581,False
14,30,16,-2.6100028738403322,False
20,55,35,-2.6100701699829103,False
41,72,31,-2.610391456451416,False
19,141,122,-2.610412313537598,False
49,112,63,-2.610525002441406,False
61,157,96,-2.610715686035156,False
34,142,108,-2.6107569050598145,False
36,154,118,-2.610994410400391,False
25,109,84,-2.610997597961426,False
49,91,42,-2.611044864654541,False
52,99,47,-2.611109403991699,False
18,43,25,-2.611425461883545,False
75,109,34,-2.6116776553344727,False
41,107,66,-2.6117279624938967,False
15,149,134,-2.61247453125,False
2,147,145,-2.6126025270080566,False
42,153,111,-2.6127501171875,False
40,77,37,-2.6127620164489747,False
7,33,26,-2.6129514135742187,False
52,90,38,-2.6129678750610354,False
12,152,140,-2.61301775390625,False
29,92,63,-2.6130525271606446,False
99,157,58,-2.6130873263549805,False
107,118,11,-2.613221738433838,False
14,44,30,-2.613536885070801,False
3,41,38,-2.61386796661377,False
44,142,98,-2.6139504151916504,False
37,112,75,-2.6141074867248535,False
9,57,48,-2.614372304382324,False
14,100,86,-2.6144538436889646,True
3,82,79,-2.6147064237976076,False
42,139,97,-2.614706974182129,False
18,100,82,-2.614768131713867,False
70,158,88,-2.614829072113037,False
19,100,81,-2.6150823583984377,False
68,89,21,-2.6152675613403322,False
44,85,41,-2.6154023445129395,False
29,93,64,-2.6155397093200685,False
12,157,145,-2.61574194442749,False
34,152,118,-2.6158754438781737,False
11,111,100,-2.6163398974609375,False
45,88,43,-2.616358664245605,False
16,55,39,-2.616445881500244,False
36,139,103,-2.616470137939453,False
47,108,61,-2.616806268005371,False
67,93,26,-2.6168098303222656,False
54,112,58,-2.6168390255737304,False
7,132,125,-2.6169392262268065,False
116,138,22,-2.6172046812438965,False
122,156,34,-2.6173269381713866,False
60,137,77,-2.6174004528808594,False
61,156,95,-2.6177875074768067,False
32,88,56,-2.6178211013793944,False
73,157,84,-2.617843360595703,False
51,112,61,-2.618865478668213,False
97,130,33,-2.6191829632568355,False
53,108,55,-2.619266075744629,False
14,148,134,-2.619376563720703,False
58,109,51,-2.6193936434936527,False
3,60,57,-2.6198509310913085,False
55,142,87,-2.6200095407104493,False
125,156,31,-2.620018938293457,False
48,103,55,-2.6204827423095702,False
35,81,46,-2.620496127624512,False
41,74,33,-2.6205823257446292,False
147,154,7,-2.6207361398315427,False
2,149,147,-2.6207369534301757,False
103,116,13,-2.6211142178344726,False
27,107,80,-2.621155116882324,False
59,109,50,-2.6213701443481447,False
12,100,88,-2.621402352600098,False
45,112,67,-2.6214371368408202,False
45,146,101,-2.621472440185547,False
21,112,91,-2.621569233703613,False
116,157,41,-2.621598562927246,False
43,113,70,-2.621916029663086,False
2,139,137,-2.6219815881347657,False
52,142,90,-2.622047346801758,False
45,155,110,-2.62240887588501,False
106,154,48,-2.622552721252441,False
46,146,100,-2.62260315032959,False
25,108,83,-2.6229880839538575,False
45,121,76,-2.6229898512268064,False
3,138,135,-2.6232700318908693,False
39,107,68,-2.6233683345031737,False
5,149,144,-2.6235384271240236,False
22,139,117,-2.6235543531799315,False
52,76,24,-2.6237380218505857,False
48,144,96,-2.6237430500793457,False
6,135,129,-2.623764446868896,False
3,61,58,-2.623884594116211,False
68,122,54,-2.6239872814941405,False
53,105,52,-2.624076957397461,False
49,142,93,-2.624086344604492,False
44,150,106,-2.6241947862243653,False
62,158,96,-2.624229016723633,False
51,100,49,-2.624299543457031,False
55,102,47,-2.6243915258789063,False
18,31,13,-2.6245524493408205,False
107,119,12,-2.6247787863159178,False
121,154,33,-2.6250003466796876,False
10,150,140,-2.6250167733764647,False
100,118,18,-2.6250492004394532,False
72,104,32,-2.625208620452881,False
12,154,142,-2.6252978622436522,False
44,154,110,-2.625326854095459,False
103,120,17,-2.6253903413391115,False
62,109,47,-2.6255314688110354,False
7,57,50,-2.6256468286132812,False
124,153,29,-2.6256862515258788,False
127,144,17,-2.62571746963501,False
14,32,18,-2.6258753771972656,False
28,98,70,-2.625973080596924,False
26,122,96,-2.6261077937316895,False
121,138,17,-2.626281561279297,False
3,148,145,-2.6262884561157227,False
79,112,33,-2.6267673477172853,False
12,57,45,-2.6268835708618163,False
44,153,109,-2.6274864367675783,False
6,150,144,-2.6276719943237303,False
7,34,27,-2.627792446899414,False
136,148,12,-2.62796090423584,False
86,153,67,-2.628210846557617,False
15,143,128,-2.628521762390137,False
57,157,100,-2.6286051965332033,False
33,152,119,-2.628628927154541,False
81,155,74,-2.6287830123901363,False
61,134,73,-2.6288800851440426,False
89,155,66,-2.6290097215270998,False
10,151,141,-2.629299792175293,False
45,151,106,-2.6296200247192383,False
49,77,28,-2.630202185974121,False
37,153,116,-2.6307687948608396,False
16,48,32,-2.630932464447022,False
101,119,18,-2.6309393884277346,False
36,112,76,-2.6309429690551758,False
29,134,105,-2.631064673156738,False
13,150,137,-2.6310798886108397,False
124,138,14,-2.63111768951416,False
96,130,34,-2.631284599609375,False
11,132,121,-2.6313093867492676,False
24,123,99,-2.6315291654968265,False
8,133,125,-2.6315381033325194,False
136,147,11,-2.631630196533203,False
45,142,97,-2.6318782556152343,False
11,56,45,-2.632209038391113,False
119,135,16,-2.6324219366455077,False
41,110,69,-2.6325203430175783,False
51,110,59,-2.6326114585876463,False
38,113,75,-2.632674806518555,False
17,100,83,-2.6328320262146,False
33,86,53,-2.632912253417969,False
85,111,26,-2.6331520964050292,False
91,155,64,-2.633203680419922,False
56,158,102,-2.63332100479126,False
40,69,29,-2.633381657104492,False
125,146,21,-2.633640150909424,False
19,44,25,-2.634020042724609,False
47,112,65,-2.6343936657714844,False
118,158,40,-2.634500427551269,False
44,108,64,-2.6345034075927733,False
16,44,28,-2.6349761497497557,False
9,30,21,-2.635119507446289,False
98,113,15,-2.6352839712524414,False
2,59,57,-2.6353622177124025,False
42,138,96,-2.635534600830078,False
38,80,42,-2.635816951904297,False
26,42,16,-2.6361372302246098,False
68,123,55,-2.6362363229370116,False
82,113,31,-2.6362366957092283,False
102,115,13,-2.6362528591918943,False
17,31,14,-2.636300758972168,False
79,111,32,-2.636398212585449,False
43,124,81,-2.6364033322143556,False
8,151,143,-2.6364768518066404,False
66,105,39,-2.636746709289551,False
30,98,68,-2.637265056610107,False
78,112,34,-2.6372807299804686,False
11,47,36,-2.6373121902465817,False
55,78,23,-2.6376141561889646,False
129,142,13,-2.638126337585449,False
120,138,18,-2.6384709017944337,False
25,96,71,-2.6385469902038574,False
92,155,63,-2.6385995695495605,False
8,57,49,-2.638665022583008,False
17,56,39,-2.638674928894043,False
52,102,50,-2.639041996154785,False
120,136,16,-2.6390495668029788,False
9,32,23,-2.6390874481201174,False
121,137,16,-2.6391703028869626,False
4,40,36,-2.6394397033691406,False
34,151,117,-2.6395848614501953,False
38,106,68,-2.63981939743042,False
10,91,81,-2.6398624114990232,False
45,152,107,-2.6399048902893067,False
25,36,11,-2.6399163351440427,False
108,136,28,-2.640232803955078,False
126,153,27,-2.640410668945312,False
33,85,52,-2.640793996582031,False
20,57,37,-2.6408534942626956,False
56,100,44,-2.6409508361816405,False
35,153,118,-2.640995849609375,False
15,146,131,-2.6410126434326173,False
34,134,100,-2.6414678459167478,False
53,99,46,-2.641504144897461,False
53,113,60,-2.6415757646179197,False
53,88,35,-2.641693112792969,False
37,96,59,-2.641778238372803,False
44,137,93,-2.6419135641479494,False
52,111,59,-2.6420693585205077,False
20,94,74,-2.6420853593444824,False
21,95,74,-2.6422926022338866,False
46,154,108,-2.6426430674743653,False
119,156,37,-2.642721329650879,False
20,99,79,-2.6427223347473143,False
89,115,26,-2.6427240553283693,False
42,109,67,-2.6432689794921873,False
127,153,26,-2.6433698751831054,False
18,114,96,-2.6433771694946286,False
99,115,16,-2.6433896557617187,False
53,77,24,-2.6434214418029787,False
47,106,59,-2.6436826593017577,False
55,101,46,-2.6439724334716797,False
122,157,35,-2.6441343087768554,False
89,116,27,-2.6441528588867187,False
115,136,21,-2.6441873767089845,False
134,145,11,-2.644492139892578,False
41,138,97,-2.644503653259277,False
125,138,13,-2.645271799926758,False
13,154,141,-2.6456189393615723,False
17,99,82,-2.6456494332885745,False
17,92,75,-2.645815565185547,False
34,135,101,-2.6460271255493164,False
17,44,27,-2.646436101074219,False
11,100,89,-2.6465672325134277,False
5,59,54,-2.6465726098632816,False
83,156,73,-2.6466821783447267,False
55,81,26,-2.6470315310668946,False
13,131,118,-2.647241389312744,False
144,155,11,-2.6473003674316407,False
2,78,76,-2.647309715270996,False
143,158,15,-2.647387742614746,False
98,112,14,-2.647547326049805,False
4,149,145,-2.647589365234375,False
15,42,27,-2.647742174072266,False
18,128,110,-2.6477894595336915,False
57,113,56,-2.6480062521362306,False
44,146,102,-2.6480782847595217,False
46,110,64,-2.6481092895507814,False
67,91,24,-2.648125246582031,False
19,43,24,-2.64818268157959,False
56,110,54,-2.6482206552124024,False
54,104,50,-2.6482516217041017,False
31,133,102,-2.648432583007813,False
32,98,66,-2.6485482232666016,False
20,140,120,-2.6486410400390623,False
19,95,76,-2.648760375823975,False
29,117,88,-2.6490912829589846,False
117,134,17,-2.6491067922973635,False
34,115,81,-2.649253126220703,False
10,110,100,-2.6492904096984864,False
4,63,59,-2.649379570617676,False
14,99,85,-2.649383387451172,False
100,133,33,-2.6495241218566896,False
93,133,40,-2.649775659484863,False
54,103,49,-2.6498059924316406,False
48,93,45,-2.6503635844421387,False
23,124,101,-2.6505082955932617,False
35,136,101,-2.650531862182617,False
47,80,33,-2.650654308013916,False
133,152,19,-2.65072069519043,False
12,47,35,-2.650956550292969,False
110,149,39,-2.6509958306884767,False
128,153,25,-2.6513122515869143,False
37,80,43,-2.6513815652465818,False
112,143,31,-2.651468611755371,False
69,103,34,-2.6520355113220218,False
26,109,83,-2.6521282540893556,False
125,149,24,-2.6521630276489256,False
5,61,56,-2.6522830517578124,False
83,111,28,-2.652307808532715,False
13,151,138,-2.6523936553955076,False
72,157,85,-2.6525622848510744,False
123,156,33,-2.652572530212402,False
67,123,56,-2.652579931335449,False
23,60,37,-2.6530978826904295,False
9,131,122,-2.6531463775634765,False
43,139,96,-2.6531500729370117,False
53,102,49,-2.653169394226074,False
125,147,22,-2.653442607574463,False
19,56,37,-2.6537809924316407,False
54,84,30,-2.6538367803955074,False
49,92,43,-2.654016507873535,False
46,145,99,-2.654342471008301,False
46,148,102,-2.654499064178467,False
21,100,79,-2.654555404968262,False
2,63,61,-2.6546934814453125,False
31,149,118,-2.654870903778076,False
11,91,80,-2.655126557006836,False
4,39,35,-2.6551581504821775,False
112,139,27,-2.655228221130371,False
18,56,38,-2.6552395849609374,False
35,140,105,-2.655384119567871,False
82,153,71,-2.6554880673217776,False
44,140,96,-2.655728299560547,False
36,108,72,-2.6565494624328614,False
126,146,20,-2.656630154571533,False
33,143,110,-2.656736180114746,False
60,138,78,-2.6567502990722653,False
16,30,14,-2.6569668121337893,False
44,124,80,-2.657238592376709,False
110,138,28,-2.6575281903076173,False
13,152,139,-2.657593564758301,False
17,141,124,-2.657594457397461,False
46,116,70,-2.6577389276123045,False
55,105,50,-2.6578826916503906,False
128,142,14,-2.658083600616455,False
50,113,63,-2.6580918000793456,False
57,112,55,-2.65823787689209,False
47,104,57,-2.658688471832275,False
66,92,26,-2.6587452738952635,False
60,157,97,-2.658820049133301,False
23,59,36,-2.6588430319213865,False
21,33,12,-2.6588804156494144,False
54,86,32,-2.659029258880615,False
33,83,50,-2.659225230102539,False
5,60,55,-2.6594884637451175,False
23,61,38,-2.659677573699951,False
45,113,68,-2.659924866943359,False
129,153,24,-2.6599641796875,False
58,110,52,-2.660190020751953,False
90,118,28,-2.6603914788818357,False
125,148,23,-2.660448910827637,False
4,82,78,-2.660643327331543,False
11,61,50,-2.660737410583496,False
77,112,35,-2.660750592956543,False
33,114,81,-2.661490278930664,False
124,158,34,-2.661709077453613,False
20,56,36,-2.661773079833984,False
6,35,29,-2.6618024911499023,False
17,55,38,-2.6619389602661134,False
36,107,71,-2.6623646636962888,False
14,48,34,-2.6625698193359377,False
46,113,67,-2.6625906091308593,False
73,156,83,-2.662646454772949,False
91,120,29,-2.6627795782470702,False
124,152,28,-2.662781401062012,False
44,141,97,-2.6630917492675783,False
4,38,34,-2.6633339274597168,False
52,109,57,-2.6634950817871093,False
45,119,74,-2.6636075344848633,False
65,106,41,-2.663813590393066,False
14,57,43,-2.6638400506591795,False
58,157,99,-2.66426973236084,False
91,157,66,-2.664397476348877,False
21,127,106,-2.6644881477355957,False
67,87,20,-2.6646482980346677,False
65,158,93,-2.664703847503662,False
22,111,89,-2.664761901245117,False
22,58,36,-2.6648021475219728,False
14,56,42,-2.6652991552734373,False
53,101,48,-2.665538217163086,False
50,102,52,-2.6656937660217284,False
20,95,75,-2.665778629760742,False
19,57,38,-2.6662115444946286,False
78,155,77,-2.666310883178711,False
101,115,14,-2.666328879089355,False
94,127,33,-2.666514802856445,False
19,94,75,-2.6669225846862794,False
56,102,46,-2.667230660095215,False
28,93,65,-2.6676670259094237,False
52,101,49,-2.6680481802368163,False
4,58,54,-2.6681446383666994,False
40,99,59,-2.6681659877014163,False
16,91,75,-2.6683104327392577,False
3,136,133,-2.6685343644714354,False
38,112,74,-2.6685684368896485,False
53,100,47,-2.66860745803833,False
144,156,12,-2.668690909118652,False
35,141,106,-2.6692395419311525,False
17,130,113,-2.669360861358643,False
117,135,18,-2.6695151573181155,False
43,138,95,-2.669745867614746,False
59,157,98,-2.66975254486084,False
92,158,66,-2.6698470126342775,False
25,62,37,-2.669849164733887,False
45,149,104,-2.6701221112060547,False
120,137,17,-2.6701891047668456,False
57,156,99,-2.670206905517578,False
31,148,117,-2.6702694400024414,False
22,42,20,-2.67034052230835,False
35,105,70,-2.6704457556152343,False
35,135,100,-2.6706413778686526,False
3,137,134,-2.670901081237793,False
44,143,99,-2.671136670532227,False
44,89,45,-2.6712555682373047,False
11,150,139,-2.671322847290039,False
47,92,45,-2.671486505126953,False
63,108,45,-2.671622976074219,False
67,158,91,-2.6717563519287113,False
69,90,21,-2.6719835617065426,False
85,153,68,-2.672227367248535,False
9,90,81,-2.6722457498168946,False
116,134,18,-2.672322865753174,False
41,73,32,-2.672348514099121,False
14,55,41,-2.6727353433227536,False
106,119,13,-2.6727430184936525,False
31,147,116,-2.673140609130859,False
56,142,86,-2.6733548709106443,False
22,95,73,-2.6733676536560056,False
45,145,100,-2.6735574870300294,False
48,158,110,-2.6735896073913574,False
95,129,34,-2.673633108215332,False
8,106,98,-2.673674094848633,False
92,156,64,-2.6740863790893554,False
5,40,35,-2.674196463317871,False
27,122,95,-2.6742061956787113,False
55,83,28,-2.674222501220703,False
31,99,68,-2.674240987701416,False
57,134,77,-2.6742856903076175,False
16,57,41,-2.674601537628174,False
102,116,14,-2.6746202001953128,False
10,31,21,-2.6747375292968747,False
124,157,33,-2.6752261782836912,False
61,155,94,-2.6752354013061526,False
67,92,25,-2.675383339996338,False
23,96,73,-2.6754841874694826,False
27,93,66,-2.6756116828918457,False
54,111,57,-2.6758392373657225,False
48,104,56,-2.675960967102051,False
70,102,32,-2.67604155166626,False
95,128,33,-2.6762761082458497,False
4,150,146,-2.6769627851867677,False
10,56,46,-2.6769955496215823,False
42,140,98,-2.677145183105469,False
3,79,76,-2.6776256567382815,False
30,90,60,-2.6776405630493167,False
13,29,16,-2.677732088928223,False
100,117,17,-2.677850188598633,False
12,56,44,-2.6780470327758787,False
109,151,42,-2.6782182791137696,False
51,111,60,-2.678413368988037,False
37,106,69,-2.678575358123779,False
50,110,60,-2.6789648434448243,False
12,155,143,-2.679198173828125,False
37,139,102,-2.6795010766601566,False
36,138,102,-2.6795765022277833,False
40,105,65,-2.679621241455078,False
63,109,46,-2.6796232455444335,False
47,123,76,-2.679712945098877,False
44,136,92,-2.6797939413452148,False
91,119,28,-2.6798769854736326,False
36,109,73,-2.6799350103759765,False
44,151,107,-2.6799901026916504,False
19,114,95,-2.6803513607788085,False
34,133,99,-2.6804860890197753,False
54,85,31,-2.6805994424438477,False
12,133,121,-2.6807256576538085,False
48,145,97,-2.6814859829711915,False
11,30,19,-2.6816268093872067,False
106,134,28,-2.681826969909668,False
56,101,45,-2.681838067932129,False
118,155,37,-2.681866188354492,False
42,123,81,-2.6819923204040528,False
3,63,60,-2.6821130758666993,False
24,35,11,-2.682324412536621,False
65,88,23,-2.6823913180541994,False
116,135,19,-2.682718288116455,False
10,57,47,-2.6827471551513673,False
12,151,139,-2.683040715637207,False
69,122,53,-2.6835002740478515,False
7,135,128,-2.6835950926208496,False
118,135,17,-2.683692109375,False
41,113,72,-2.683746711425781,False
34,106,72,-2.6839175859069826,False
12,54,42,-2.684116088256836,False
45,138,93,-2.6844297152709964,False
53,89,36,-2.684521116333008,False
124,137,13,-2.6846395300292967,False
21,139,118,-2.6848829669189453,False
107,152,45,-2.6849347744750975,False
71,104,33,-2.6850387744140627,False
125,153,28,-2.685094059448242,False
110,148,38,-2.6852685861206056,False
68,103,35,-2.6852967919921875,False
107,135,28,-2.6853087673950196,False
55,136,81,-2.6856533755493164,False
127,155,28,-2.6859926278686523,False
60,110,50,-2.686013026123047,False
68,158,90,-2.686093251800537,False
16,142,126,-2.686111135864258,False
13,155,142,-2.686299703674316,False
81,113,32,-2.686424321594238,False
36,62,26,-2.686697901916504,False
15,148,133,-2.686895629577637,False
102,119,17,-2.6869367654418945,False
98,157,59,-2.6869996560668943,False
51,109,58,-2.687042217102051,False
80,113,33,-2.6871472885131835,False
7,151,144,-2.687247830200195,True
4,42,38,-2.687430068664551,False
122,154,32,-2.6877570083618165,False
7,35,28,-2.6877930543518067,False
5,58,53,-2.687979667358398,False
64,108,44,-2.6879859979248044,False
46,149,103,-2.6889068653869628,False
2,144,142,-2.688950101776123,False
61,138,77,-2.689106378173828,False
26,38,12,-2.6893440499877928,False
44,113,69,-2.6895170193481444,False
85,113,28,-2.6896920248413085,False
135,146,11,-2.689798905944824,False
42,110,68,-2.6898336657714843,False
40,68,28,-2.689869232788086,False
39,106,67,-2.6898992335510252,False
59,110,51,-2.6900614556884763,False
5,62,57,-2.690288398742676,False
47,158,111,-2.6902885914611816,False
81,111,30,-2.690547862243652,False
104,119,15,-2.69063907409668,False
57,137,80,-2.6907729388427732,False
37,63,26,-2.69084772857666,False
53,107,54,-2.6908611898803714,False
5,57,52,-2.6910615447998048,False
100,116,16,-2.6914017626953126,False
96,157,61,-2.6917344305419926,False
20,44,24,-2.6918238446044924,False
56,104,48,-2.6919627429199218,False
96,132,36,-2.6921369067382814,False
43,110,67,-2.6922221307373047,False
51,101,50,-2.6922440594482424,False
29,118,89,-2.6923505084228516,False
54,80,26,-2.692374121398926,False
47,124,77,-2.6924657803344725,False
36,137,101,-2.692742855682373,False
16,114,98,-2.6927446983337404,False
98,114,16,-2.692863784790039,False
18,140,122,-2.692987489013672,False
3,80,77,-2.693184881896973,False
18,57,39,-2.693196241760254,False
32,86,54,-2.6934915216064454,False
49,108,59,-2.693653082885742,False
105,119,14,-2.6937113201904297,False
21,58,37,-2.6937347958374023,False
57,133,76,-2.6937482919311524,False
128,154,26,-2.6937812005615234,False
6,136,130,-2.694049153289795,False
131,152,21,-2.6942881716918947,False
14,146,132,-2.694438251342773,False
43,112,69,-2.694460647888184,False
42,141,99,-2.694527066345215,False
3,58,55,-2.6945818685913085,False
146,157,11,-2.69463680267334,False
42,108,66,-2.694889512939453,False
17,114,97,-2.6950790447998045,False
97,157,60,-2.695185330505371,False
56,112,56,-2.695256959228516,False
82,112,30,-2.6953019886779783,False
2,58,56,-2.6954578460693357,False
131,143,12,-2.6958685256958006,False
34,116,82,-2.695891546325684,False
46,139,93,-2.6959387069702148,False
2,64,62,-2.6959942904663086,False
18,92,74,-2.696203050231934,False
12,150,138,-2.6962172439575194,False
55,137,82,-2.6962724374389646,False
4,80,76,-2.696439853210449,False
13,31,18,-2.6966556130981445,False
52,100,48,-2.69699201171875,False
57,153,96,-2.6971415295410157,False
2,66,64,-2.6973683251953124,False
119,137,18,-2.6974358436584476,False
14,61,47,-2.697453487854004,False
92,126,34,-2.697481750793457,False
12,49,37,-2.697606410522461,False
24,96,72,-2.697931404418945,False
91,117,26,-2.697982272338867,False
6,86,80,-2.6980564253234864,False
7,62,55,-2.6980795611572264,False
14,147,133,-2.6981848806762696,False
50,77,27,-2.6982159011840823,False
142,157,15,-2.698381440734863,False
64,90,26,-2.698525552368164,False
8,56,48,-2.6987744735717776,False
33,84,51,-2.6988717105102538,False
46,119,73,-2.699093982849121,False
35,133,98,-2.699114851837158,False
2,73,71,-2.6991995028686526,False
98,115,17,-2.69922287109375,False
55,82,27,-2.6993641845703125,False
101,116,15,-2.6994110324096683,False
6,57,51,-2.699550485229492,False
49,143,94,-2.699563762512207,False
29,61,32,-2.700209833679199,False
67,88,21,-2.700904574584961,False
61,153,92,-2.700919980163574,False
80,155,75,-2.7010608306884767,False
48,112,64,-2.701211243896484,False
57,155,98,-2.7013729556274413,False
42,113,71,-2.701572424316406,False
12,43,31,-2.701685894012451,False
65,87,22,-2.7018255432128906,False
19,140,121,-2.701860289001465,False
32,85,53,-2.701886174316406,False
125,150,25,-2.7020214028930662,False
39,79,40,-2.7021067861938475,False
50,109,59,-2.7022668450927734,False
26,40,14,-2.7023805838012693,False
11,32,21,-2.7024389880371094,False
90,119,29,-2.7024402819824216,False
8,89,81,-2.7024781747436526,False
4,41,37,-2.702509060363769,False
15,147,132,-2.7025555334472657,False
10,55,45,-2.7028445553588867,False
29,98,69,-2.7028919081115723,False
59,156,97,-2.7028965911865237,False
46,82,36,-2.7030515145874023,False
4,57,53,-2.7031219622802736,False
48,140,92,-2.703298742980957,False
47,141,94,-2.7033965182495114,False
66,87,21,-2.7034309371948244,False
11,49,38,-2.7037768664550783,False
71,158,87,-2.703895475158691,False
28,107,79,-2.7039423193359378,False
71,105,34,-2.7040288009643554,False
55,140,85,-2.70402957321167,False
99,132,33,-2.7043995494079587,False
134,151,17,-2.7048075677490235,False
46,155,109,-2.705029692993164,False
103,118,15,-2.705151621398926,False
3,59,56,-2.70521073059082,False
2,70,68,-2.7052217907714846,False
61,137,76,-2.7055541323852537,False
41,139,98,-2.7057193539428708,False
12,30,18,-2.7058670663452147,False
39,153,114,-2.7060783398437502,False
25,95,70,-2.7061819412231443,False
37,137,100,-2.7062869442749022,False
123,154,31,-2.7063389904785153,False
7,59,52,-2.706662290344238,False
65,122,57,-2.7067107150268557,False
47,110,63,-2.7069041015625,False
44,144,100,-2.7069358184814454,False
98,130,32,-2.706942426147461,False
109,137,28,-2.707284967346191,False
3,81,78,-2.7073185820007324,False
103,119,16,-2.7073820889282225,False
53,104,51,-2.707718407897949,False
34,82,48,-2.70781697845459,False
4,79,75,-2.707922109680176,False
68,126,58,-2.7081606503295896,False
40,102,62,-2.7081642080688475,False
12,91,79,-2.7081704922485352,False
58,156,98,-2.708321580810547,False
43,136,93,-2.7084626406860353,False
129,143,14,-2.708720723876953,False
103,155,52,-2.708843680419922,False
64,122,58,-2.7090145779418946,False
11,54,43,-2.7090564085388182,False
88,155,67,-2.7091019454956053,False
47,143,96,-2.7091497482299802,False
103,134,31,-2.709364211883545,False
47,150,103,-2.7093715446472166,False
64,158,94,-2.7094023550415036,False
56,136,80,-2.7096152349853515,False
148,154,6,-2.709788296661377,False
15,41,26,-2.709808743133545,False
55,80,25,-2.709865921936035,False
96,134,38,-2.709898207702637,False
66,158,92,-2.7099486579895022,False
31,117,86,-2.7100535284423826,False
67,103,36,-2.7103050091552734,False
55,103,48,-2.7104044528198243,False
69,123,54,-2.710439859008789,False
84,111,27,-2.710531125640869,False
45,141,96,-2.7110062332153317,False
146,158,12,-2.7111129946899415,False
48,105,57,-2.7114201306152346,False
44,112,68,-2.7115423233032225,False
47,105,58,-2.7116521627807617,False
48,139,91,-2.711684711303711,False
24,109,85,-2.7117626300048827,False
57,136,79,-2.711941276550293,False
88,115,27,-2.711971864013672,False
2,43,41,-2.7121511621093752,False
32,87,55,-2.7121586749267577,False
44,86,42,-2.712585213623047,False
23,138,115,-2.712665497131348,False
45,125,80,-2.7127139430236817,False
48,123,75,-2.712753722229004,False
116,137,21,-2.7128883714294436,False
63,158,95,-2.7131442462158204,False
56,137,81,-2.713438005371094,False
9,56,47,-2.7134965008544922,False
91,118,27,-2.714059298400879,False
20,43,23,-2.714233020629883,False
66,88,22,-2.7145210324096682,False
78,111,33,-2.71456049621582,False
13,54,41,-2.7147281701660155,False
28,134,106,-2.7150948898315432,False
124,156,32,-2.715101350402832,False
47,157,110,-2.7151171884155274,False
61,133,72,-2.7151364602661134,False
39,110,71,-2.715306697998047,False
48,107,59,-2.7154130508422853,False
9,58,49,-2.7154931698608396,False
118,139,21,-2.715580204772949,False
60,155,95,-2.715588622436523,False
75,155,80,-2.7157244323730465,False
4,81,77,-2.715759692077637,False
102,118,16,-2.715821416320801,False
12,50,38,-2.715938693847656,False
7,58,51,-2.715945580444336,False
74,155,81,-2.7159938003540036,False
87,155,68,-2.716188207092285,False
5,39,34,-2.716201891784668,False
2,57,55,-2.716202911682129,False
55,104,49,-2.7162381533813478,False
46,138,92,-2.716241170654297,False
101,134,33,-2.7163366413879393,False
67,122,55,-2.7164238259887696,False
43,125,82,-2.716495520324707,False
102,134,32,-2.716773801422119,False
24,62,38,-2.716786350708008,False
54,78,24,-2.7169586785888673,False
2,76,74,-2.717056332397461,False
43,150,107,-2.717491578369141,False
33,133,100,-2.717562328338623,False
111,141,30,-2.7179887469482424,False
39,103,64,-2.7182100985717774,False
11,90,79,-2.7183895632934574,False
42,142,100,-2.7186410635375977,False
13,50,37,-2.7187353733825685,False
26,41,15,-2.7190678216552735,False
2,67,65,-2.7191170208740236,False
50,111,61,-2.7192471061706542,False
128,143,15,-2.7193203956604,False
116,136,20,-2.719348240356445,False
23,34,11,-2.7193873190307616,False
42,137,95,-2.71955074798584,False
100,115,15,-2.7199428677368163,False
14,91,77,-2.720100294799805,False
52,108,56,-2.7202044752502443,False
18,32,14,-2.720365054321289,False
135,149,14,-2.7204598547363283,False
37,138,101,-2.7206923391723636,False
3,150,147,-2.7207721894836423,False
47,146,99,-2.720841313934326,False
45,139,94,-2.7208710086059567,False
58,155,97,-2.7209228894042967,False
15,145,130,-2.7209672604370114,False
90,122,32,-2.720998128051758,False
2,69,67,-2.7210596994018554,False
118,156,38,-2.7211153427124026,False
2,145,143,-2.7211676159667966,False
126,155,29,-2.7212726412963866,False
91,122,31,-2.72134388092041,False
105,154,49,-2.7215368658447265,False
23,110,87,-2.721623617248535,False
39,65,26,-2.7217444732666016,False
32,106,74,-2.721966605834961,False
55,139,84,-2.722141518859863,False
103,117,14,-2.7222064663696286,False
35,134,99,-2.722346988983154,False
10,132,122,-2.7224240533447266,False
45,83,38,-2.722557954711914,False
39,97,58,-2.7227446932983397,False
8,134,126,-2.722791647186279,False
90,117,27,-2.7230480233764647,False
2,75,73,-2.7231322958374022,False
7,56,49,-2.723164979248047,False
35,114,79,-2.7233244430541994,False
13,51,38,-2.7236311151123047,False
130,152,22,-2.723690018310547,False
54,158,104,-2.7237146255493165,False
83,113,30,-2.7239804348754886,False
47,139,92,-2.7241051876831053,False
85,112,27,-2.7241492968750003,False
10,47,37,-2.7241800996398924,False
70,101,31,-2.7242066943359378,False
43,137,94,-2.724231963195801,False
56,133,77,-2.7243695870971676,False
120,158,38,-2.724651980895996,False
54,81,27,-2.7246648364257813,False
47,145,98,-2.7248468124389644,False
15,144,129,-2.725181145019531,False
14,143,129,-2.725202784423828,False
49,123,74,-2.725358045349121,False
111,146,35,-2.725743571166992,False
20,112,92,-2.7260686218261716,False
15,61,46,-2.726396281738281,False
43,120,77,-2.726400925292969,False
45,147,102,-2.726499635009765,False
105,134,29,-2.726502684173584,False
120,157,37,-2.72656962890625,False
46,152,106,-2.7274948684692384,False
116,133,17,-2.727533802947998,False
51,102,51,-2.7276011514282223,False
105,153,48,-2.727654144897461,False
42,112,70,-2.7276671240234376,False
108,152,44,-2.727936316833496,False
56,103,47,-2.728022854003906,False
46,111,65,-2.7280354681396486,False
2,68,66,-2.7283666384887697,False
16,32,16,-2.728500471496582,False
79,114,35,-2.72867326385498,False
13,149,136,-2.728767242889404,False
107,136,29,-2.728781645812988,False
41,140,99,-2.7288075845336914,False
106,117,11,-2.7288206799316406,False
11,133,122,-2.7289186276245117,False
60,139,79,-2.7293522494506837,False
17,43,26,-2.7293855212402343,False
61,152,91,-2.7295350189208984,False
51,142,91,-2.7297704193115235,False
53,87,34,-2.729878409729004,False
17,32,15,-2.730045758666992,False
64,126,62,-2.730315988769531,False
122,158,36,-2.7303753744506833,False
14,145,131,-2.7308386871337893,False
61,110,49,-2.73102142578125,False
21,98,77,-2.731046779785156,False
118,157,39,-2.7312870669555664,False
44,147,103,-2.7315117485046385,False
45,143,98,-2.7315210684204105,False
12,111,99,-2.7315470414733887,False
65,107,42,-2.731862491455078,False
16,131,115,-2.7323406297302246,False
112,140,28,-2.732419045562744,False
25,37,12,-2.7324215643310543,False
97,132,35,-2.7325220629882816,False
44,145,101,-2.7326029086303714,False
46,147,101,-2.7327409454345704,False
9,150,141,-2.73279970123291,False
26,97,71,-2.7330823715209958,False
55,138,83,-2.733178923339844,False
80,153,73,-2.7339342721557616,False
13,49,36,-2.7339389129638674,False
17,57,40,-2.7339537812805177,False
53,103,50,-2.733977144470215,False
34,97,63,-2.7339782237243653,False
41,108,67,-2.734003172302246,False
47,122,75,-2.734411808319092,False
46,141,95,-2.7344520642089845,False
59,155,96,-2.734455769042969,False
7,61,54,-2.7345892208862304,False
89,153,64,-2.7346058221435547,False
10,30,20,-2.734677931213379,False
60,156,96,-2.7347115634155275,False
10,54,44,-2.7347232940673827,False
32,132,100,-2.7347507734680176,False
5,42,37,-2.7347859570312503,False
42,136,94,-2.734818348083496,False
56,113,57,-2.734846180419922,False
126,152,26,-2.7348991778564455,False
99,158,59,-2.735035739135742,False
64,123,59,-2.735112114257812,False
83,155,72,-2.73529739654541,False
55,133,78,-2.7357418447875976,False
26,135,109,-2.735867803039551,False
122,155,33,-2.7360062283325197,False
119,158,39,-2.7360314630126954,False
83,112,29,-2.736077005462646,False
40,104,64,-2.7362341864013673,False
46,143,97,-2.7363400662231445,False
53,111,58,-2.7365851887512207,False
2,146,144,-2.736602838592529,False
48,79,31,-2.7372196539306644,False
57,152,95,-2.7372409103393553,False
66,106,40,-2.737362171020508,False
119,136,17,-2.7374745840454104,False
2,65,63,-2.7377745031738283,False
93,153,60,-2.7381262841796876,False
9,108,99,-2.7384486181640626,False
88,153,65,-2.7384703701782227,False
102,117,15,-2.738501391601562,False
123,157,34,-2.738815050354004,False
37,141,104,-2.7388930224609376,False
22,97,75,-2.7389651431274418,False
70,103,33,-2.7391564860534667,False
26,123,97,-2.739608467712402,False
43,151,108,-2.739696308288574,False
55,141,86,-2.7397627540588383,False
119,138,19,-2.73986737121582,False
49,109,60,-2.7399762307739257,False
21,42,21,-2.74000895324707,False
33,144,111,-2.740285284729004,False
45,137,92,-2.7402884243774417,False
2,47,45,-2.7403484146118164,False
81,153,72,-2.7404110650634768,False
2,44,42,-2.7404281301879885,False
123,155,32,-2.740487366333008,False
5,82,77,-2.7405307247924804,False
49,105,56,-2.740593046569824,False
96,135,39,-2.741503308105469,False
49,141,92,-2.7416645806884765,False
55,113,58,-2.7419675387573244,False
55,111,56,-2.7420927581787113,False
13,53,40,-2.7420986779785155,False
7,44,37,-2.7424974755859375,False
26,94,68,-2.7427430555725096,False
91,121,30,-2.7428342126464846,False
23,42,19,-2.7428492208862307,False
15,33,18,-2.742881516723633,False
43,142,99,-2.7431427154541015,False
3,149,146,-2.743229649658203,False
25,40,15,-2.7434574945068357,False
27,98,71,-2.743706321411133,False
57,111,54,-2.7440251193237306,False
40,75,35,-2.7441280267333985,False
48,78,30,-2.7446958645629884,False
22,61,39,-2.7449454595947267,False
130,143,13,-2.7449507958984376,False
45,90,45,-2.74522933883667,False
44,122,78,-2.7454019136047365,False
131,151,20,-2.7457063735961915,False
12,101,89,-2.745716192474365,False
28,119,91,-2.745816716308594,False
47,140,93,-2.746061175231934,False
45,148,103,-2.7462706269836423,False
11,110,99,-2.746336529541016,False
52,107,55,-2.746337360229492,False
29,107,78,-2.7463924182128907,False
55,158,103,-2.7464061624145506,False
15,142,127,-2.746460061035156,False
22,34,12,-2.746498172912598,False
17,91,74,-2.7465266802978516,False
100,134,34,-2.746643837738037,False
39,109,70,-2.746962306518555,False
30,133,103,-2.7470604171752933,False
82,154,72,-2.7470783679199218,False
51,113,62,-2.747140189361572,False
134,150,16,-2.747145841369629,False
101,118,17,-2.74728201965332,False
125,152,27,-2.7476278137207033,False
57,154,97,-2.7476741564941407,False
32,116,84,-2.7478085339355465,False
102,155,53,-2.7478208139038087,False
28,92,64,-2.748206893005371,False
19,32,13,-2.748402917480469,False
33,151,118,-2.7486741503906247,False
76,113,37,-2.7488652505493163,False
96,136,40,-2.748974533996582,False
44,125,81,-2.749357268676758,False
10,90,80,-2.749624956359863,False
41,141,100,-2.750171923828125,False
38,64,26,-2.7504800177001956,False
43,111,68,-2.750730244140625,False
46,114,68,-2.7508945877075197,False
74,110,36,-2.7509005706787106,False
27,92,65,-2.7510156927490237,False
64,89,25,-2.7512996392822267,False
46,151,105,-2.7513936354064943,False
40,141,101,-2.7521283166503907,False
37,114,77,-2.7521366622924806,False
49,158,109,-2.752164506378174,False
104,135,31,-2.7523529617309572,False
95,136,41,-2.7523839865112305,False
11,55,44,-2.7525806317138675,False
47,113,66,-2.7528160098266605,False
20,93,73,-2.7528317465209957,False
5,138,133,-2.753006399383545,False
77,111,34,-2.7531868041992187,False
41,111,70,-2.753239164123535,False
45,144,99,-2.7532952673339843,False
64,109,45,-2.7534401135253908,False
40,139,99,-2.75357690826416,False
3,64,61,-2.7536158645629882,False
45,127,82,-2.7536651583862306,False
11,58,47,-2.754339864196777,False
127,146,19,-2.754379297943115,False
4,64,60,-2.754823733215332,False
121,156,35,-2.7551729580688478,False
59,134,75,-2.7554674826049803,False
61,130,69,-2.7554909768676756,False
66,89,23,-2.755581455078125,False
59,137,78,-2.7559107360839845,False
62,137,75,-2.7564515539550785,False
6,83,77,-2.7565407662963866,False
90,120,30,-2.7566963943481446,False
96,158,62,-2.7567003701782227,False
58,137,79,-2.7567547283935547,False
41,112,71,-2.75677188873291,False
121,155,34,-2.7568919723510743,False
33,61,28,-2.7576801948547365,False
13,99,86,-2.757741599121094,False
2,72,70,-2.757778157958984,False
21,61,40,-2.757951649169922,False
99,133,34,-2.7592725898742674,False
48,108,60,-2.759278547668457,False
10,61,51,-2.759286577148438,False
12,51,39,-2.7593313006591798,False
106,118,12,-2.759449864654541,False
16,43,27,-2.7594522938537596,False
21,60,39,-2.759454824523926,False
11,53,42,-2.7598119453430177,False
56,138,82,-2.7598315026855467,False
56,111,55,-2.759894992980957,False
13,43,30,-2.7599677842712405,False
40,140,100,-2.7600056692504884,False
42,124,82,-2.760031387023926,False
44,126,82,-2.7602075325012208,False
88,114,26,-2.7602145037841797,False
44,148,104,-2.760694305114746,False
52,113,61,-2.7609642575073243,False
18,91,73,-2.761214049377441,False
32,83,51,-2.761372066040039,False
124,151,27,-2.7613768908691405,False
40,100,60,-2.761747883300781,False
90,121,31,-2.761755647888184,False
21,99,78,-2.761822692718506,False
41,137,96,-2.761836646118164,False
20,139,119,-2.7620942697143556,False
18,42,24,-2.7623743890380856,False
84,153,69,-2.7628356954956055,False
44,121,77,-2.7628695500183107,False
4,139,135,-2.762903479156494,False
50,108,58,-2.7629566433715818,False
2,74,72,-2.762997190551758,False
45,126,81,-2.7630371434020997,False
54,79,25,-2.763079957275391,False
31,85,54,-2.763242062683106,False
33,115,82,-2.7632524615478515,False
6,58,52,-2.763381504821777,False
53,158,105,-2.7633887782287596,False
48,157,109,-2.763490614929199,False
43,122,79,-2.7635493771362305,False
43,140,97,-2.763634891052246,False
40,76,36,-2.763696420593262,False
104,118,14,-2.763724333190918,False
14,101,87,-2.7637456120300294,False
44,120,76,-2.763887671508789,False
143,157,14,-2.7639026315307618,False
15,58,43,-2.7641683209228516,False
47,144,97,-2.7643005839538572,False
39,111,72,-2.7643925357055665,False
42,135,93,-2.764618970031738,False
3,57,54,-2.764916105957031,False
22,127,105,-2.7651406692504885,False
46,127,81,-2.765160048675537,False
2,143,141,-2.7652780027770993,False
71,157,86,-2.7656824649047853,False
12,53,41,-2.7656836419677733,False
21,94,73,-2.765785938720703,False
66,122,56,-2.766023043823242,False
36,97,61,-2.766220563659668,False
55,79,24,-2.766488148803711,False
126,149,23,-2.7666585064697267,False
145,158,13,-2.7666825759887694,False
10,101,91,-2.7667094903564453,False
67,90,23,-2.7671890963745116,False
8,58,50,-2.7675405728149416,False
65,108,43,-2.7675573544311525,False
92,157,65,-2.767631983947754,False
87,115,28,-2.7678719931030273,False
2,77,75,-2.7679589443969723,False
90,153,63,-2.7679943170166017,False
43,127,84,-2.7682314419555665,False
108,137,29,-2.7682943862915037,False
95,157,62,-2.7682981933593753,False
33,97,64,-2.768299949951172,False
9,47,38,-2.7686141067504884,False
61,154,93,-2.7686417424011234,False
19,93,74,-2.7686682345581053,False
111,145,34,-2.768891901245117,False
74,108,34,-2.7691370944213864,False
65,123,58,-2.769333118591309,False
36,140,104,-2.769671596069336,False
57,138,81,-2.7696847775268556,False
36,133,97,-2.769728731689453,False
42,111,69,-2.769823964538574,False
128,144,16,-2.769835510559082,False
88,116,28,-2.76986129486084,False
36,141,105,-2.7698666461181642,False
46,125,79,-2.769898455505371,False
85,149,64,-2.7699621932983396,False
133,145,12,-2.770015271911621,False
56,140,84,-2.7702073715209963,False
49,103,54,-2.7702540417480472,False
11,101,90,-2.7702771214294435,False
10,133,123,-2.770494372253418,False
127,152,25,-2.770495947265625,False
20,102,82,-2.77061570892334,False
13,148,135,-2.770626520996094,False
13,47,34,-2.7706284034729003,False
43,126,83,-2.770674172058105,False
57,135,78,-2.770879276123047,False
47,147,100,-2.771480054168701,False
20,60,40,-2.771505904846191,False
7,60,53,-2.7716363626098635,False
65,91,26,-2.771658196105957,False
68,124,56,-2.7716762115478515,False
60,136,76,-2.7718361541748044,False
97,134,37,-2.7718867233276367,False
2,71,69,-2.771891193542481,False
64,129,65,-2.7719434848022457,False
75,113,38,-2.7720158200073244,False
79,155,76,-2.7720616250610353,False
11,46,35,-2.7721029200744627,False
111,139,28,-2.7723248655700683,False
49,110,61,-2.7726267425537108,False
60,130,70,-2.772731766357422,False
48,106,58,-2.772829493408203,False
41,150,109,-2.772883024597168,False
46,90,44,-2.7730162718200684,False
26,39,13,-2.7730481384277343,False
56,139,83,-2.7734635711669924,False
12,44,32,-2.7734662858581545,False
36,136,100,-2.7734869500732424,False
9,54,45,-2.773502860107422,False
43,121,78,-2.7735937466430665,False
24,108,84,-2.773634371948242,False
39,104,65,-2.7736548152160645,False
27,62,35,-2.7737947271728514,False
26,62,36,-2.7739021957397463,False
49,144,95,-2.7739195520019533,False
40,106,66,-2.774080897216797,False
3,78,75,-2.774267102355957,False
83,153,70,-2.7743727890014647,False
47,153,106,-2.774414714508057,False
18,139,121,-2.7744583029174805,False
34,143,109,-2.7745396923828123,False
81,154,73,-2.7749858248901367,False
15,101,86,-2.775187673034668,False
14,42,28,-2.7752927255249022,False
51,90,39,-2.7755916567993166,False
89,122,33,-2.7757256338500977,False
52,89,37,-2.7757372976684573,False
13,112,99,-2.775776612854004,False
22,59,37,-2.775831086730957,False
44,152,108,-2.776014875946045,False
51,77,26,-2.776112471008301,False
15,132,117,-2.776125838623047,False
44,110,66,-2.7761432278442384,False
2,45,43,-2.7762104986572265,False
84,113,29,-2.776249418334961,False
55,112,57,-2.7769828848266602,False
44,135,91,-2.777052413635254,False
79,115,36,-2.7773205194091797,False
126,154,28,-2.777542777709961,False
46,130,84,-2.7776738348388674,False
59,111,52,-2.777703621826172,False
50,158,108,-2.7779353051757814,False
30,118,88,-2.7781251181030275,False
31,105,74,-2.778233088378906,False
34,150,116,-2.7782934716796874,False
59,133,74,-2.778302794189453,False
77,155,78,-2.778323610534668,False
12,32,20,-2.778565682373047,False
39,78,39,-2.778648670654297,False
84,112,28,-2.778649980163574,False
46,144,98,-2.778657373352051,False
81,112,31,-2.7786990618896485,False
80,112,32,-2.778711281738281,False
49,157,108,-2.7791628680419924,False
127,154,27,-2.779164495239258,False
66,91,25,-2.779230135650635,False
6,85,79,-2.779271804199219,False
8,132,124,-2.779390312347412,False
13,52,39,-2.7796837316894534,False
47,148,101,-2.7798298806762696,False
89,117,28,-2.7798659341430665,False
17,131,114,-2.7799217082214356,False
49,113,64,-2.779979870452881,False
45,111,66,-2.7799937271118162,False
13,44,31,-2.780117470855713,False
40,74,34,-2.780156614990234,False
12,148,136,-2.7802708340454103,False
44,149,105,-2.780417625579834,False
56,157,101,-2.7804837338256836,False
101,117,16,-2.7807843075561522,False
67,104,37,-2.7807843240356442,False
49,107,58,-2.7808839083862305,False
11,59,48,-2.78111387298584,False
19,102,83,-2.7811989270019533,False
47,91,44,-2.7813498571777346,False
11,48,37,-2.7815434082031247,False
12,110,98,-2.7815745520019535,False
121,158,37,-2.781623140869141,False
11,51,40,-2.7820331399536133,False
62,138,76,-2.7822294198608395,False
11,52,41,-2.782301081237793,False
47,116,69,-2.7823824475097654,False
9,61,52,-2.7824047491455075,False
7,43,36,-2.782472768859863,False
31,86,55,-2.7825754110717775,False
3,139,136,-2.782786537780762,False
72,156,84,-2.782894709777832,False
42,151,109,-2.783038435974121,False
7,136,129,-2.7832128385925294,False
86,155,69,-2.783315066833496,False
25,136,111,-2.783317678222656,False
52,106,54,-2.783537554016113,False
35,115,80,-2.7836045892333985,False
25,123,98,-2.783626793823242,False
22,60,38,-2.783755274658203,False
48,92,44,-2.7838218508911132,False
117,136,19,-2.7839917881774903,False
5,148,143,-2.783993248901367,False
129,144,15,-2.784195556030274,False
80,111,31,-2.7846729412841795,False
5,63,58,-2.7847533981323243,False
58,153,95,-2.784853454589844,False
99,156,57,-2.784872361450195,False
22,98,76,-2.784920672149658,False
48,146,98,-2.785295317840576,False
19,42,23,-2.7855062509155273,False
12,149,137,-2.7855494064331054,False
105,118,13,-2.7861639294433593,False
49,111,62,-2.786193670654297,False
91,153,62,-2.786730244140625,False
60,111,51,-2.787043389587402,False
40,138,98,-2.7872322210693357,False
39,105,66,-2.7872668727111813,False
10,32,22,-2.7873370233154295,False
118,136,18,-2.787511827850342,False
43,114,71,-2.787587575378418,False
36,153,117,-2.7880419219970705,False
23,64,41,-2.788095902709961,False
70,157,87,-2.7881538790893554,False
38,150,112,-2.7882628585815428,False
44,133,89,-2.788306633911133,False
5,41,36,-2.788332739562988,False
6,149,143,-2.788506264038086,False
80,154,74,-2.788854438171387,False
46,117,71,-2.788974260253906,False
44,127,83,-2.788982000732422,False
57,142,85,-2.78910092376709,False
135,148,13,-2.7893466064453127,False
68,121,53,-2.78957793182373,False
7,150,143,-2.789738522644043,False
104,136,32,-2.7897486648559573,False
56,134,78,-2.789752423400879,False
17,61,44,-2.7899636517333986,False
6,59,53,-2.79001177154541,False
58,133,75,-2.7900953411865235,False
6,56,50,-2.7901309796142577,False
48,109,61,-2.790190281066894,False
37,105,68,-2.7904864265441893,False
105,117,12,-2.7905466458129884,False
38,103,65,-2.7906782109069823,False
7,63,56,-2.790697823486328,False
23,125,102,-2.790875993347168,False
45,116,71,-2.790929467773437,False
68,125,57,-2.7909319842529294,False
95,134,39,-2.7909320321655273,False
68,120,52,-2.791303010864258,False
67,124,57,-2.791485428466797,False
117,138,21,-2.791701923675537,False
8,105,97,-2.792001134338379,False
43,146,103,-2.792159405822754,False
99,131,32,-2.79225293548584,False
49,104,55,-2.7923752267456052,False
13,56,43,-2.7925220205688475,False
12,52,40,-2.7927628784179688,False
32,150,118,-2.792940210266113,False
61,113,52,-2.7930791763305662,False
22,110,88,-2.793143705749512,False
78,153,75,-2.793143942565918,False
144,157,13,-2.793436660461426,False
84,149,65,-2.793599362487793,False
9,55,46,-2.793730697937012,False
62,157,95,-2.793746025390625,False
132,144,12,-2.793836090698242,False
14,144,130,-2.7939501351928713,False
97,158,61,-2.794409475708008,False
58,136,78,-2.7946121563720703,False
6,137,131,-2.7946644268798826,False
145,157,12,-2.7947133908081057,False
42,150,108,-2.79474046295166,False
43,135,92,-2.7948702102661134,False
67,89,22,-2.7950014169311523,False
48,138,90,-2.79512947845459,False
14,90,76,-2.7951309759521488,False
78,154,76,-2.795150126342773,False
47,125,78,-2.7952234497070316,False
45,87,42,-2.795415467071533,False
106,152,46,-2.7955963314819336,False
13,91,78,-2.795740751037598,False
57,130,73,-2.7959327026367187,False
58,111,53,-2.79605709564209,False
104,117,13,-2.796071672668457,False
60,154,94,-2.796108994140625,False
121,157,36,-2.796392166442871,False
61,139,78,-2.796720566711426,False
123,158,35,-2.796944748840332,False
29,91,62,-2.797162305908203,False
53,142,89,-2.7971954110717774,False
81,115,34,-2.797242730712891,False
11,50,39,-2.797258493347168,False
59,154,95,-2.7973253298950196,False
82,115,33,-2.7974461337280276,False
15,90,75,-2.7975253314208985,False
38,79,41,-2.797658147277832,False
126,150,24,-2.7977402468872072,False
47,111,64,-2.7978959097290037,False
58,113,55,-2.798236758117676,False
38,151,113,-2.7984082312011718,False
12,55,43,-2.798614496459961,False
36,106,70,-2.7986433630371095,False
33,116,83,-2.7986776800537108,False
135,147,12,-2.798701690979004,False
58,134,76,-2.7987812127685547,False
2,142,140,-2.7989523370361327,False
49,106,57,-2.799242714233398,False
57,132,75,-2.799300342712402,False
43,116,73,-2.799344962158203,False
34,61,27,-2.799430626525879,False
50,78,28,-2.79945315246582,False
5,81,76,-2.799496430053711,False
2,46,44,-2.799499885864258,False
31,87,56,-2.7995207412719725,False
18,113,95,-2.7996347351074222,False
86,114,28,-2.800031157226562,False
40,110,70,-2.8000474539184568,False
11,43,32,-2.8002696292114257,False
35,62,27,-2.8006709756469723,False
7,55,48,-2.8008792886352536,False
24,95,71,-2.801213958282471,False
37,140,103,-2.801422073059082,False
12,61,49,-2.801616675720215,False
9,133,124,-2.801631449584961,False
133,151,18,-2.8017905255126956,False
60,112,52,-2.8018101333618164,False
87,114,27,-2.8020140631103514,False
33,145,112,-2.8020555877685545,False
98,158,60,-2.8021115016174316,False
7,42,35,-2.802394599609375,False
40,153,113,-2.8024150338745115,False
24,136,112,-2.8026495010375974,False
60,135,75,-2.802671026611328,False
15,141,126,-2.8026857849121094,False
9,59,50,-2.8026973962402346,False
7,64,57,-2.8027172531127933,False
93,158,65,-2.8027855320739747,False
64,110,46,-2.8030894302368163,False
10,58,48,-2.8032566799926757,False
61,129,68,-2.803399813537598,False
132,152,20,-2.80344271484375,False
89,120,31,-2.8036871536254884,False
49,78,29,-2.8037733728027345,False
46,137,91,-2.8039869845581054,False
39,113,74,-2.804217802429199,False
84,155,71,-2.8043984930419925,False
96,156,60,-2.8046862597656252,False
106,136,30,-2.8046875436401364,False
126,148,22,-2.8052221423339843,False
106,135,29,-2.805377640686035,False
92,153,61,-2.805476469116211,False
18,61,43,-2.8056823181152346,False
95,132,37,-2.805710138244629,False
52,105,53,-2.806306029052734,False
85,155,70,-2.8063366998291017,False
28,120,92,-2.8063828866577145,False
48,148,100,-2.8064876081848142,False
40,109,69,-2.8066831674194335,False
98,156,58,-2.806767355957031,False
129,152,23,-2.8068509539794926,False
44,130,86,-2.8070423138427736,False
18,129,111,-2.8078206745910643,False
40,154,114,-2.807993811035156,False
43,152,109,-2.808168571166992,False
45,135,90,-2.808420734558106,False
48,150,102,-2.8085147312927248,False
45,84,39,-2.8086508233642578,False
53,78,25,-2.808769985961914,False
51,141,90,-2.808884260864258,False
14,142,128,-2.808980679931641,False
70,156,86,-2.8091814013671876,False
35,104,69,-2.8092084619140625,False
44,116,72,-2.8093518411254883,False
43,141,98,-2.809510146179199,False
19,113,94,-2.8095778033447267,False
117,137,20,-2.809687775115967,False
60,132,72,-2.8097072525024416,False
58,138,80,-2.809786063232422,False
52,103,51,-2.810081217956543,False
6,84,78,-2.8103320208740237,False
8,43,35,-2.8104141073608395,False
4,78,74,-2.8107706579589844,False
18,130,112,-2.8108207864379886,False
100,156,56,-2.810918219909668,False
47,156,109,-2.8109272666931155,False
47,155,108,-2.810946985473633,False
66,123,57,-2.8112730654907225,False
47,127,80,-2.811484648132324,False
13,100,87,-2.8117992164611816,False
89,121,32,-2.8118849658203127,False
27,134,107,-2.812099602966309,False
57,139,82,-2.812132637023926,False
52,143,91,-2.8121331842041015,False
94,134,40,-2.812405002746582,False
5,43,38,-2.8125524722290036,False
95,135,40,-2.81264537689209,False
60,140,80,-2.812773101196289,False
67,126,59,-2.8127747329711914,False
8,34,26,-2.8129229907226563,False
10,149,139,-2.8131815454101563,False
13,132,119,-2.81336117477417,False
45,89,44,-2.8134549641418456,False
31,61,30,-2.8134764807128905,False
40,72,32,-2.81349697845459,False
37,136,99,-2.8136281701660155,False
94,153,59,-2.8136328292846677,False
95,130,35,-2.8136974624633786,False
22,41,19,-2.81380931640625,False
46,131,85,-2.8141173468017575,False
21,59,38,-2.8143668698120115,False
144,158,14,-2.814395965270996,False
8,61,53,-2.814743384094238,False
67,105,38,-2.815064428100586,False
57,141,84,-2.815148489074707,False
14,132,118,-2.8151995837402346,False
41,152,111,-2.8153447601318358,False
60,153,93,-2.815700012512207,False
40,137,97,-2.8159447836303713,False
12,58,46,-2.816101156616211,False
70,113,43,-2.816105646057129,False
61,151,90,-2.8163251116943355,False
42,122,80,-2.816548514404297,False
15,134,119,-2.816641361694336,False
14,33,19,-2.8170145458984375,False
69,157,88,-2.817138917236328,False
39,98,59,-2.817271479492187,False
50,157,107,-2.817305500488281,False
38,152,114,-2.8177728036499023,False
65,109,44,-2.8179771997070313,False
97,131,34,-2.8181710968017577,False
8,44,36,-2.8183560086059574,False
35,98,63,-2.8184415133666993,False
82,114,32,-2.818447867126465,False
12,46,34,-2.818669560852051,False
14,58,44,-2.818706103515625,False
36,135,99,-2.8187138711547854,False
41,151,110,-2.8187786102294923,False
87,145,58,-2.8188195697021485,False
11,62,51,-2.8189319900512695,False
61,136,75,-2.8189621560668945,False
66,90,24,-2.8193940234375,False
19,128,109,-2.819552120513916,False
18,112,94,-2.8196777432250975,False
48,122,74,-2.8198835736083985,False
31,132,101,-2.820138778381348,False
3,43,40,-2.8201516314697264,False
48,113,65,-2.820170768432617,False
79,153,74,-2.820289693603516,False
95,158,63,-2.8205331393432616,False
64,130,66,-2.8207041326904294,False
72,106,34,-2.8209504789733884,False
23,97,74,-2.8209977836608884,False
47,154,107,-2.821141944885254,False
3,147,144,-2.8211762298583984,False
21,111,90,-2.821627268371582,False
62,136,74,-2.821727141418457,False
49,145,96,-2.8218716787719726,False
32,147,115,-2.8219046939086914,False
42,146,104,-2.821923976135254,False
52,88,36,-2.8220374786376956,False
131,150,19,-2.822241231689453,False
59,136,77,-2.82226947265625,False
64,157,93,-2.8223687109375,False
49,90,41,-2.822429811401367,False
126,147,21,-2.8225019348144533,False
81,114,33,-2.82255041595459,False
59,138,79,-2.8225764596557616,False
48,137,89,-2.82261977935791,False
65,89,24,-2.8226972814941407,False
30,89,59,-2.8227094036865235,False
8,59,51,-2.822722158203125,False
19,60,41,-2.8227829840087892,False
69,120,51,-2.8227857543945314,False
23,95,72,-2.8228486384582516,False
9,132,123,-2.822906510772705,False
47,151,104,-2.8229107870483396,False
39,108,69,-2.822939538269043,False
55,149,94,-2.8230752221679687,False
36,114,78,-2.823143594970703,False
46,115,69,-2.823228699645996,False
93,134,41,-2.8234141207885743,False
127,150,23,-2.823544183959961,False
109,138,29,-2.8237281524658204,False
43,133,90,-2.823908886413574,False
74,109,35,-2.8240132054138183,False
125,155,30,-2.824332182006836,False
45,136,91,-2.8243872805786134,False
104,154,50,-2.824448285522461,False
64,124,60,-2.824727631225586,False
58,154,96,-2.8247612341308597,False
38,97,59,-2.8248382597351074,False
42,132,90,-2.824982018737793,False
5,44,39,-2.82543520904541,False
128,152,24,-2.8254765335083007,False
37,97,60,-2.8256441003417967,False
32,61,29,-2.8257108517456055,False
31,118,87,-2.8257666278076172,False
8,55,47,-2.825770135803223,False
15,40,25,-2.825822691650391,False
110,147,37,-2.8258901278686523,False
42,144,102,-2.8261340127563477,False
6,36,30,-2.826355505371094,False
41,114,73,-2.8266806204223633,False
73,107,34,-2.826934626617432,False
36,80,44,-2.826965473327637,False
44,131,87,-2.8269724658203126,False
57,140,83,-2.8271831451416016,False
107,137,30,-2.8272268826293945,False
4,43,39,-2.8272535107421874,False
55,143,88,-2.827267834625244,False
24,36,12,-2.8273202816772462,False
93,127,34,-2.827329780578613,False
46,136,90,-2.8273422128295898,False
111,140,29,-2.828227234191895,False
84,147,63,-2.8282738403320313,False
128,145,17,-2.828386362609863,False
48,91,43,-2.8285287042236327,False
8,150,142,-2.828657572021484,False
43,148,105,-2.8289465310668946,False
63,138,75,-2.8290237811279297,False
8,47,39,-2.8293225816345213,False
19,139,120,-2.8293667474365236,False
40,107,67,-2.829551163635254,False
22,99,77,-2.8296691966247556,False
13,57,44,-2.829730647277832,False
59,153,94,-2.829977545166016,False
49,140,91,-2.830087857666016,False
119,157,38,-2.8303037783813476,False
20,128,108,-2.8304954257202146,False
40,113,73,-2.830644429321289,False
56,135,79,-2.8309707876586914,False
55,134,79,-2.831011421813965,False
53,137,84,-2.8311695889282227,False
42,143,101,-2.8312917514038083,False
71,120,49,-2.831334700622558,False
38,105,67,-2.8315311068725584,False
51,140,89,-2.8319697006225586,False
65,124,59,-2.8320365921020505,False
58,112,54,-2.832092107849121,False
47,81,34,-2.8321939294433593,False
95,156,61,-2.8323840414428707,False
45,140,95,-2.832543079223633,False
17,140,123,-2.8327306436157227,False
20,58,38,-2.832810813293457,False
70,120,50,-2.8330164892578127,False
42,120,78,-2.8330850271606445,False
61,135,74,-2.833128918457031,False
32,105,73,-2.833400537109375,False
13,45,32,-2.833546410522461,False
41,136,95,-2.833743946228027,False
132,151,19,-2.833807842102051,False
5,64,59,-2.8339689541625974,False
64,125,61,-2.83403477142334,False
128,150,22,-2.834041372680664,False
46,135,89,-2.8340539126586917,False
52,104,52,-2.8341258621215824,False
60,142,82,-2.8342073901367186,False
45,114,69,-2.8345396115112305,False
94,129,35,-2.834661094970703,False
89,118,29,-2.8348380780029294,False
48,156,108,-2.8348560403442384,False
15,113,98,-2.8349397595214847,False
5,80,75,-2.835108003540039,False
24,64,40,-2.835113064880371,False
56,143,87,-2.8351543533325194,False
54,133,79,-2.8351724346923826,False
60,152,92,-2.8352164041137695,False
47,149,102,-2.835250270996094,False
48,80,32,-2.8352845346069335,False
69,104,35,-2.835438058166504,False
24,97,73,-2.8355016496276853,False
42,114,72,-2.835528405456543,False
65,157,92,-2.8355380999755857,False
56,156,100,-2.835552442932129,False
52,141,89,-2.835842384033203,False
4,44,40,-2.8358438491821287,False
39,141,102,-2.835973817443848,False
13,46,33,-2.836301436462402,False
34,117,83,-2.836344978942871,False
43,115,72,-2.8363544338989257,False
104,153,49,-2.836660358581543,False
54,82,28,-2.836723925476074,False
39,139,100,-2.8369235610961914,False
45,115,70,-2.8370017935180663,False
11,60,49,-2.8370502990722657,False
25,97,72,-2.837313025512695,False
22,138,116,-2.8373403555297854,False
46,140,94,-2.8374680679321287,False
22,94,72,-2.837812420043945,False
53,150,97,-2.8380481173706054,False
50,90,40,-2.8381890686035156,False
27,64,37,-2.838224342651367,False
6,61,55,-2.8383153094482423,False
54,137,83,-2.8384147717285155,False
20,42,22,-2.8384643490600587,False
39,140,101,-2.838786599121094,False
95,137,42,-2.8387986752319336,False
29,119,90,-2.838841221923828,False
17,42,25,-2.83893219039917,False
48,116,68,-2.838992536621094,False
25,38,13,-2.839104062805176,False
35,132,97,-2.839240608520508,False
38,139,101,-2.839402577819824,False
56,141,85,-2.839574013366699,False
63,126,63,-2.8398878497314453,False
30,99,69,-2.8400233950805664,False
37,144,107,-2.840245817871094,False
23,98,75,-2.8403703465270995,False
54,136,82,-2.840710247497559,False
34,81,47,-2.8407324591064453,False
20,61,41,-2.8407766925048827,False
59,112,53,-2.8408157501220703,False
35,116,81,-2.841196982727051,False
95,153,58,-2.8412174508666994,False
15,133,118,-2.841377711791992,False
52,87,35,-2.84146775390625,False
72,120,48,-2.84166113861084,False
68,104,36,-2.8417011593627928,False
34,105,71,-2.8418112205505373,False
60,131,71,-2.8418832638549807,False
40,101,61,-2.8418966412353517,False
5,47,42,-2.841925,False
25,94,69,-2.8422666366577145,False
61,131,70,-2.8422960614013673,False
61,141,80,-2.84230250793457,False
125,154,29,-2.842516329650879,False
15,34,19,-2.842672705078125,False
68,105,37,-2.8426966326904295,False
44,114,70,-2.8428360705566407,False
46,128,82,-2.8429344384765622,False
32,84,52,-2.8430723205566406,False
90,129,39,-2.8431010314941405,False
57,151,94,-2.8431765408325194,False
53,149,96,-2.8432351159667966,False
43,119,76,-2.8432663723754885,False
25,41,16,-2.843327041015625,False
127,149,22,-2.8434364376831054,False
78,132,54,-2.8434648074340823,False
32,82,50,-2.8436094348144527,False
51,79,28,-2.8438759887695313,False
93,132,39,-2.8439398544311523,False
87,116,29,-2.8442885540771483,False
45,134,89,-2.8444342523193358,False
22,100,78,-2.8445719340515137,False
8,35,27,-2.845000185546875,False
47,152,105,-2.8450189881896977,False
27,123,96,-2.8453492153930666,False
19,101,82,-2.845358084411621,False
12,48,36,-2.8454464877319334,False
62,134,72,-2.845507685546875,False
129,151,22,-2.8455841958618167,False
15,59,44,-2.8456389190673828,False
33,106,73,-2.8457377035522464,False
54,149,95,-2.8457878063964843,False
52,77,25,-2.8461457202148437,False
130,151,21,-2.846182590332031,False
83,149,66,-2.846262344970703,False
91,125,34,-2.8465194241333007,False
36,134,98,-2.8465458911132813,False
43,117,74,-2.846553546142578,False
125,151,26,-2.846555461730957,False
50,106,56,-2.846564931640625,False
45,130,85,-2.84664166595459,False
14,59,45,-2.846824722290039,False
24,41,17,-2.846908993530273,False
109,150,41,-2.8469942337036134,False
37,79,42,-2.847060741577148,False
148,155,7,-2.8470898321533205,False
98,132,34,-2.8471393841552732,False
89,119,30,-2.8471679376220704,False
75,122,47,-2.8472258779907227,False
31,104,73,-2.8472363470458983,False
63,130,67,-2.847249588623047,False
21,138,117,-2.8473931832885744,False
134,146,12,-2.8475890774536134,False
49,122,73,-2.847851938018799,False
53,136,83,-2.8480378262329102,False
53,145,92,-2.8480547998046872,False
48,124,76,-2.8481554843139647,False
2,56,54,-2.84829217376709,False
43,149,106,-2.8486240411376955,False
21,102,81,-2.8486795155334472,False
7,45,38,-2.848850042114258,False
49,79,30,-2.8491945639038088,False
32,149,117,-2.8493241497802737,False
45,117,72,-2.849345612182617,False
42,128,86,-2.849372517242432,False
10,43,33,-2.8495503466796874,False
20,59,39,-2.849770655822754,False
28,62,34,-2.8498037741088864,False
33,82,49,-2.8503817044067383,False
17,60,43,-2.850468452453613,False
13,30,17,-2.8506748107910154,False
47,121,74,-2.8507018460083007,False
34,132,98,-2.850941156311035,False
54,138,84,-2.8511227978515623,False
12,45,33,-2.8511522033691405,False
30,61,31,-2.8511526690673827,False
65,121,56,-2.8512305612182614,False
42,121,79,-2.851383702087402,False
49,116,67,-2.85144123626709,False
50,103,53,-2.8514522988891597,False
70,122,52,-2.8516523837280277,False
11,44,33,-2.851793679199219,False
38,144,106,-2.851902957763672,False
33,132,99,-2.852013732910156,False
50,107,57,-2.8522028436279294,False
39,66,27,-2.8524696530151368,False
42,125,83,-2.852545435180664,False
118,138,20,-2.852786386413574,False
94,158,64,-2.852786883850098,False
22,35,13,-2.8528718002319335,False
60,141,81,-2.852953204650879,False
22,40,18,-2.8529986474609372,False
74,113,39,-2.8530980752563475,False
97,156,59,-2.853101672363281,False
9,102,93,-2.8538259088134765,False
15,60,45,-2.853876082611084,False
7,137,130,-2.853941515350342,False
93,157,64,-2.853951310424805,False
19,61,42,-2.8540488473510743,False
71,113,42,-2.854159600830078,False
124,155,31,-2.8542730657958986,False
44,134,90,-2.854349394226074,False
76,155,79,-2.8547906744384766,False
67,125,58,-2.854879500427246,False
52,145,93,-2.8548922773742675,False
79,154,75,-2.8549714947509766,False
17,58,41,-2.8551975497436524,False
54,150,96,-2.8553129287719727,False
11,63,52,-2.855433664550781,False
63,122,59,-2.8555728417968753,False
9,107,98,-2.8558140753173826,False
30,106,76,-2.855919045715332,False
60,113,53,-2.8563936337280276,False
42,133,91,-2.8564922094726564,False
43,143,100,-2.8565646490478516,False
56,153,97,-2.8567362594604493,False
89,133,44,-2.856767502746582,False
10,59,49,-2.8568216952514645,False
44,119,75,-2.8569482110595703,False
2,55,53,-2.8570005673217773,False
57,131,74,-2.8570407470703123,False
41,135,94,-2.8571672155761716,False
14,41,27,-2.857355414733887,False
70,104,34,-2.8574572607421875,False
54,83,29,-2.8575866693115235,False
70,123,53,-2.85760233001709,False
9,149,140,-2.857608388977051,False
11,134,123,-2.857695157775879,False
39,70,31,-2.857722588195801,False
46,126,80,-2.8578145196533202,False
43,132,89,-2.8578646517944337,False
53,139,86,-2.858218606262207,False
66,109,43,-2.8583213009643553,False
11,89,78,-2.858396803894043,False
38,138,100,-2.858683743286133,False
96,131,35,-2.858821664123535,False
69,156,87,-2.858981453857422,False
12,59,47,-2.8591408853149414,False
86,115,29,-2.8592193240356445,False
14,141,127,-2.8592618817138673,False
11,149,138,-2.859298424987793,False
68,157,89,-2.859444562072754,False
48,149,101,-2.8594648611450197,False
42,152,110,-2.8596610528564455,False
85,150,65,-2.85979457244873,False
69,121,52,-2.859993389892578,False
38,114,76,-2.8601760260009765,False
63,110,47,-2.860341086730957,False
8,60,52,-2.8603661218261722,False
47,115,68,-2.860424459838867,False
63,129,66,-2.860443734741211,False
118,137,19,-2.8604818020629885,False
93,129,36,-2.8605162109375,False
67,157,90,-2.860656632080078,False
46,133,87,-2.8607614834594726,False
38,137,99,-2.8607976007080076,False
45,85,40,-2.860810322265625,False
42,145,103,-2.860983198242187,False
53,86,33,-2.8611151782226565,False
53,140,87,-2.8613594522094727,False
62,139,77,-2.861411471252441,False
72,122,50,-2.8614230969238283,False
19,58,39,-2.8615565203857423,False
69,105,36,-2.861733131713867,False
46,132,86,-2.8619466339111326,False
50,105,55,-2.861993316040039,False
3,44,41,-2.8620443032836915,False
41,123,82,-2.862082550354004,False
43,128,85,-2.8621588320922853,False
16,141,125,-2.8621692474365235,False
55,135,80,-2.8624415313720704,False
23,35,12,-2.8626620581054687,False
94,132,38,-2.8626756829833986,False
87,154,67,-2.8627742636108398,False
76,112,36,-2.8629144708251952,False
37,152,115,-2.8633037939453123,False
71,106,35,-2.8633503128051756,False
48,147,99,-2.8635242312622067,False
105,136,31,-2.863663406982422,False
18,60,42,-2.8636944079589846,False
94,157,63,-2.863694510192871,False
23,137,114,-2.863885893249512,False
67,120,53,-2.863890205078125,False
42,127,85,-2.863947146911621,False
40,73,33,-2.864025010986328,False
44,115,71,-2.864078355102539,False
9,104,95,-2.864149048461914,False
21,93,72,-2.864173117675781,False
78,115,37,-2.864544311218262,False
58,135,77,-2.8647148641967775,False
78,114,36,-2.864825523071289,False
63,137,74,-2.864958334350586,False
8,33,25,-2.8649983767700196,False
51,108,57,-2.865153076171875,False
14,89,75,-2.8651806832885742,False
15,63,48,-2.865446026611328,False
11,64,53,-2.8656252725219726,False
38,145,107,-2.865869620056152,False
45,133,88,-2.865930848388672,False
3,70,67,-2.866109959106445,False
51,150,99,-2.8662152310180664,False
28,64,36,-2.8664490478515625,False
58,139,81,-2.8667496759033204,False
53,79,26,-2.866774662475586,False
61,142,81,-2.8671221875,False
13,55,42,-2.8674903158569336,False
84,151,67,-2.867890127258301,False
93,155,62,-2.8680727972412106,False
25,39,14,-2.868159510498047,False
132,150,18,-2.8682277752685548,False
66,126,60,-2.8682438882446286,False
86,145,59,-2.8685172784423827,False
126,151,25,-2.8685685153198244,False
5,56,51,-2.868865855407715,False
71,107,36,-2.8688827017211915,False
14,60,46,-2.8689256292724608,False
18,58,40,-2.8691465621948242,False
8,88,80,-2.869197515258789,False
50,142,92,-2.86948447265625,False
52,158,106,-2.8698457888793945,False
9,103,94,-2.870000941467285,False
76,122,46,-2.8702823352050784,False
54,142,88,-2.8705295330810547,False
82,152,70,-2.8706420419311525,False
15,140,125,-2.870677007446289,False
85,151,66,-2.870802002563477,False
35,80,45,-2.8709689178466795,False
39,67,28,-2.8709998220825197,False
103,135,32,-2.871122103729248,False
83,145,62,-2.871151115722656,False
59,113,54,-2.871215973510742,False
14,112,98,-2.8715040350341794,False
24,63,39,-2.8719908493041992,False
127,151,24,-2.8720820318603515,False
12,134,122,-2.872407289428711,False
104,137,33,-2.8726478549194336,False
14,64,50,-2.872825348815918,False
21,41,20,-2.8728323181152344,False
53,141,88,-2.8731037268066406,False
15,35,20,-2.8731563406372067,False
62,130,68,-2.8734796951293946,False
47,138,91,-2.8737177740478517,False
54,114,60,-2.873780792236328,False
43,147,104,-2.8738916268920898,False
85,152,67,-2.8740445236206056,False
47,114,67,-2.874059929199219,False
51,139,88,-2.8744854516601563,False
128,151,23,-2.8746734515380856,False
23,109,86,-2.874937488708496,False
2,54,52,-2.8749986715698244,False
46,88,42,-2.8752141333007812,False
111,142,31,-2.8752916076660155,False
37,133,96,-2.875524822692871,False
42,131,89,-2.8755999517822266,False
42,126,84,-2.875697421875,False
26,98,72,-2.8757264935302738,False
14,62,48,-2.8758608123779297,False
65,110,45,-2.8759400036621097,False
3,140,137,-2.8761040338134767,False
4,72,68,-2.876410857849121,False
52,140,88,-2.876707128601074,False
41,142,101,-2.8767218350219728,False
134,149,15,-2.8767772943115233,False
80,114,34,-2.8768188488769533,False
8,54,46,-2.876827448730469,False
28,99,71,-2.876956256713867,False
62,110,48,-2.8769860708618165,False
94,136,42,-2.8770044586181642,False
84,152,68,-2.8770836215209963,False
66,113,47,-2.8770884268188475,False
40,108,68,-2.877277633666992,False
18,101,83,-2.8773966247558596,False
86,116,30,-2.877432445373535,False
51,106,55,-2.8774994061279298,False
18,41,23,-2.8776542567443846,False
15,102,87,-2.87768600189209,False
5,45,40,-2.8777131265258786,False
58,152,94,-2.8777133102416994,False
39,77,38,-2.8779976983642577,False
6,62,56,-2.878029497680664,False
61,111,50,-2.8781445889282224,False
36,105,69,-2.8781658506774903,False
28,121,93,-2.878185769042969,False
94,128,34,-2.878207334289551,False
28,106,78,-2.8783494076538085,False
6,64,58,-2.8784178286743165,False
84,150,66,-2.8785403366088866,False
61,126,65,-2.8785808746337893,False
58,151,93,-2.878615485839844,False
105,135,30,-2.8789875704956054,False
41,120,79,-2.8790781771850584,False
19,92,73,-2.8790889013671874,False
111,144,33,-2.879124316101074,False
38,115,77,-2.8791579339599607,False
6,60,54,-2.879316405029297,False
43,145,102,-2.879679214477539,False
56,145,89,-2.879721262664795,False
16,42,26,-2.879801244049072,False
14,140,126,-2.8798448696899412,False
59,139,80,-2.8798782522583006,False
27,63,36,-2.879934757385254,False
16,90,74,-2.8800145529174808,False
23,63,40,-2.8801985510253907,False
46,118,72,-2.8802367864990233,False
38,141,103,-2.8804712579345706,False
130,144,14,-2.8805841223144535,False
32,99,67,-2.880663591003418,False
13,133,120,-2.8806734841918944,False
8,45,37,-2.880693420715332,False
94,130,36,-2.8807743081665036,False
47,120,73,-2.880805506591797,False
44,111,67,-2.8810331185913087,False
87,149,62,-2.881251643981934,False
50,114,64,-2.88126591506958,False
45,131,86,-2.8814619662475587,False
47,126,79,-2.8815809280395506,False
39,137,98,-2.8816390570068355,False
39,99,60,-2.881737861022949,False
3,71,68,-2.881870647277832,False
106,137,31,-2.8819043353271483,False
17,113,96,-2.881905818481445,False
39,133,94,-2.8819849966430664,False
47,131,84,-2.882058071899414,False
71,123,52,-2.8821094650268555,False
40,111,71,-2.8822956207275388,False
41,146,105,-2.8823435107421878,False
42,134,92,-2.8825593966674807,False
37,135,98,-2.8826854913330076,False
56,149,93,-2.882756464233398,False
5,65,60,-2.8828526107788086,False
23,100,77,-2.883407075500488,False
98,133,35,-2.8835037857055665,False
44,132,88,-2.8835903948974613,False
12,90,78,-2.8837165884399414,False
14,40,26,-2.883884158477783,False
26,107,81,-2.8840478125,False
48,125,77,-2.884259641418457,False
38,98,60,-2.8842606161499025,False
51,107,56,-2.8842619512939454,False
48,153,105,-2.884322635498047,False
23,62,39,-2.8843667056274414,False
90,133,43,-2.8844812249755862,False
14,133,119,-2.884550328979492,False
13,48,35,-2.8845873843383787,False
59,130,71,-2.8846694650268554,False
31,100,69,-2.8846804385375977,False
6,42,36,-2.8847295877075196,False
74,154,80,-2.8847454107666017,False
51,78,27,-2.8848481427001955,False
39,69,30,-2.8850975457763672,False
40,136,96,-2.885166826477051,False
21,40,19,-2.885193739929199,False
13,32,19,-2.8853732022094727,False
89,134,45,-2.8854022616577146,False
37,145,108,-2.8854383331298825,False
93,136,43,-2.8854616555786134,False
86,149,63,-2.88588335357666,False
44,117,73,-2.8859465887451172,False
53,80,27,-2.8860323886108397,False
49,80,31,-2.8860841946411133,False
61,132,71,-2.886426456298828,False
66,107,41,-2.886609044494629,False
49,149,100,-2.8866500329589844,False
47,137,90,-2.886657937316895,False
41,144,103,-2.886682389831543,False
133,150,17,-2.886713039855957,False
46,134,88,-2.886738418273926,False
6,43,37,-2.8867746585083007,False
36,132,96,-2.886784408569336,False
62,129,67,-2.8870576141357422,False
39,112,73,-2.8873033972167965,False
47,136,89,-2.887426195373535,False
64,127,63,-2.8874618014526368,False
68,129,61,-2.8874798837280276,False
53,81,28,-2.8875153479003908,False
57,150,93,-2.8875389559936524,False
129,145,16,-2.887571466369629,False
64,134,70,-2.8876204776000973,False
37,151,114,-2.8876506689453123,False
15,62,47,-2.887661213378906,False
18,102,84,-2.8876961668395995,False
49,120,71,-2.888351890869141,False
64,121,57,-2.8884097958374024,False
23,94,71,-2.8884692910766603,False
74,122,48,-2.8886074447631835,False
49,139,90,-2.888775579528809,False
41,121,80,-2.8888775845336916,False
95,155,60,-2.88905243347168,False
6,82,76,-2.8892626834106445,False
42,119,77,-2.889469733276367,False
124,154,30,-2.889504708557129,False
3,45,42,-2.8895528494262694,False
18,59,41,-2.8899045614624024,False
64,128,64,-2.88999655670166,False
65,126,61,-2.8900066671752933,False
45,118,73,-2.8900282168579103,False
9,43,34,-2.89017114654541,False
34,144,110,-2.8902214715576173,False
37,115,78,-2.8903488360595704,False
71,122,51,-2.8904554379272462,False
42,148,106,-2.8907379809570313,False
29,133,104,-2.890841827697754,False
32,117,85,-2.8909494583129884,False
60,129,69,-2.891025991821289,False
7,54,47,-2.891061170349121,False
69,124,55,-2.8915386276245116,False
39,100,61,-2.8915716482543945,False
51,144,93,-2.891894797363281,False
6,55,49,-2.8919279742431643,False
93,156,63,-2.892032910766601,False
16,101,85,-2.8920422760009763,False
28,63,35,-2.892120883178711,False
77,124,47,-2.8926184078979493,False
62,156,94,-2.8926754888916015,False
94,155,61,-2.8927636614990235,False
65,90,25,-2.892927942199707,False
13,101,88,-2.8930925473022464,False
75,112,37,-2.893145090637207,False
69,126,57,-2.8932327633666994,False
54,134,80,-2.8933573547363283,False
129,150,21,-2.8940041345214844,False
38,140,102,-2.894147062072754,False
40,130,90,-2.894475816345215,False
83,144,61,-2.894531455688477,False
91,126,35,-2.8946733404541014,False
42,147,105,-2.8947129403686525,False
91,123,32,-2.894770464782715,False
52,150,98,-2.894841819763184,False
80,115,35,-2.8949907598876954,False
18,131,113,-2.8953398861694337,False
40,135,95,-2.8953433810424807,False
49,150,101,-2.8953993185424807,False
58,130,72,-2.8957366979980472,False
5,66,61,-2.8957532357788085,False
62,126,64,-2.895866350708008,False
41,124,83,-2.895951957092285,False
71,156,85,-2.8960144964599612,False
50,104,54,-2.8960822506713866,False
90,154,64,-2.8962284480285647,False
58,141,83,-2.8965562826538087,False
19,59,40,-2.8965664663696287,False
6,63,57,-2.896667594909668,False
4,147,143,-2.8967332766723635,False
58,142,84,-2.8971081481933596,False
75,111,36,-2.8971497277832032,False
61,112,51,-2.8971707788085936,False
40,133,93,-2.8972822186279297,False
57,143,86,-2.8973156729125975,False
51,105,54,-2.8973280752563477,False
17,59,42,-2.897655198364258,False
53,84,31,-2.897777818908691,False
91,154,63,-2.8978883575439456,False
102,135,33,-2.8979859967041017,False
94,156,62,-2.8980676773071288,False
50,141,91,-2.8984631869506834,False
63,134,71,-2.8985144271850585,False
52,139,87,-2.8985177478027344,False
10,48,38,-2.8987275656127927,False
55,156,101,-2.899023689880371,False
67,129,62,-2.8990706646728515,False
10,62,52,-2.8993408416748045,False
8,64,56,-2.8997475711059573,False
7,87,80,-2.899828083496094,False
18,90,72,-2.900076698913574,False
64,142,78,-2.9001106240844727,False
48,111,63,-2.9001998483276368,False
93,135,42,-2.900290192871094,False
52,137,85,-2.9003803271484374,False
73,110,37,-2.9004662854003906,False
48,131,83,-2.9006741262817384,False
32,104,72,-2.9007577529907227,False
33,146,113,-2.900978399047852,False
10,60,50,-2.901089347229004,False
86,154,68,-2.901281461791992,False
4,56,52,-2.901374069213867,False
13,146,133,-2.901474025878906,False
19,41,22,-2.901678491821289,False
67,121,54,-2.901772020263672,False
82,133,51,-2.9020845703125,False
69,118,49,-2.9022614517211913,False
51,143,92,-2.90247662109375,False
62,135,73,-2.9025552905273435,False
6,54,48,-2.902661864624023,False
30,88,58,-2.9026796701049804,False
81,133,52,-2.9029733184814455,False
53,148,95,-2.903076371765137,False
108,151,43,-2.903473137207031,False
12,64,52,-2.9037195040893553,False
51,104,53,-2.903775559082031,False
55,150,95,-2.903790142211914,False
63,157,94,-2.90405915435791,False
66,124,58,-2.904183966064453,False
58,140,82,-2.904545933532715,False
49,156,107,-2.904550725097656,False
68,127,59,-2.9050607733154297,False
103,136,33,-2.9050705224609374,False
49,153,104,-2.9052003132629394,False
77,114,37,-2.9052143240356445,False
46,83,37,-2.905251363220215,False
35,142,107,-2.905378668212891,False
85,154,69,-2.905488374633789,False
64,133,69,-2.9055680090332032,False
63,131,68,-2.9056030242919926,False
38,104,66,-2.9056665722656247,False
37,134,97,-2.905701664428711,False
64,113,49,-2.9057475317382813,False
7,47,40,-2.905958503570557,False
4,45,41,-2.9059611813354493,False
86,144,58,-2.9059644668579105,False
133,148,15,-2.906081554260254,False
65,111,46,-2.906116467590332,False
85,147,62,-2.9062482742309568,False
2,48,46,-2.9063744763183594,False
92,154,62,-2.906585206451416,False
33,150,117,-2.9068789947509766,False
19,112,93,-2.906930191955566,False
23,108,85,-2.907212078552246,False
21,34,13,-2.907217068786621,False
35,130,95,-2.907233551025391,False
63,141,78,-2.907271567687988,False
8,62,54,-2.9073202700805667,False
89,132,43,-2.9073652032470703,False
51,103,52,-2.9075667266845704,False
76,111,35,-2.9077010388183595,False
25,63,38,-2.9077226635742184,False
43,144,101,-2.907752813720703,False
63,142,79,-2.907797060852051,False
12,147,135,-2.908280570678711,False
21,64,43,-2.9084588562011717,False
24,94,70,-2.908614456329346,False
47,119,72,-2.9087238314819337,False
105,152,47,-2.908907198181152,False
14,35,21,-2.9089826809692383,False
49,146,97,-2.90920549621582,False
55,157,102,-2.909536671142578,False
11,45,34,-2.909666969604492,False
87,152,65,-2.9098094107055665,False
43,130,87,-2.9098348956298827,False
91,133,42,-2.9098752755737305,False
7,66,59,-2.9100722915649415,False
48,152,104,-2.910105273590088,False
37,78,41,-2.910422915649414,False
49,121,72,-2.9104433560180665,False
63,152,89,-2.91071401550293,False
134,148,14,-2.911188725891113,False
43,134,91,-2.9113542620849606,False
67,113,46,-2.9113667614746093,False
83,152,69,-2.911496652832031,False
16,102,86,-2.9117877322387695,False
6,44,38,-2.9120333633422852,False
83,151,68,-2.9121931149291993,False
63,123,60,-2.9122344219970704,False
75,154,79,-2.912418896484375,False
52,136,84,-2.912584517211914,False
37,117,80,-2.9125881066894532,False
61,150,89,-2.9125986796569827,False
78,123,45,-2.9126849353027344,False
24,124,100,-2.9129500482177733,False
56,114,58,-2.9129520626831056,False
3,72,69,-2.9129661434936525,False
29,99,70,-2.912973674011231,False
3,65,62,-2.913022075805664,False
85,133,48,-2.913043125,False
50,80,30,-2.913398054199219,False
46,129,83,-2.9134433541870117,False
77,116,39,-2.913484272766113,False
39,71,32,-2.9136605880737307,False
63,151,88,-2.913713178100586,False
54,139,85,-2.9139809115600586,False
66,108,42,-2.914047339172363,False
42,115,73,-2.9140700592041013,False
85,148,63,-2.914202915344238,False
4,65,61,-2.914578086242676,False
4,66,62,-2.914670655822754,False
8,46,38,-2.914696597290039,False
49,124,75,-2.9147836129760742,False
52,144,92,-2.914789603271484,False
14,134,120,-2.9149972122192382,False
62,155,93,-2.915224085998535,False
61,140,79,-2.9152277792358396,False
40,142,102,-2.9152868661499025,False
84,148,64,-2.9153695446777346,False
73,155,82,-2.915545876159668,False
54,157,103,-2.915648177490234,False
94,154,60,-2.9157672470092773,False
5,55,50,-2.9158007766723633,False
25,107,82,-2.915890514831543,False
70,105,35,-2.916046937866211,False
51,158,107,-2.9161638601684574,False
62,153,91,-2.9162965994262695,False
22,63,41,-2.9163485327148435,False
39,138,99,-2.9164131652832035,False
65,125,60,-2.916442167663574,False
30,132,102,-2.9164509912109375,False
66,130,64,-2.916500936279297,False
45,128,83,-2.91654300201416,False
38,146,108,-2.916654317626953,False
86,136,50,-2.9170557736206058,False
10,53,43,-2.917072025756836,False
53,138,85,-2.917098629760742,False
89,129,40,-2.9174306845092772,False
110,139,29,-2.9174918003845214,False
47,117,70,-2.9175905493164063,False
33,98,65,-2.9177352755737305,False
20,101,81,-2.9180607022094724,False
10,89,79,-2.918066984863281,False
22,62,40,-2.9182011419677734,False
89,131,42,-2.9182157336425782,False
6,47,41,-2.918378514099121,False
84,146,62,-2.918413609008789,False
57,114,57,-2.9185542193603515,False
7,149,142,-2.918786965332031,False
54,151,97,-2.9188643533325194,False
29,64,35,-2.919555032043457,False
79,122,43,-2.919560626220703,False
64,131,67,-2.919764254760742,False
35,117,82,-2.919912155151367,False
35,63,28,-2.9199629095458985,False
8,135,127,-2.9200321919250487,False
77,122,45,-2.92005912322998,False
82,151,69,-2.9203419802856443,False
12,62,50,-2.9203973233032228,False
56,146,90,-2.9206407238769527,False
93,130,37,-2.9206433334350583,False
41,143,102,-2.9208129470825197,False
95,131,36,-2.920907774353027,False
92,128,36,-2.921063091430664,False
45,132,87,-2.921098954772949,False
48,110,62,-2.921267851867676,False
54,135,81,-2.9212700634765625,False
63,127,64,-2.9215301565551757,False
57,145,88,-2.9215438623046874,False
74,112,38,-2.9215591305541992,False
32,148,116,-2.9216080337524413,False
110,140,30,-2.9216109466552735,False
50,79,29,-2.922097610778809,False
27,106,79,-2.9221078775024414,False
49,114,65,-2.9221373306274416,False
47,128,81,-2.922399415588379,False
59,135,76,-2.9225845184326174,False
128,146,18,-2.9226175601196287,False
88,129,41,-2.9229416680908202,False
70,112,42,-2.9229580419921875,False
4,55,51,-2.9231768997192384,False
54,153,99,-2.9231941275024416,False
24,98,74,-2.923331502532959,False
48,133,85,-2.923416857299805,False
3,55,52,-2.9234591232299807,False
88,145,57,-2.923690563659668,False
109,148,39,-2.9237232687377928,False
13,61,48,-2.9238816348266603,False
108,138,30,-2.924298659362793,False
48,134,86,-2.92442746887207,False
59,140,81,-2.9246131320190427,False
68,118,50,-2.9247629528808594,False
88,133,45,-2.92487028717041,False
41,145,104,-2.9249221752929686,False
48,115,67,-2.924998970031738,False
53,146,93,-2.9252843032836915,False
7,65,58,-2.9252873052978514,False
17,101,84,-2.925330362854004,False
51,89,38,-2.9254623037719725,False
50,143,93,-2.92578668548584,False
102,136,34,-2.925917088012695,False
63,124,61,-2.9261733303833006,False
65,120,55,-2.926258464355469,False
86,143,57,-2.9264535919189454,False
44,128,84,-2.9264587750244138,False
88,131,43,-2.9265175955200196,False
86,133,47,-2.9266792544555664,False
48,127,79,-2.9268892715454102,False
54,156,102,-2.9271168359375,False
10,134,124,-2.9271564694213867,False
39,152,113,-2.9271860220336916,False
10,49,39,-2.927421242370605,False
64,143,79,-2.927554983825684,False
20,92,72,-2.9275592935180663,False
77,115,38,-2.927669033508301,False
3,66,63,-2.9277198791503904,False
53,157,104,-2.9279322836303714,False
50,150,100,-2.928158987426758,False
83,133,50,-2.9283662966918946,False
56,150,94,-2.9287955844116214,False
41,127,86,-2.9289952722167967,False
101,155,54,-2.9290023013305664,False
31,120,89,-2.929007899169922,False
89,154,65,-2.929085612335205,False
88,132,44,-2.929095076904297,False
51,151,100,-2.9291330865478513,False
63,113,50,-2.929367215881348,False
56,132,76,-2.929407055053711,False
4,47,43,-2.929565363769531,False
86,152,66,-2.9297896142578126,False
127,148,21,-2.9298653030395507,False
28,100,72,-2.9300427990722655,False
61,128,67,-2.9300969833374024,False
41,149,108,-2.930240842895508,False
19,63,44,-2.9303422856140138,False
130,145,15,-2.9303732662963866,False
72,123,51,-2.930394682312012,False
9,60,51,-2.930703360595703,False
29,90,61,-2.9307047372436523,False
17,90,73,-2.9307172378540036,False
2,51,49,-2.931218610229492,False
109,149,40,-2.931227459106445,False
6,38,32,-2.9312377478027343,False
78,122,44,-2.9314858489990234,False
77,154,77,-2.9316005923461916,False
23,126,103,-2.931865714416504,False
53,133,80,-2.931881991882324,False
16,61,45,-2.93231629486084,False
63,136,73,-2.9323253747558597,False
50,151,101,-2.9325434521484377,False
40,112,72,-2.9325729553222657,False
63,153,90,-2.9325956195068357,False
98,131,33,-2.9326296621704104,False
96,137,41,-2.932679784240723,False
83,150,67,-2.93282448059082,False
53,143,90,-2.9328847555541993,False
51,88,37,-2.9328943533325194,False
6,40,34,-2.9330337622070313,False
38,147,109,-2.9330656646728515,False
37,146,109,-2.9331934268188475,False
87,133,46,-2.9334116259765626,False
14,34,20,-2.9335532922363283,False
68,156,88,-2.933694154968262,False
62,133,71,-2.933767206726074,False
42,149,107,-2.9338117639160157,False
84,143,59,-2.933872496032715,False
53,151,98,-2.9341573348999024,False
59,141,82,-2.9342425585937497,False
77,123,46,-2.9342768267822263,False
41,115,74,-2.93446515625,False
55,146,91,-2.934478090362549,False
41,126,85,-2.934524066467285,False
13,145,132,-2.9346696334838867,False
57,149,92,-2.934788462219238,False
37,143,106,-2.9347931268310545,False
80,152,72,-2.9348022094726565,False
95,139,44,-2.9348403176879883,False
16,58,42,-2.934850126647949,False
94,135,41,-2.934917763977051,False
69,125,56,-2.9349953295898437,False
95,154,59,-2.935010714416504,False
43,131,88,-2.935081668395996,False
87,146,59,-2.935087568359375,False
48,121,73,-2.935195454101563,False
78,116,38,-2.9352939154052735,False
55,153,98,-2.9354353186035156,False
56,152,96,-2.935599879760742,False
56,130,74,-2.9356232888793947,False
84,145,61,-2.935684174194336,False
12,63,51,-2.935752348937988,False
3,69,66,-2.9358342401123045,False
38,99,61,-2.9358519039916993,False
24,38,14,-2.935887056274414,False
51,145,94,-2.9359101510620116,False
71,126,55,-2.9360120462036132,False
35,151,116,-2.93609447265625,False
46,89,43,-2.936326881713867,False
22,64,42,-2.936466581726074,False
53,144,91,-2.936772060852051,False
3,73,70,-2.93690989654541,False
12,146,134,-2.936955832824707,False
76,126,50,-2.9370552688598632,False
82,150,68,-2.937062051086426,False
10,52,42,-2.93708618347168,False
25,64,39,-2.9371105056762694,False
39,151,112,-2.937224637756348,False
48,120,72,-2.937465777282715,False
12,42,30,-2.937589244689941,False
74,120,46,-2.93768162322998,False
110,141,31,-2.9377213235473634,False
88,122,34,-2.937784434814453,False
58,132,74,-2.9380113684082034,False
23,99,76,-2.9380400253295895,False
26,134,108,-2.938257203674316,False
35,152,117,-2.9383243826293945,False
75,133,58,-2.9384118682861327,False
25,135,110,-2.9384367440795898,False
39,136,97,-2.9385886550903324,False
56,144,88,-2.938712133331299,False
64,120,56,-2.938771771850586,False
29,106,77,-2.938789938659668,False
81,142,61,-2.938842202453613,False
63,139,76,-2.938916971130371,False
93,152,59,-2.9389701885986326,False
133,149,16,-2.9394499319458007,False
43,129,86,-2.939458133544922,False
24,37,13,-2.9395024517822264,False
65,113,48,-2.939599828491211,False
53,85,32,-2.9396645501708987,False
9,62,53,-2.939725153808594,False
4,54,50,-2.9402228717041017,False
66,157,91,-2.9403005987548827,False
79,116,37,-2.940412084350586,False
5,147,142,-2.940653397216797,False
78,124,46,-2.940691622924805,False
73,122,49,-2.9407321243286133,False
48,119,71,-2.940732865905762,False
51,87,36,-2.9407510458374024,False
99,134,35,-2.9409046781921386,False
35,103,68,-2.941282389831543,False
36,144,108,-2.9414709396362304,False
55,145,90,-2.9415606843566895,False
39,130,91,-2.9415800976562503,False
5,46,41,-2.94161554107666,False
18,33,15,-2.941627554016113,False
108,150,42,-2.941678189697266,False
81,140,59,-2.941809956359863,False
72,126,54,-2.9418310791015623,False
14,63,49,-2.9419368035888676,False
88,154,66,-2.9422613806152342,False
81,152,71,-2.94245362121582,False
90,141,51,-2.9425465750122073,False
63,133,70,-2.942602084350586,False
37,130,93,-2.943137780151367,False
63,125,62,-2.9436559411621093,False
37,98,61,-2.9437860614013673,False
63,135,72,-2.9439931344604493,False
49,119,70,-2.94420938659668,False
50,144,94,-2.944215953063965,False
26,63,37,-2.9446686138916016,False
40,143,103,-2.9448110638427734,False
28,122,94,-2.9452293106079104,False
49,148,99,-2.9453065145874024,False
93,128,35,-2.9453465798950194,False
60,151,91,-2.945379969177246,False
134,147,13,-2.945451760864258,False
9,64,55,-2.9455152243041995,False
62,113,51,-2.9455934701538085,False
56,155,99,-2.9456231137084963,False
37,147,110,-2.945750540466309,False
91,124,33,-2.945959797973633,False
87,137,50,-2.9459867642211917,False
2,52,50,-2.946065949707031,False
3,56,53,-2.9460998876953126,False
18,138,120,-2.9462090380859376,False
79,126,47,-2.9464139566040037,False
3,47,44,-2.9464884149169923,False
80,140,60,-2.9465141314697267,False
82,116,34,-2.9466759985351563,False
59,152,93,-2.946873529968262,False
34,118,84,-2.9470294293212893,False
50,156,106,-2.9470471731567383,False
9,134,125,-2.947078150024414,False
59,132,73,-2.947240573120117,False
93,137,44,-2.9474752069091794,False
48,136,88,-2.947559546203613,False
28,105,77,-2.9476291860961914,False
62,154,92,-2.9476361657714842,False
131,144,13,-2.947656474304199,False
55,144,89,-2.9476851432800295,False
9,89,80,-2.947753538513184,False
39,131,92,-2.9480632901000976,False
105,137,32,-2.9485169522094727,False
86,137,51,-2.9485349639892577,False
17,112,95,-2.9485635403442383,False
92,129,37,-2.948651642456055,False
91,129,38,-2.948697713623047,False
83,143,60,-2.9487047296142577,False
54,145,91,-2.948785122680664,False
30,119,89,-2.9490662567138672,False
69,119,50,-2.949108239440918,False
3,74,71,-2.949175704345703,False
6,37,31,-2.9492425988769533,False
54,141,87,-2.9492882427978513,False
97,136,39,-2.949296128845215,False
16,59,43,-2.94939983795166,False
129,148,19,-2.9497004064941406,False
57,129,72,-2.949738559265137,False
78,152,74,-2.9501249450683593,False
21,110,89,-2.9501855166625974,False
26,64,38,-2.9509193225097654,False
12,38,26,-2.9510480358886717,False
128,149,21,-2.9510683126831054,False
13,147,134,-2.951125586242676,False
17,139,122,-2.9512300708007815,False
41,125,84,-2.9512933627319335,False
43,118,75,-2.9515210894775388,False
61,127,66,-2.9515342266845703,False
73,113,40,-2.9516355187988284,False
54,140,86,-2.9517054537963867,False
53,135,82,-2.951833392944336,False
66,121,55,-2.951852419128418,False
64,111,47,-2.9519595196533204,False
68,113,45,-2.952234678955078,False
83,148,65,-2.9523552450561525,False
83,146,63,-2.9524175070190433,False
17,102,85,-2.952686481018066,False
131,149,18,-2.95286231048584,False
11,148,137,-2.9530996502685545,False
30,105,75,-2.9531310577392578,False
95,138,43,-2.9532903192138673,False
39,68,29,-2.953774150390625,False
6,45,39,-2.9538412802124023,False
90,132,42,-2.9538471975708007,False
41,117,76,-2.953969159545898,False
72,125,53,-2.954046815490723,False
15,64,49,-2.9541031369018556,False
93,154,61,-2.9541858493041993,False
31,103,72,-2.9544107830810544,False
9,106,97,-2.954486116027832,False
64,152,88,-2.9544902014160157,False
16,60,44,-2.9548901492309567,False
15,89,74,-2.9550029959106445,False
21,62,41,-2.9550372650146484,False
8,136,128,-2.9551314208984376,False
110,146,36,-2.955190725402832,False
41,116,75,-2.95526883972168,False
34,98,64,-2.955322260131836,False
8,49,41,-2.9553263381958006,False
40,152,112,-2.955431567687988,False
90,134,44,-2.9555396179199223,False
12,60,48,-2.9557386004638673,False
3,145,142,-2.9560216996765134,False
79,125,46,-2.956122355041504,False
133,147,14,-2.9561888055419923,False
61,143,82,-2.956202420349121,False
50,89,39,-2.9562194424438477,False
23,41,18,-2.9563118606567382,False
26,93,67,-2.9563221942138673,False
39,74,35,-2.956349954223633,False
31,119,88,-2.9564462371826172,False
59,142,83,-2.9564578689575196,False
24,125,101,-2.9565611434936523,False
7,36,29,-2.956592094421387,False
39,132,93,-2.956673294067383,False
83,154,71,-2.956734713745117,False
10,46,36,-2.956766256713867,False
42,116,74,-2.9569409399414064,False
6,81,75,-2.9570301901245117,False
57,115,58,-2.9571442471313474,False
77,153,76,-2.9571479992675784,False
3,141,138,-2.9571984574890138,False
66,110,44,-2.9572121182250974,False
18,62,44,-2.957574225921631,False
52,149,97,-2.957819323425293,False
54,148,94,-2.957820078125,False
64,141,77,-2.9578573211669923,False
50,153,103,-2.9582040565490724,False
71,110,39,-2.9582606643676757,False
36,143,107,-2.9584241888427734,False
18,40,22,-2.9584315106201173,False
9,44,35,-2.958450577697754,False
47,132,85,-2.958549671936035,False
67,156,89,-2.958746615600586,False
78,133,55,-2.9587581954956055,False
4,71,67,-2.958858063659668,False
55,114,59,-2.9589224667358396,False
22,102,80,-2.9589773934936523,False
92,127,35,-2.959285022583008,False
71,112,41,-2.959379881591797,False
47,133,86,-2.9593904794311525,False
19,130,111,-2.959488343811035,False
40,144,104,-2.959501513366699,False
56,131,75,-2.9596665805053712,False
21,128,107,-2.959701410217285,False
16,140,124,-2.959764897155762,False
82,142,60,-2.960010287475586,False
36,63,27,-2.960017163696289,False
82,140,58,-2.96005196685791,False
50,140,90,-2.960078265991211,False
62,122,60,-2.9601355267333984,False
28,91,63,-2.9601893600463867,False
7,41,34,-2.960289972229004,False
81,132,51,-2.960355220031738,False
36,142,106,-2.9603764157104493,False
34,80,46,-2.9604634078979495,False
49,115,66,-2.960630021057129,False
5,79,74,-2.9607364920043944,False
77,126,49,-2.960798496398926,False
37,142,105,-2.960950707702637,False
67,127,60,-2.960999916687012,False
96,155,59,-2.9610437118530273,False
14,102,88,-2.9612055865478517,False
67,106,39,-2.9612633407592774,False
41,148,107,-2.9614042636108397,False
21,101,80,-2.961434818725586,False
9,45,36,-2.961437319335938,False
56,115,59,-2.9615996725463867,False
7,40,33,-2.9617851425170896,False
16,89,73,-2.9619030099487302,False
61,114,53,-2.961946156005859,False
87,134,47,-2.9619641000366213,False
73,120,47,-2.9621937686157223,False
86,129,43,-2.9622644644165037,False
85,145,60,-2.9623465707397463,False
52,146,94,-2.962437119445801,False
37,132,95,-2.962530967102051,False
62,141,79,-2.9625375958251956,False
35,143,108,-2.9626834460449216,False
8,42,34,-2.9627113580322266,False
50,155,105,-2.9627251251220703,False
65,153,88,-2.962805675354004,False
5,139,134,-2.9631169357299805,False
22,137,115,-2.963236022644043,False
133,146,13,-2.9633142596435547,False
110,145,35,-2.963406268310547,False
55,132,77,-2.9636091506958007,False
53,83,30,-2.9636432699584963,False
49,152,103,-2.963685080566406,False
30,120,90,-2.963732790527344,False
3,54,51,-2.9638128872680665,False
22,93,71,-2.9639423016357425,False
68,128,60,-2.9639782693481442,False
39,102,63,-2.964241516418457,False
41,147,106,-2.9643198626708984,False
9,46,37,-2.9644619311523437,False
87,150,63,-2.964542632446289,False
102,153,51,-2.964630323791504,False
58,145,87,-2.9646781539916995,False
22,36,14,-2.9647035723876956,False
35,129,94,-2.96480914276123,False
97,135,38,-2.964838950805664,False
10,63,53,-2.965222893371582,False
69,129,60,-2.9652434188842776,False
14,139,125,-2.965298896789551,False
66,129,63,-2.9653174768066406,False
67,114,47,-2.965406140136719,False
90,126,36,-2.96564833190918,False
82,145,63,-2.9656806512451173,False
51,114,63,-2.9660725073242187,False
41,119,78,-2.966098658752441,False
52,148,96,-2.9661627401733397,False
78,142,64,-2.966182009277344,False
66,120,54,-2.966189529418945,False
10,44,34,-2.96625024597168,False
48,132,84,-2.9665668035888673,False
25,98,73,-2.9666171897888183,False
20,138,118,-2.9666850341796875,False
54,132,78,-2.966688411254883,False
130,150,20,-2.966843866577148,False
38,78,40,-2.9670469219970705,False
42,130,88,-2.967082231750488,False
54,152,98,-2.967166011657715,False
54,143,89,-2.967167907409668,False
65,156,91,-2.9674885037231444,False
48,126,78,-2.9677165536499026,False
79,152,73,-2.967726488647461,False
61,122,61,-2.9677499768066404,False
67,115,48,-2.9678331311035158,False
10,109,99,-2.967845810546875,False
72,107,35,-2.9678466842651368,False
59,131,72,-2.967847124328613,False
22,37,15,-2.967924698791504,False
12,41,29,-2.9679660174560545,False
38,143,105,-2.968067191467285,False
38,136,98,-2.9680767498779295,False
4,145,141,-2.9681493228149414,False
53,134,81,-2.9681532879638675,False
12,40,28,-2.968187150878906,False
47,130,83,-2.9683724786376953,False
64,138,74,-2.968400225219727,False
36,130,94,-2.96852950378418,False
37,116,79,-2.968529617919922,False
8,63,55,-2.968750726013184,False
5,54,49,-2.96883647644043,False
39,101,62,-2.969000308532715,False
62,131,69,-2.969103178710937,False
21,137,116,-2.9693457983398437,False
3,75,72,-2.969591115722656,False
24,40,16,-2.9695951947021486,False
79,123,44,-2.970080526123047,False
46,84,38,-2.9701876794433595,False
107,150,43,-2.9706575067138674,False
53,82,29,-2.9707582431030275,False
109,147,38,-2.970787699584961,False
40,120,80,-2.970834450378418,False
87,136,49,-2.9708412106323245,False
39,144,105,-2.971167961425781,False
81,124,43,-2.971393936767578,False
84,144,60,-2.9714527102661132,False
68,119,51,-2.971507084350586,False
76,154,78,-2.9716738778686524,False
41,128,87,-2.971676150817871,False
8,149,141,-2.971795633544922,False
86,134,48,-2.9718703375244138,False
19,138,119,-2.9720004730224607,False
73,108,35,-2.972202552185059,False
90,123,33,-2.9722071408081057,False
51,80,29,-2.972567622680664,False
2,53,51,-2.972633249206543,False
49,147,98,-2.9729988522338866,False
7,86,79,-2.9733070993041992,False
94,137,43,-2.973771413879395,False
67,130,63,-2.9740519049072267,False
55,152,97,-2.9741457180786135,False
4,140,136,-2.974206632537842,False
74,153,79,-2.974277001647949,False
21,65,44,-2.9743304873657226,False
68,115,47,-2.974407659301758,False
55,151,96,-2.974451647338867,False
44,118,74,-2.974479690246582,False
52,79,27,-2.9746161157226565,False
79,132,53,-2.974929281616211,False
6,65,59,-2.975060726928711,False
37,64,27,-2.9750623147583006,False
3,46,43,-2.97513487701416,False
62,152,90,-2.9751352651977543,False
31,84,53,-2.97521587890625,False
44,129,85,-2.975253294067383,False
77,125,48,-2.9754788806152344,False
88,117,29,-2.9755568942260746,False
50,149,99,-2.975643557128906,False
69,113,44,-2.9756885308837893,False
10,51,41,-2.975730509338379,False
83,147,64,-2.9758567193603516,False
2,50,48,-2.9758574865722656,False
66,125,59,-2.975867088928223,False
131,145,14,-2.975910303344727,False
62,140,78,-2.9760506100463866,False
25,65,40,-2.9760744052124024,False
96,138,42,-2.9761412374877927,False
55,148,93,-2.9761742346191404,False
130,149,19,-2.976234573059082,False
25,93,68,-2.976519878540039,False
79,118,39,-2.9768311053466796,False
32,100,68,-2.97717168548584,False
13,42,29,-2.977328840942383,False
90,137,47,-2.9773731243896484,False
72,121,49,-2.9773799765014646,False
13,40,27,-2.977514768371582,False
64,151,87,-2.9776244439697264,False
32,81,49,-2.9777476638793945,False
65,150,85,-2.9777513317871094,False
92,152,60,-2.9777549337768554,False
48,130,82,-2.978208866882324,False
37,150,113,-2.978334635925293,False
96,139,43,-2.9783749645996096,False
46,87,41,-2.9784406536865236,False
38,133,95,-2.978720281982422,False
41,118,77,-2.9787377947998044,False
52,157,105,-2.9787598406982423,False
74,123,49,-2.978787731933594,False
48,155,107,-2.978795178527832,False
48,135,87,-2.9790214013671874,False
32,118,86,-2.979077007446289,False
79,133,54,-2.979291457519531,False
33,117,84,-2.9793576779174806,False
41,122,81,-2.979437178344727,False
56,154,98,-2.9795523532104493,False
62,142,80,-2.979709637145996,False
19,91,72,-2.9799855966186524,False
33,81,48,-2.9801567123413086,False
7,46,39,-2.9805376455688473,False
35,118,83,-2.980582977600098,False
74,111,37,-2.9806443676757812,False
16,113,97,-2.980809968261719,False
19,129,110,-2.981006361694336,False
13,41,28,-2.98101777923584,False
42,129,87,-2.981130776672363,False
88,130,42,-2.981288639526367,False
81,116,35,-2.981402420349121,False
42,117,75,-2.9814300143432617,False
2,49,47,-2.9814379501342776,False
72,113,41,-2.9816962478637694,False
64,153,89,-2.9817037481689455,False
65,129,64,-2.98173829284668,False
71,108,37,-2.982043333129883,False
75,123,48,-2.9822932473754884,False
8,50,42,-2.9824535122680667,False
22,109,87,-2.9824865246582033,False
75,121,46,-2.982583432006836,False
89,149,60,-2.9826065463256834,False
33,147,114,-2.982628039855957,False
15,139,124,-2.9827325305175783,False
9,48,39,-2.9827943017578127,False
74,116,42,-2.982970339660645,False
9,63,54,-2.983540937194824,False
74,117,43,-2.983610665283203,False
10,45,35,-2.98364817779541,False
54,146,92,-2.983883440246582,False
87,122,35,-2.9841301196289063,False
66,127,61,-2.984143103942871,False
78,129,51,-2.9843606591796874,False
63,128,65,-2.9846317916870118,False
36,115,79,-2.984733716430664,False
85,134,49,-2.9847757528686523,False
15,137,122,-2.985128349914551,False
87,132,45,-2.9852602966308597,False
65,112,47,-2.9852670474243164,False
64,150,86,-2.985564725646973,False
39,73,34,-2.985662519226074,False
16,33,17,-2.9859839843750002,False
49,138,89,-2.986212022399902,False
67,128,61,-2.9862533447265625,False
36,131,95,-2.986278701171875,False
87,131,44,-2.9866051278686525,False
76,153,77,-2.98664854309082,False
37,131,94,-2.986857572631836,False
81,150,69,-2.9868676119995117,False
69,127,58,-2.986876852416992,False
128,148,20,-2.9871522064208986,False
48,81,33,-2.9871851205444337,False
88,118,30,-2.987400256347656,False
67,118,51,-2.987844514160156,False
82,136,54,-2.987937837524414,False
78,125,47,-2.9879727212524414,False
19,62,43,-2.9880705364990234,False
71,125,54,-2.988091151123047,False
71,111,40,-2.9881409213256838,False
107,151,44,-2.988190157775879,False
33,105,72,-2.988619187927246,False
6,39,33,-2.98869216796875,False
48,151,103,-2.988725111541748,False
16,34,18,-2.9887587854003903,False
111,143,32,-2.988768910217285,False
92,133,41,-2.988796620788574,False
6,41,35,-2.9888644357299805,False
80,126,46,-2.9891802664184572,False
9,42,33,-2.989260305786133,False
91,128,37,-2.98926549407959,False
39,135,96,-2.9892765408325195,False
51,133,82,-2.9893814126586915,False
27,133,106,-2.9894203619384765,False
48,114,66,-2.989802492980957,False
74,121,47,-2.989852414855957,False
18,63,45,-2.990023984222412,False
66,112,46,-2.990051901550293,False
103,137,34,-2.9900997894287107,False
76,121,45,-2.990101729431152,False
91,127,36,-2.990177759399414,False
88,120,32,-2.9903006259155274,False
56,151,95,-2.9905596517944337,False
74,125,51,-2.9906415798950197,False
72,124,52,-2.9907165573120116,False
80,133,53,-2.9908945919799805,False
40,151,111,-2.990920463256836,False
11,137,126,-2.9909465243530273,False
78,134,56,-2.9909470294189453,False
40,129,89,-2.9911091555786133,False
86,135,49,-2.9911464947509763,False
110,144,34,-2.991153385620117,False
130,148,18,-2.991182801513672,False
77,132,55,-2.9912853790283203,False
93,131,38,-2.9913104595947266,False
13,90,77,-2.9914889859008786,False
45,86,41,-2.9915684773254396,False
47,82,35,-2.991572119140625,False
31,83,52,-2.9916201013183596,False
73,109,36,-2.9916826586914063,False
52,138,86,-2.9916899572753906,False
75,132,57,-2.991711901245117,False
51,148,97,-2.9920318392944334,False
82,141,59,-2.992103485412598,False
132,145,13,-2.992327216491699,False
9,34,25,-2.9923335440063474,False
13,59,46,-2.9924709353637695,False
34,145,111,-2.9926078350830077,False
88,149,61,-2.9927248675537106,False
103,154,51,-2.993012742919922,False
3,146,143,-2.993052823791504,False
10,42,32,-2.993112534790039,False
50,152,102,-2.9931321511840823,False
47,134,87,-2.993166609802246,False
49,117,68,-2.9932930688476564,False
50,88,38,-2.9934418646240237,False
103,153,50,-2.9937720578002933,False
29,62,33,-2.9938081552124025,False
6,66,60,-2.993822692871094,False
7,83,76,-2.9939311737060548,False
68,106,38,-2.9940747088623048,False
21,129,108,-2.99409813873291,False
8,48,40,-2.9941611544799804,False
69,106,37,-2.9942630377197266,False
62,132,70,-2.994357146911621,False
61,145,84,-2.994405400390625,False
9,135,126,-2.9944280447387697,False
69,128,59,-2.9945294317626954,False
129,146,17,-2.994551173095703,False
34,104,70,-2.9949908821105957,False
4,46,42,-2.995024776611328,False
72,155,83,-2.9951000830078125,False
40,132,92,-2.9951108059692384,False
20,129,109,-2.995319360656738,False
96,140,44,-2.995435456237793,False
6,138,132,-2.9954926654052736,False
40,125,85,-2.995728100891113,False
51,149,98,-2.9959838885498047,False
65,130,65,-2.995999393005371,False
62,127,65,-2.9960362380981445,False
78,118,40,-2.9960736932373044,False
23,36,13,-2.9960917214965823,False
41,133,92,-2.9965062814331054,False
96,153,57,-2.9965927728271486,False
88,152,64,-2.9966119903564454,False
20,63,43,-2.99662932144165,False
24,39,15,-2.996669479980469,False
71,121,50,-2.9967145901489256,False
24,93,69,-2.9967251333618163,False
60,123,63,-2.996753472290039,False
32,131,99,-2.9968213931274414,False
74,118,44,-2.997017280883789,False
101,135,34,-2.9970184747314454,False
64,139,75,-2.997080545349121,False
31,102,71,-2.9972875302124025,False
127,147,20,-2.9972913400268553,False
36,79,43,-2.9973351406860353,False
4,146,142,-2.9973910083007813,False
49,89,40,-2.99747387878418,False
9,33,24,-2.997484309692383,False
21,37,16,-2.9975088244628907,False
49,125,76,-2.997596430358887,False
21,35,14,-2.9976979278564455,False
77,117,40,-2.9977821569824217,False
109,144,35,-2.997874806213379,False
88,121,33,-2.997959498901367,False
52,153,101,-2.998114666442871,False
24,135,111,-2.998213212890625,False
20,33,13,-2.998219848632812,False
67,145,78,-2.998680114135742,False
68,130,62,-2.9986851260375977,False
54,116,62,-2.9989057260131835,False
11,34,23,-2.9989606900024413,False
82,144,62,-2.9991283181762696,False
16,132,116,-2.9991468853759766,False
16,63,47,-2.999297493286133,False
49,151,102,-2.999635658569336,False
85,146,61,-2.9996359283447265,False
21,63,42,-2.9997637622070314,False
60,124,64,-3.0001205715942385,False
51,81,30,-3.0001490728759768,False
17,33,16,-3.000245714416504,False
37,104,67,-3.0006566777038577,False
77,133,56,-3.000735601196289,False
34,149,115,-3.0009323693847656,False
49,133,84,-3.0009792184448245,False
91,134,43,-3.0009922381591796,False
57,116,59,-3.001010392150879,False
52,86,34,-3.001035723876953,False
93,138,45,-3.0010473916625977,False
63,132,69,-3.001147677001953,False
107,138,31,-3.001325722961426,False
15,135,120,-3.0018410314941404,False
13,134,121,-3.002011585083008,False
91,152,61,-3.002016465759277,False
71,124,53,-3.002041443786621,False
87,129,42,-3.002095717468262,False
22,39,17,-3.0021342141723633,False
75,126,51,-3.0022474182128907,False
47,135,88,-3.0022756011962892,False
74,126,52,-3.0026253366088866,False
79,124,45,-3.002644288635254,False
48,117,69,-3.002793502502441,False
27,105,78,-3.002869463195801,False
11,33,22,-3.0029955822753904,False
85,136,51,-3.0030094952392576,False
82,149,67,-3.003064270324707,False
50,145,95,-3.0030914251708984,False
20,111,91,-3.0031892803955076,False
75,120,45,-3.003517898254395,False
40,134,94,-3.0037643307495117,False
48,90,42,-3.0037962112426757,False
26,92,66,-3.003809006347656,False
29,105,76,-3.0038250646972657,False
38,121,83,-3.004128617553711,False
85,143,58,-3.004207582397461,False
40,131,91,-3.00421580657959,False
83,115,32,-3.004306055603027,False
10,50,40,-3.0043420797729494,False
51,137,86,-3.004383796081543,False
40,150,110,-3.004538562927246,False
57,146,89,-3.0046341961669922,False
52,78,26,-3.004720669555664,False
76,123,47,-3.004723521118164,False
27,99,72,-3.0048878759765625,False
57,144,87,-3.005015663757324,False
39,150,111,-3.0051489385986327,False
77,127,50,-3.0052529919433595,False
50,115,65,-3.005605809631348,False
29,63,34,-3.0056475747680667,False
82,146,64,-3.005650143127441,False
81,141,60,-3.005817141113281,False
51,136,85,-3.0058484002685546,False
81,151,70,-3.0059501498413086,False
5,145,140,-3.006128515319824,False
57,148,91,-3.006245733947754,False
24,65,41,-3.006265986633301,False
38,135,97,-3.0063506509399414,False
64,156,92,-3.0063830224609376,False
50,154,104,-3.00645895904541,False
84,154,70,-3.0064765667724607,False
89,126,37,-3.006494104309082,False
51,157,106,-3.0066282739257812,False
89,141,52,-3.0066649810791017,False
60,143,83,-3.0069234796142577,False
67,110,43,-3.0069466372680664,False
84,133,49,-3.00705825592041,False
6,148,142,-3.007233557434082,False
24,100,76,-3.0072425891113284,False
35,144,109,-3.0075194512939456,False
59,151,92,-3.007894676513672,False
102,154,52,-3.0079679992675783,False
50,139,89,-3.0080918127441407,False
34,148,114,-3.008326837768555,False
94,131,37,-3.008341339111328,False
93,140,47,-3.008626986999512,False
54,115,61,-3.0087338125610352,False
64,112,48,-3.0088054290771487,False
12,39,27,-3.009037905578613,False
85,114,29,-3.0090519937133786,False
77,120,43,-3.0090890673828126,False
70,124,54,-3.0091415139770508,False
53,153,100,-3.009162856140137,False
69,112,43,-3.009313289794922,False
12,35,23,-3.0094057141113284,False
60,150,90,-3.0095359646606448,False
47,118,71,-3.0095658868408206,False
86,138,52,-3.0096945654296876,False
86,146,60,-3.009725985107422,False
64,135,71,-3.0097366506958005,False
80,124,44,-3.0098486752319333,False
65,127,62,-3.0099135647583006,False
31,82,51,-3.009922033996582,False
87,130,43,-3.0099296517944336,False
35,131,96,-3.009975826416016,False
76,120,44,-3.010112524719238,False
7,138,131,-3.0101708184814453,False
4,70,66,-3.0102348596191404,False
39,76,37,-3.010340785217285,False
29,100,71,-3.010400559692383,False
23,65,42,-3.010433606567383,False
95,140,45,-3.0105144192504882,False
17,41,24,-3.0105209172058105,False
58,143,85,-3.010635752563476,False
70,153,83,-3.0106735601806642,False
17,89,72,-3.010766270751953,False
3,67,64,-3.010800960388184,False
70,106,36,-3.010871269226074,False
128,147,19,-3.010930233764648,False
70,117,47,-3.010933454284668,False
60,145,85,-3.0109982998657228,False
7,85,78,-3.011115916442871,False
61,124,63,-3.011413670349121,False
60,128,68,-3.0114431634521486,False
63,140,77,-3.0115607315063477,False
109,139,30,-3.0115911376953126,False
89,125,36,-3.0118219329833984,False
27,100,73,-3.01189565246582,False
20,41,21,-3.0120420016479494,False
13,58,45,-3.0121260296630856,False
49,134,85,-3.012186467590332,False
7,38,31,-3.0122168991088865,False
86,150,64,-3.012561064147949,False
71,117,46,-3.0125885134887698,False
80,150,70,-3.012621552734375,False
70,121,51,-3.012759493713379,False
40,124,84,-3.012849792480469,False
86,148,62,-3.012937183227539,False
78,144,66,-3.0130929736328125,False
22,65,43,-3.013117112121582,False
25,104,79,-3.0131703826904297,False
62,125,63,-3.0131884494018553,False
50,122,72,-3.0133539224243164,False
86,141,55,-3.0135525430297854,False
90,136,46,-3.013770416870117,False
51,134,83,-3.013999839782715,False
59,129,70,-3.0140065679931642,False
71,153,82,-3.0140312716674806,False
27,91,64,-3.0140421383666993,False
66,114,48,-3.014167448120117,False
100,135,35,-3.0142197979736327,False
85,144,59,-3.014321972351074,False
10,64,54,-3.0143818716430664,False
12,145,133,-3.014394609375,False
67,107,40,-3.014707434387207,False
65,143,78,-3.0147876089477537,False
73,111,38,-3.0148444964599608,False
81,144,63,-3.014948364562988,False
52,151,99,-3.015246121826172,False
37,103,66,-3.015340584411621,False
39,143,104,-3.015358599243164,False
63,112,49,-3.015378218688965,False
32,119,87,-3.0154059881591797,False
25,105,80,-3.015541610107422,False
67,119,52,-3.0159304080200195,False
49,137,88,-3.0160250524902343,False
9,35,26,-3.016382322692871,False
20,64,44,-3.0163835290527343,False
64,132,68,-3.016390957641602,False
52,156,104,-3.016473359375,False
81,149,68,-3.0166015338134766,False
71,142,71,-3.016623526916504,False
45,129,84,-3.016748305053711,False
53,156,103,-3.016948157043457,False
54,144,90,-3.0171319985961915,False
75,153,78,-3.0172877700805665,False
62,143,81,-3.0173819497680663,False
74,124,50,-3.017394295349121,False
28,133,105,-3.0174015979003905,False
36,116,80,-3.017434898071289,False
12,89,77,-3.0175885208129882,False
51,152,101,-3.0176456658935544,False
48,154,106,-3.0177452923583985,False
7,67,60,-3.0177826873779297,False
21,39,18,-3.0178601708984374,False
108,139,31,-3.01786510925293,False
3,68,65,-3.017868102416992,False
6,46,40,-3.0183841021728517,False
38,100,62,-3.0184465057373044,False
56,148,92,-3.018508533630371,False
9,136,127,-3.0185582849121095,False
89,123,34,-3.0186049954223635,False
82,143,61,-3.018636885375977,False
23,93,70,-3.0189471264648438,False
17,132,115,-3.0189851754760744,False
21,92,71,-3.0190587783813476,False
40,145,105,-3.0191315896606445,False
78,117,39,-3.019229475708008,False
11,42,31,-3.0192475579833986,False
70,126,56,-3.0195334817504884,False
38,130,92,-3.019633352355957,False
4,68,64,-3.0199822381591797,False
89,152,63,-3.020103092956543,False
3,77,74,-3.0201325244140627,False
130,146,16,-3.020245100402832,False
82,132,50,-3.0204865298461914,False
49,131,82,-3.0205084820556642,False
69,117,48,-3.020587369384766,False
4,73,69,-3.0205935501098633,False
83,114,31,-3.0207032830810547,False
83,142,59,-3.0208028332519534,False
63,143,80,-3.0209035757446285,False
41,130,89,-3.0209055920410157,False
81,143,62,-3.0209601843261717,False
4,67,63,-3.0211324542236326,False
63,111,48,-3.021216920471191,False
62,123,61,-3.0214142907714843,False
78,126,48,-3.021428324584961,False
11,102,91,-3.0214661154174807,False
11,147,136,-3.0216175466918944,False
51,138,87,-3.021623974914551,False
80,144,64,-3.02164645904541,False
12,34,22,-3.0216574719238283,False
72,117,45,-3.021960263977051,False
40,123,83,-3.021997848815918,False
110,142,32,-3.022039995727539,False
61,146,85,-3.0222065664672852,False
81,126,45,-3.0223791021728514,False
66,118,52,-3.022415830993652,False
129,149,20,-3.0224469778442384,False
65,146,81,-3.0225087405395508,False
88,126,38,-3.0225600155639647,False
97,139,42,-3.02306157043457,False
81,137,56,-3.023098299255371,False
62,111,49,-3.023161828918457,False
40,114,74,-3.0232298010253906,False
25,134,109,-3.023239299316406,False
48,118,70,-3.023426309814453,False
87,148,61,-3.023769787597656,False
58,129,71,-3.0237817230224606,False
68,114,46,-3.0238231448364257,False
88,146,58,-3.023861734924316,False
36,98,62,-3.023934521179199,False
51,156,105,-3.023943363342285,False
41,134,93,-3.024024031677246,False
72,153,81,-3.0241663989257814,False
53,116,63,-3.024357002868652,False
61,144,83,-3.02436603515625,False
50,123,73,-3.0244364797973633,False
6,80,74,-3.02445665435791,False
78,141,63,-3.0245130346679687,False
47,129,82,-3.0245688858032223,False
40,117,77,-3.024605678405762,False
83,136,53,-3.024608376464844,False
63,150,87,-3.0247198147583005,False
58,150,92,-3.024730503845215,False
90,125,35,-3.0247396786499023,False
73,123,50,-3.0247938259887697,False
37,120,83,-3.0248241119384764,False
73,153,80,-3.0248254995727537,False
24,107,83,-3.0248906188964844,False
12,102,90,-3.025015083007813,False
97,155,58,-3.0250472994995117,False
38,67,29,-3.0250565887451173,False
50,125,75,-3.0251258517456057,False
62,124,62,-3.0251641275024417,False
42,118,76,-3.025559585876465,False
39,145,106,-3.025571270751953,False
74,132,58,-3.025766756286621,False
87,151,64,-3.026121569519043,False
21,36,15,-3.0262186111450196,False
98,155,57,-3.0262794778442386,False
34,131,97,-3.0263575872802733,False
64,144,80,-3.0263595932006835,False
52,85,33,-3.0263982525634767,False
53,114,61,-3.0266033142089848,False
3,48,45,-3.026749578552246,False
91,143,52,-3.0269614178466795,False
38,116,78,-3.0270077563476563,False
76,114,38,-3.0270708578491208,False
89,135,46,-3.0270910089111327,False
109,146,37,-3.027112137451172,False
40,121,81,-3.027662615661621,False
31,101,70,-3.0277633911132815,False
61,123,62,-3.027764669494629,False
11,35,24,-3.0278198526000977,False
39,142,103,-3.0281007318115236,False
35,101,66,-3.0281783599853513,False
86,147,61,-3.0283007482910156,False
90,130,40,-3.0283032086181643,False
109,142,33,-3.02854345123291,False
85,135,50,-3.028558172302246,False
49,118,69,-3.0289323886108397,False
87,135,48,-3.029040102844238,False
80,123,43,-3.0290506100463865,False
62,128,66,-3.029260142822266,False
58,131,73,-3.0294059674072265,False
72,110,38,-3.0294459170532226,False
79,117,38,-3.029622354736328,False
131,146,15,-3.029703385620117,False
9,50,41,-3.0297283273315427,False
73,124,51,-3.029849276123047,False
8,137,129,-3.0300561151123047,False
87,147,60,-3.030259227294922,False
24,104,80,-3.030445440979004,False
51,122,71,-3.0305610275268555,False
21,38,17,-3.030609395446777,False
13,144,131,-3.0307108630371093,False
76,117,41,-3.0308091857910155,False
52,80,28,-3.0310446127319337,False
80,116,36,-3.031110395202637,False
13,38,25,-3.0311939945983886,False
94,152,58,-3.0312707513427735,False
89,130,41,-3.031276542053223,False
71,114,43,-3.0314941876220702,False
68,117,49,-3.0315730947875976,False
81,134,53,-3.031874570007324,False
39,114,75,-3.032291402282715,False
15,36,21,-3.0323267651367187,False
31,121,90,-3.032352537536621,False
108,149,41,-3.03256052734375,False
70,125,55,-3.0326324114990237,False
80,122,42,-3.0327858279418947,False
77,140,63,-3.0327920709228513,False
66,115,49,-3.0328082772827147,False
65,147,82,-3.032934085998535,False
93,139,46,-3.0331095144653317,False
101,136,35,-3.0331607934570313,False
76,118,42,-3.033228598022461,False
22,104,82,-3.0332610952758787,False
109,141,32,-3.033374295349121,False
65,152,87,-3.0334244070434573,False
50,121,71,-3.033527760925293,False
107,149,42,-3.0335671755981446,False
62,112,50,-3.033615494689941,False
49,154,105,-3.0338586187744143,False
72,108,36,-3.03403708984375,False
5,146,141,-3.034075265197754,False
54,147,93,-3.034099698486328,False
79,140,61,-3.0341049526977537,False
37,71,34,-3.034163868713379,False
75,125,50,-3.034183173828125,False
14,65,51,-3.0342111401367187,False
67,112,45,-3.0342190988159183,False
29,120,91,-3.0342407369995117,False
71,127,56,-3.034686968688965,False
80,149,69,-3.034711837463379,False
52,133,81,-3.034931399230957,False
7,39,32,-3.0349714651489257,False
55,147,92,-3.0350084262084964,False
80,151,71,-3.035012385559082,False
7,82,75,-3.0350838201904295,False
15,103,88,-3.035477567138672,False
39,146,107,-3.03560899810791,False
79,150,71,-3.0356544067382814,False
9,49,40,-3.0357986456298827,False
13,35,22,-3.0359303689575197,False
78,128,50,-3.0359987527465817,False
60,144,84,-3.0360587393188476,False
7,49,42,-3.0360682516479494,False
13,39,26,-3.036325193786621,False
60,126,66,-3.036408226013184,False
56,129,73,-3.03645766998291,False
76,127,51,-3.0367358151245116,False
9,105,96,-3.036963356933594,False
12,135,123,-3.036969970703125,False
91,137,46,-3.037261701049805,False
87,117,30,-3.037412580871582,False
34,147,113,-3.0374772265625,False
78,135,57,-3.037635676574707,False
5,72,67,-3.0376556280517577,False
23,136,113,-3.0377826211547854,False
76,125,49,-3.037802276611328,False
91,130,39,-3.0378629205322265,False
53,152,99,-3.0378758352661133,False
9,51,42,-3.0381989038085937,False
50,116,66,-3.038395712890625,False
63,156,93,-3.0384192947387696,False
15,65,50,-3.038482463684082,False
64,145,81,-3.0385365072631836,False
75,118,43,-3.038561544799805,False
70,107,37,-3.038605639343262,False
89,136,47,-3.038847491760254,False
79,134,55,-3.0392793017578126,False
106,151,45,-3.039317891845703,False
35,102,67,-3.039390962524414,False
77,128,51,-3.0395121310424806,False
13,89,76,-3.0395433026123047,False
67,109,42,-3.039563956298828,False
78,131,53,-3.039620892944336,False
65,151,86,-3.039704679260254,False
40,116,76,-3.039814366149902,False
16,103,87,-3.0398255850219726,False
76,115,39,-3.039841604309082,False
77,121,44,-3.0398424368286134,False
61,125,64,-3.040065799255371,False
32,103,71,-3.040079350891113,False
79,129,50,-3.0402398233032226,False
40,147,107,-3.0402720361328126,False
22,101,79,-3.0402836404418947,False
87,141,54,-3.0402919793701173,False
50,124,74,-3.0403009436035155,False
105,151,46,-3.040428901062012,False
14,137,123,-3.040485485229492,False
86,117,31,-3.0406386935424807,False
33,149,116,-3.0406575662231448,False
75,116,41,-3.0407038552856447,False
26,124,98,-3.0408301696777342,False
82,134,52,-3.041469364929199,False
86,151,65,-3.0415855435180665,False
26,106,80,-3.041640938415527,False
23,101,78,-3.041778086242676,False
29,104,75,-3.041894483947754,False
36,151,115,-3.041975347900391,False
51,135,84,-3.042007204284668,False
48,82,34,-3.042138999328613,False
38,65,27,-3.042223499450684,False
33,80,47,-3.0422444952392578,False
132,148,16,-3.0426732135009766,False
28,90,62,-3.0426804772949216,False
39,72,33,-3.0426917156982425,False
51,153,102,-3.0428160635375976,False
92,130,38,-3.042922536315918,False
10,104,94,-3.0430121588134766,False
14,88,74,-3.0430306997680665,False
4,75,71,-3.0431321377563476,False
77,118,41,-3.043378013305664,False
39,129,90,-3.0434572415161134,False
40,146,106,-3.0434749020385743,False
70,116,46,-3.0436650158691405,False
74,119,45,-3.043889836730957,False
76,116,40,-3.044009137878418,False
73,154,81,-3.0440360107421873,False
92,134,42,-3.0440948992919923,False
70,119,49,-3.0442561810302733,False
37,118,81,-3.0442615997314455,False
41,131,90,-3.044311824645996,False
49,132,83,-3.0444044717407226,False
37,129,92,-3.0445926495361326,False
50,148,98,-3.044845391845703,False
39,75,36,-3.044955122680664,False
132,149,17,-3.045003274230957,False
73,112,39,-3.0450866854858396,False
94,139,45,-3.045116357421875,False
88,125,37,-3.0451456774902343,False
74,115,41,-3.0454299630737305,False
17,64,47,-3.045489563293457,False
82,126,44,-3.0454976611328126,False
24,105,81,-3.0456719674682615,False
51,147,96,-3.0457113806152343,False
96,141,45,-3.045780762023926,False
11,135,124,-3.045839685974121,False
48,128,80,-3.0459087045288085,False
38,132,94,-3.0466070877075198,False
86,140,54,-3.046667242126465,False
65,133,68,-3.0466885052490236,False
36,104,68,-3.0471495791625975,False
69,115,46,-3.047301247558594,False
71,136,65,-3.0478263592529293,False
85,129,44,-3.0478324951171873,False
64,114,50,-3.047893347167969,False
38,142,104,-3.047902268676758,False
77,144,67,-3.04798487701416,False
100,136,36,-3.048117592773438,False
73,125,52,-3.048223069152832,False
94,140,46,-3.0483181857299804,False
89,137,48,-3.0483347348022463,False
93,151,58,-3.0483464016723634,False
81,122,41,-3.048482544555664,False
14,36,22,-3.048625587463379,False
50,146,96,-3.0486265298461914,False
47,90,43,-3.0488059188842773,False
51,146,95,-3.0488224246215823,False
34,62,28,-3.0489076501464845,False
14,38,24,-3.048934116363525,False
41,129,88,-3.048985704345703,False
5,48,43,-3.049115203552246,False
36,145,109,-3.0493695211791993,False
82,135,53,-3.0494584005737306,False
64,136,72,-3.049725764770508,False
38,117,79,-3.050053483276367,False
15,138,123,-3.0507124063110354,False
38,149,111,-3.0507288885498047,False
61,149,88,-3.050862294921875,False
4,74,70,-3.05101033782959,False
89,140,51,-3.05108621887207,False
53,147,94,-3.0511131893920895,False
84,142,58,-3.0513180773925783,False
69,130,61,-3.05132192779541,False
109,145,36,-3.051440885620117,False
9,148,139,-3.0517831698608395,False
7,37,30,-3.0518425131225584,False
36,129,93,-3.051873877868652,False
17,62,45,-3.052035861053467,False
7,148,141,-3.0520945956420897,False
39,134,95,-3.0521567919921875,False
132,146,14,-3.0522782580566408,False
33,148,115,-3.052383583679199,False
49,126,77,-3.0523844329833985,False
34,130,96,-3.05239602935791,False
54,155,101,-3.0526216085815427,False
38,131,93,-3.052679033203125,False
87,118,31,-3.052721424560547,False
18,137,119,-3.052744876708984,False
90,135,45,-3.052767946472168,False
64,149,85,-3.0527714123535157,False
63,144,81,-3.0528410723876953,False
65,114,49,-3.053333948669434,False
11,38,27,-3.0537023358154296,False
87,138,51,-3.053855280456543,False
69,153,84,-3.0538666577148437,False
8,51,43,-3.053873889160156,False
12,104,92,-3.0538807571411133,False
58,144,86,-3.0541077243041994,False
88,119,31,-3.054167576599121,False
87,144,57,-3.05434249420166,False
31,81,50,-3.054421012878418,False
16,41,25,-3.054547846069336,False
79,135,56,-3.0545671853637697,False
98,134,36,-3.054697344970703,False
77,134,57,-3.0547023861694336,False
58,149,91,-3.0547760113525393,False
15,112,97,-3.054805394592285,False
81,146,65,-3.0549206478881836,False
19,64,45,-3.0551462109375,False
24,106,82,-3.055322308654785,False
25,66,41,-3.0556039160156248,False
90,131,41,-3.055792639160156,False
23,105,82,-3.0558219650268557,False
27,104,77,-3.055985073547363,False
58,146,88,-3.0560777444458007,False
86,142,56,-3.0560944409179687,False
73,126,53,-3.056273579711914,False
104,152,48,-3.056329444885254,False
21,66,45,-3.056373162536621,False
5,140,135,-3.056411059112549,False
49,127,78,-3.0564562939453124,False
40,126,86,-3.0567111602783203,False
106,140,34,-3.0568840115356446,False
90,142,52,-3.057053369445801,False
30,87,57,-3.0571775689697267,False
72,127,55,-3.0575230529785156,False
23,102,79,-3.057938159790039,False
50,133,83,-3.0579585025024416,False
9,53,44,-3.0580458734130858,False
49,136,87,-3.0582688528442383,False
12,33,21,-3.058299423522949,False
81,123,42,-3.0584347631835938,False
58,148,90,-3.0585915863037108,False
93,141,48,-3.0586920123291015,False
5,73,68,-3.058959213256836,False
67,108,41,-3.059012025756836,False
38,148,110,-3.0591241735839843,False
49,88,39,-3.0591456268310546,False
131,148,17,-3.059282951660156,False
55,115,60,-3.0592986993408204,False
16,112,96,-3.059350445861816,False
8,148,140,-3.059500399169922,False
66,116,50,-3.059596482849121,False
60,122,62,-3.0596451593017577,False
75,129,54,-3.0598834564208985,False
67,116,49,-3.0599024349975585,False
82,137,55,-3.059933927307129,False
72,119,47,-3.0600301763916016,False
53,118,65,-3.0600415988159178,False
9,65,56,-3.0603131149291993,False
15,88,73,-3.0603202728271484,False
64,140,76,-3.060440987548828,False
16,64,48,-3.060539519958496,False
21,103,82,-3.060792308959961,False
10,102,92,-3.0608211419677733,False
19,33,14,-3.060883758544922,False
96,154,58,-3.0609471878051755,False
34,120,86,-3.0611730303955076,False
36,152,116,-3.0612002182006837,False
81,139,58,-3.061213771972656,False
15,66,51,-3.061288444519043,False
132,147,15,-3.061634030456543,False
70,114,44,-3.06177567779541,False
13,143,130,-3.061830474243164,False
78,140,62,-3.0618658154296874,False
56,116,60,-3.061866741333008,False
15,68,53,-3.0619306857299806,False
90,152,62,-3.0620553430175783,False
36,117,81,-3.0622567834472654,False
22,66,44,-3.0625051947021484,False
82,147,65,-3.0625430773925784,False
92,132,40,-3.0627636849975586,False
70,129,59,-3.0628220883178714,False
35,150,115,-3.0628771221923827,False
80,141,61,-3.062888747863769,False
8,65,57,-3.06303306060791,False
82,129,47,-3.0631431646728515,False
88,134,46,-3.0633971954345705,False
68,112,44,-3.0634148580932616,False
81,145,64,-3.0634918399047852,False
68,145,77,-3.06359421295166,False
31,131,100,-3.063615376281738,False
90,140,50,-3.0636604177856444,False
25,106,81,-3.0637190197753905,False
3,76,73,-3.0638076666259764,False
35,79,44,-3.063878825683594,False
83,116,33,-3.0639102267456053,False
64,146,82,-3.063924885559082,False
92,136,44,-3.0642128649902345,False
41,132,91,-3.064234359741211,False
39,115,76,-3.0644904901123047,False
87,143,56,-3.064503565979004,False
35,100,65,-3.064581387939453,False
60,146,86,-3.064644430847168,False
33,131,98,-3.064656103515625,False
66,111,45,-3.0647352502441407,False
65,119,54,-3.0647931188964845,False
82,138,56,-3.065064140625,False
34,119,85,-3.0651096322631837,False
13,63,50,-3.065219733886719,False
8,53,45,-3.0652993951416017,False
92,131,39,-3.0655145733642577,False
19,40,21,-3.065701477355957,False
23,37,14,-3.0657709375,False
77,141,64,-3.0659900759887693,False
34,146,112,-3.0661003436279297,False
14,39,25,-3.0661655645751953,False
15,67,52,-3.0662250430297853,False
4,48,44,-3.0662879544067385,False
10,41,31,-3.0664969857788087,False
67,117,50,-3.0665127795410156,False
40,127,87,-3.066747084655762,False
71,134,63,-3.066754163513184,False
66,145,79,-3.0667607186889647,False
82,148,66,-3.0669569244384767,False
70,115,45,-3.0672961743164064,False
10,103,93,-3.067625901489258,False
52,134,82,-3.067791178894043,False
97,140,43,-3.067800158996582,False
65,128,63,-3.067803265991211,False
78,150,72,-3.0678249630737304,False
18,89,71,-3.067828980407715,False
11,41,30,-3.06790422454834,False
91,142,51,-3.0679701318359376,False
74,134,60,-3.068029189147949,False
77,142,65,-3.068166497192383,False
24,126,102,-3.0681835476684567,False
75,134,59,-3.068369157104492,False
83,134,51,-3.068399487915039,False
64,137,73,-3.0684498120117185,False
13,64,51,-3.068453333129883,False
52,152,100,-3.068745093383789,False
78,145,67,-3.068771901245117,False
27,124,97,-3.068861364440918,False
73,134,61,-3.0690045562744137,False
61,148,87,-3.069066650695801,False
86,130,44,-3.0691906335449217,False
99,155,56,-3.0692437741088865,False
75,117,42,-3.0692845373535156,False
23,127,104,-3.069336563110352,False
64,147,83,-3.069342330932617,False
80,125,45,-3.069439182434082,False
50,81,31,-3.069661560668945,False
81,136,55,-3.0697169705200196,False
11,40,29,-3.0697696731567383,False
65,118,53,-3.069780588378906,False
12,103,91,-3.0698395428466796,False
71,119,48,-3.0698665115356443,False
47,83,36,-3.0698712576293947,False
65,142,77,-3.069947766418457,False
92,143,51,-3.0700109985351562,False
20,40,20,-3.0701163796997073,False
13,60,47,-3.070120845031738,False
7,84,77,-3.0701776892089843,False
70,134,64,-3.070244934387207,False
6,48,42,-3.0702467297363283,False
78,121,43,-3.0704028076171874,False
22,38,16,-3.0704410665893556,False
76,124,48,-3.0705740069580076,False
50,147,97,-3.0706356057739255,False
66,128,62,-3.0706818743896482,False
53,132,79,-3.070788106689453,False
11,66,55,-3.0708673565673825,False
17,63,46,-3.0708724728393557,False
71,154,83,-3.071064631958008,False
55,155,100,-3.0712775173950195,False
28,104,76,-3.0714764669799806,False
49,130,81,-3.0715911337280275,False
90,145,55,-3.0718368234252926,False
4,69,65,-3.071848225402832,False
77,131,54,-3.072275514831543,False
48,84,36,-3.07233643371582,False
70,155,85,-3.072392297973633,False
7,48,41,-3.0724660565185546,False
90,128,38,-3.072476298828125,False
72,109,37,-3.0726565853881835,False
66,133,67,-3.0727398510742185,False
77,135,58,-3.0728490954589844,False
129,147,18,-3.0730937643432616,False
81,125,44,-3.07309432220459,False
5,67,62,-3.0731873175048827,False
80,136,56,-3.0733068170166016,False
16,139,123,-3.0734918759155274,False
73,116,43,-3.07351039642334,False
52,84,32,-3.073676310424805,False
21,136,115,-3.0737171392822265,False
10,40,30,-3.07382470489502,False
70,118,48,-3.0741754769897462,False
69,155,86,-3.0742158166503906,False
79,151,72,-3.0743503469848634,False
77,138,61,-3.0743557693481445,False
22,128,106,-3.0743757614135743,False
57,147,90,-3.0745081091308593,False
95,141,46,-3.0746673190307616,False
60,127,67,-3.0749933227539064,False
87,140,53,-3.075118448486328,False
37,99,62,-3.0751311328125,False
80,137,57,-3.0752172015380856,False
80,134,54,-3.0752935745239256,False
68,116,48,-3.075295222167969,False
108,148,40,-3.075312113342285,False
108,141,33,-3.075418030090332,False
30,100,70,-3.0754770535278317,False
28,101,73,-3.0755603924560546,False
75,127,52,-3.0755748681640624,False
48,89,41,-3.0759617105102537,False
38,66,28,-3.0760575119018556,False
81,131,50,-3.076063689880371,False
85,132,47,-3.0763034918212893,False
63,155,92,-3.0765297994995118,False
106,138,32,-3.0765722793579102,False
89,127,38,-3.0765959869384765,False
66,156,90,-3.0766365277099608,False
60,125,65,-3.0769032763671875,False
72,112,40,-3.07700201751709,False
52,147,95,-3.0770127142333985,False
30,104,74,-3.0770392135620117,False
51,82,31,-3.0773523858642577,False
29,132,103,-3.0774174240112306,False
92,137,45,-3.0775671215820313,False
88,141,53,-3.077681936035156,False
40,115,75,-3.0777790957641598,False
64,148,84,-3.0778696707153324,False
55,116,61,-3.078036517944336,False
22,92,70,-3.0780860986328125,False
81,128,47,-3.0781509301757812,False
15,136,121,-3.078419043273926,False
83,140,57,-3.078663579101563,False
12,144,132,-3.078767039489746,False
52,123,71,-3.078771951599121,False
89,128,39,-3.078805426940918,False
80,143,63,-3.0788428945922854,False
10,148,138,-3.079098836364746,False
37,121,84,-3.0791084899902343,False
55,130,75,-3.079169145202637,False
48,83,35,-3.0791743637084963,False
89,145,56,-3.079585643310547,False
46,85,39,-3.0796263400268553,False
65,155,90,-3.0796414218139647,False
87,126,39,-3.079779879150391,False
5,68,63,-3.0800400033569337,False
68,107,39,-3.080256993408203,False
90,143,53,-3.0802903411865232,False
61,147,86,-3.080342671813965,False
66,143,77,-3.080390331726074,False
12,65,53,-3.0805306677246094,False
78,143,65,-3.080588918457031,False
18,132,114,-3.0806011505126953,False
38,120,82,-3.08076020111084,False
14,103,89,-3.0807815673828123,False
16,62,46,-3.080974315185547,False
72,154,82,-3.0810026568603517,False
66,119,53,-3.0810290545654295,False
80,132,52,-3.081079162902832,False
11,146,135,-3.081114907531738,False
11,65,54,-3.081244888000488,False
62,145,83,-3.0815106045532223,False
50,87,37,-3.0815369369506835,False
11,103,92,-3.0815623559570313,False
40,128,88,-3.081691771850586,False
79,136,57,-3.081765415649414,False
74,133,59,-3.081820879211426,False
48,129,81,-3.081942798461914,False
39,147,108,-3.0819495120239258,False
82,124,42,-3.0819639169311523,False
63,121,58,-3.082004521484375,False
49,155,106,-3.082177204589844,False
72,118,46,-3.0822926721191406,False
75,115,40,-3.0825602975463866,False
88,124,36,-3.0826078616333006,False
22,136,114,-3.082613720397949,False
83,126,43,-3.082755830383301,False
34,129,95,-3.082809761657715,False
8,36,28,-3.082962099609375,False
94,151,57,-3.0829897689819337,False
70,108,38,-3.0832452908325196,False
4,77,73,-3.0837440365600584,False
81,147,66,-3.083759961853027,False
8,41,33,-3.0838987036132814,False
32,101,69,-3.0841835543823244,False
24,99,75,-3.084267297363281,False
78,120,42,-3.0845861630249027,False
10,137,127,-3.084815268249512,False
91,131,40,-3.084852494506836,False
102,137,35,-3.0849092208862308,False
40,148,108,-3.08491872467041,False
71,129,58,-3.084932350463867,False
82,139,57,-3.0850666949462893,False
86,139,53,-3.0850695300292967,False
64,119,55,-3.085082484436035,False
19,131,112,-3.0852741271972652,False
78,146,68,-3.08545694152832,False
37,148,111,-3.0856009829711915,False
49,81,32,-3.085791843261719,False
22,108,86,-3.0858525231933593,False
7,81,74,-3.085951010131836,False
65,134,69,-3.0861863275146484,False
69,107,38,-3.0862395489501955,False
105,138,33,-3.0864495614624023,False
91,151,60,-3.086506125488281,False
11,37,26,-3.0865087982177735,False
51,155,104,-3.086571475219727,False
63,145,82,-3.086816937561035,False
23,40,17,-3.0870361141967773,False
91,136,45,-3.0870967446899416,False
86,132,46,-3.0872622070312503,False
51,85,34,-3.08737857421875,False
18,64,46,-3.0875425146484377,False
23,104,81,-3.0876437283325195,False
89,143,54,-3.08769951171875,False
32,102,70,-3.0879156616210937,False
57,128,71,-3.0882736557006836,False
38,129,91,-3.0884239453125,False
11,136,125,-3.0884831182861325,False
91,141,50,-3.0886216952514647,False
19,103,84,-3.08882975189209,False
59,143,84,-3.0895718963623047,False
79,130,51,-3.089595371704102,False
71,132,61,-3.0898201425170897,False
66,144,78,-3.0898982238769532,False
33,99,66,-3.089904967651367,False
13,62,49,-3.089984518432617,False
77,129,52,-3.0900675753784177,False
34,121,87,-3.0900713507080075,False
97,138,41,-3.090078390808105,False
49,135,86,-3.0901174884033202,False
8,52,44,-3.0901924999999997,False
70,145,75,-3.0902635842895507,False
79,144,65,-3.0906804635620118,False
24,134,110,-3.090855661621094,False
71,141,70,-3.0909321353149415,False
130,147,17,-3.0910613876342774,False
62,151,89,-3.0913116778564453,False
88,127,39,-3.0915299130249023,False
13,33,20,-3.0916006237792972,False
56,147,91,-3.091605185546875,False
9,66,57,-3.091648287963867,False
11,88,77,-3.091828646850586,False
55,131,76,-3.0919376623535157,False
53,123,70,-3.09198484161377,False
9,41,32,-3.0920628607177734,False
89,150,61,-3.0921997680664064,False
97,137,40,-3.092352838745117,False
25,126,101,-3.092442998046875,False
15,87,72,-3.092728091430664,False
37,67,30,-3.0928709594726564,False
90,127,37,-3.0929905349731444,False
78,136,58,-3.092990839538574,False
75,124,49,-3.093254450378418,False
36,78,42,-3.0935777813720704,False
71,109,38,-3.0935926467895505,False
31,62,31,-3.0936609115600584,False
53,117,64,-3.0937811395263672,False
77,152,75,-3.0937936718750003,False
68,146,78,-3.093928185424805,False
33,118,85,-3.0940019711303712,False
88,143,55,-3.0941170794677735,False
22,105,83,-3.094190627746582,False
21,91,70,-3.0942338037109374,False
75,119,44,-3.094240404663086,False
79,142,63,-3.094363931274414,False
17,34,17,-3.0947170516967772,False
131,147,16,-3.09474836517334,False
53,121,68,-3.094788625488281,False
11,36,25,-3.0949519055175783,False
106,139,33,-3.0950590408325196,False
40,149,109,-3.095102004699707,False
54,131,77,-3.0952721176147464,False
7,50,43,-3.0953211935424805,False
16,133,117,-3.095398102416992,False
71,135,64,-3.0954398184204104,False
14,135,121,-3.095445644226074,False
78,130,52,-3.09547968170166,False
65,141,76,-3.0955702789306643,False
29,101,72,-3.0956675119018557,False
17,138,121,-3.0957057250976563,False
31,122,91,-3.096035107727051,False
62,144,82,-3.096067711791992,False
71,133,62,-3.0962029757690432,False
78,151,73,-3.09623809967041,False
80,145,65,-3.0963179400634764,False
51,123,72,-3.0963867141723633,False
24,101,77,-3.0964727572631836,False
78,127,49,-3.0964853775024417,False
73,121,48,-3.096680231323242,False
71,116,45,-3.096688094177246,False
93,142,49,-3.0966933862304686,False
73,117,44,-3.0967250772094728,False
52,135,83,-3.097029082946777,False
20,91,71,-3.0970293197631835,False
51,132,81,-3.0970294674682615,False
39,116,77,-3.0971805969238284,False
63,120,57,-3.097237115478516,False
58,114,56,-3.0972922824096676,False
78,149,71,-3.0974316174316407,False
13,34,21,-3.0974635528564454,False
108,142,34,-3.0976554653930664,False
107,140,33,-3.0980577014160153,False
80,139,59,-3.098064633178711,False
86,126,40,-3.098151448364258,False
34,99,65,-3.0982153930664063,False
93,143,50,-3.0982344216918944,False
68,108,40,-3.0982964053344726,False
70,110,40,-3.0983162707519534,False
14,138,124,-3.098378650817871,False
8,40,32,-3.098603550415039,False
94,138,44,-3.0986192184448242,False
88,140,52,-3.098619412841797,False
87,142,55,-3.0986949362182616,False
32,62,30,-3.099057436523437,False
88,150,62,-3.0991867510986326,False
68,153,85,-3.099377837524414,False
40,119,79,-3.0994085763549806,False
25,125,100,-3.0994405474853517,False
81,138,57,-3.0994674154663087,False
91,132,41,-3.0996160403442383,False
80,142,62,-3.0996369845581055,False
53,154,101,-3.099707603149414,False
38,118,80,-3.0997168505859376,False
65,132,67,-3.0997568103027344,False
31,130,99,-3.0998316873168945,False
25,124,99,-3.0998839865112306,False
9,137,128,-3.0999240368652345,False
38,134,96,-3.099979122924805,False
74,131,57,-3.100268834838867,False
62,121,59,-3.1003566009521486,False
109,143,34,-3.100396672668457,False
51,86,35,-3.1006445965576175,False
50,132,82,-3.1008631719970703,False
33,62,29,-3.101094655456543,False
20,62,42,-3.101248013916016,False
35,64,29,-3.1013266934204102,False
74,129,55,-3.1016571856689454,False
107,139,32,-3.1016998062133787,False
20,103,83,-3.101746260986328,False
23,107,84,-3.1017593994140626,False
88,147,59,-3.1018069451904298,False
18,35,17,-3.102022540588379,False
54,154,100,-3.102022572937012,False
25,92,67,-3.102047945861816,False
32,120,88,-3.1021138742065433,False
11,140,129,-3.102118020629883,False
67,144,77,-3.10219078125,False
70,127,57,-3.102323928527832,False
39,117,78,-3.102488336791992,False
80,146,66,-3.102587657775879,False
36,64,28,-3.1026920294189453,False
77,119,42,-3.102933920288086,False
72,111,39,-3.1029476516723635,False
75,114,39,-3.1030945159912107,False
67,131,64,-3.1031102954101564,False
91,149,58,-3.1033197177124023,False
52,154,102,-3.1037485415649413,False
14,136,122,-3.1037945538330076,False
81,127,46,-3.1038725271606444,False
84,140,56,-3.104035036315918,False
12,37,25,-3.104175944519043,False
109,140,31,-3.104455851135254,False
88,128,40,-3.104908929748535,False
83,141,58,-3.104911885070801,False
15,39,24,-3.1051876457214354,False
63,114,51,-3.1053759103393554,False
94,141,47,-3.1055746841430665,False
8,66,58,-3.1056885778808594,False
39,121,82,-3.105765672607422,False
10,88,78,-3.105793814086914,False
62,150,88,-3.1058579968261717,False
11,104,93,-3.105990986938477,False
35,120,85,-3.106228254394531,False
81,117,36,-3.1062909359741213,False
100,155,55,-3.1064723110961916,False
20,110,90,-3.1064864712524414,False
35,119,84,-3.106701797180176,False
66,147,81,-3.1067139263916017,False
24,102,78,-3.106735021972656,False
12,136,124,-3.1069318188476562,False
38,102,64,-3.1070426171875,False
89,146,57,-3.107130477294922,False
18,103,85,-3.1071894110107423,False
65,144,79,-3.1074173184204104,False
92,135,43,-3.1077395193481445,False
84,136,52,-3.1079194778442383,False
12,88,76,-3.1079605215454102,False
35,122,87,-3.1080104571533207,False
50,118,68,-3.108028710632324,False
77,143,66,-3.108333299255371,False
74,127,53,-3.108459125671387,False
65,149,84,-3.108586719665527,False
35,99,64,-3.1087167037963868,False
85,137,52,-3.1087754165649413,False
65,145,80,-3.1088285427856444,False
10,136,126,-3.1088585934448245,False
10,38,28,-3.109057020263672,False
53,120,67,-3.10910471862793,False
71,131,60,-3.109387651672363,False
87,120,33,-3.1095299081420897,False
83,137,54,-3.1097777404785156,False
62,120,58,-3.1097811447143555,False
84,141,57,-3.110017406005859,False
68,131,63,-3.110038984375,False
71,155,84,-3.1101053674316406,False
10,35,25,-3.110187962036133,False
69,131,62,-3.1102670083618165,False
10,33,23,-3.1103600448608395,False
8,38,30,-3.1105704870605466,False
70,128,58,-3.110571979675293,False
23,106,83,-3.110774242858887,False
13,142,129,-3.1110405514526365,False
74,114,40,-3.1112240939331057,False
60,147,87,-3.111942834777832,False
91,145,54,-3.112008520202637,False
52,82,30,-3.1120191433715823,False
77,130,53,-3.112265901184082,False
9,88,79,-3.112269035949707,False
12,137,125,-3.1122986782836914,False
52,81,29,-3.1123062814331055,False
14,104,90,-3.1124003155517577,False
47,84,37,-3.1126747518920896,False
22,103,81,-3.112708794555664,False
89,138,49,-3.1127634536743165,False
53,115,62,-3.112782155761719,False
75,131,56,-3.112890152282715,False
62,114,52,-3.112939725952148,False
10,34,24,-3.1134901791381835,False
107,141,34,-3.113580989074707,False
79,121,42,-3.1140350216674806,False
70,154,84,-3.114071100769043,False
72,116,44,-3.1142501528930664,False
87,125,38,-3.114319153442383,False
50,138,88,-3.1145500796508787,False
50,136,86,-3.114778515014648,False
22,129,107,-3.114832463684082,False
21,109,88,-3.1148584671020507,False
40,122,82,-3.115194826965332,False
48,88,40,-3.115329168395996,False
85,115,30,-3.1154052197265623,False
82,122,40,-3.1154103741455077,False
86,118,32,-3.115587752685547,False
75,142,67,-3.115626958618164,False
76,119,43,-3.1157345788574218,False
79,131,52,-3.1157557092285155,False
3,144,141,-3.1158294984436035,False
78,119,41,-3.1158968801879885,False
71,115,44,-3.1159613998413085,False
60,149,89,-3.1159639193725583,False
58,128,70,-3.115997053527832,False
88,137,49,-3.116019128417969,False
20,130,110,-3.116035892333984,False
10,108,98,-3.1163694775390622,False
101,137,36,-3.1164834799194336,False
56,117,61,-3.1166372036743164,False
52,114,62,-3.116750227661133,False
5,78,73,-3.1167559167480468,False
52,122,70,-3.116759289550781,False
77,136,59,-3.1167752703857423,False
17,40,23,-3.1172990368652345,False
86,122,36,-3.117340473022461,False
81,135,54,-3.1173958261108394,False
82,128,46,-3.117416298828125,False
63,154,91,-3.1175031439208984,False
3,49,46,-3.1175588360595703,False
54,130,76,-3.1176164968872073,False
62,146,84,-3.118409337463379,False
38,71,33,-3.118504973754883,False
22,91,69,-3.118649553527832,False
96,142,46,-3.118839271850586,False
11,138,127,-3.118875061645508,False
67,111,44,-3.1188859188842772,False
32,130,98,-3.118922278747559,False
85,131,46,-3.1189939529418944,False
71,118,47,-3.1192075308227536,False
9,52,43,-3.119485491027832,False
77,137,60,-3.119521025390625,False
110,143,33,-3.1196246228027347,False
81,130,49,-3.119792024230957,False
75,128,53,-3.1198983084106446,False
91,135,44,-3.119959276123047,False
12,143,131,-3.1201330783081054,False
86,131,45,-3.120278203125,False
29,89,60,-3.1204782360839842,False
57,126,69,-3.1205540936279297,False
56,120,64,-3.1205790649414062,False
18,34,16,-3.1206068069458004,False
28,103,75,-3.120892127685547,False
16,134,118,-3.121059255065918,False
50,120,70,-3.121214301452637,False
79,120,41,-3.121255746459961,False
38,77,39,-3.12135664855957,False
70,148,78,-3.1214712142944334,False
74,128,54,-3.1215813162231445,False
49,82,33,-3.1217321408081053,False
3,51,48,-3.1219515884399414,False
14,37,23,-3.1219799676513675,False
79,145,66,-3.12199529083252,False
51,84,33,-3.122018331604004,False
66,142,76,-3.122058323364258,False
54,118,64,-3.122082960205078,False
18,111,93,-3.1221498977661133,False
66,146,80,-3.1224531256103516,False
36,118,82,-3.122590852966309,False
88,151,63,-3.1226090475463866,False
66,117,51,-3.1227838272094726,False
53,155,102,-3.1228119412231443,False
79,141,62,-3.122839931640625,False
89,142,53,-3.1228423367309572,False
89,139,50,-3.123167415161133,False
19,111,92,-3.1233970040893553,False
11,141,130,-3.1237533474731447,False
65,115,50,-3.1237552404785154,False
25,100,75,-3.12384306060791,False
68,154,86,-3.123956439819336,False
69,116,47,-3.123979146728516,False
50,134,84,-3.124120807495117,False
70,111,41,-3.1241376934814453,False
32,80,48,-3.124238599243164,False
61,121,60,-3.124345743713379,False
78,139,61,-3.1246816458129887,False
68,109,41,-3.124786180114746,False
29,121,92,-3.124798805847168,False
90,149,59,-3.124998477172851,False
59,145,86,-3.1252065182495117,False
55,154,99,-3.125547798156738,False
23,92,69,-3.1257937277221677,False
74,142,68,-3.1257978701782227,False
49,87,38,-3.1258485983276367,False
63,147,84,-3.1259716033935545,False
54,117,63,-3.1260058840942384,False
51,121,70,-3.126193418579102,False
84,114,30,-3.126304127807617,False
87,139,52,-3.1263137631225586,False
71,137,66,-3.1264674340820315,False
70,131,61,-3.1266858322143554,False
83,132,49,-3.126699140319824,False
7,51,44,-3.1272338653564455,False
33,104,71,-3.1273421542358397,False
59,123,64,-3.127365227661133,False
52,83,31,-3.127429134521484,False
26,105,79,-3.1276915783691406,False
79,143,64,-3.12793203704834,False
85,130,45,-3.128014448852539,False
92,142,50,-3.1280680273437502,False
19,34,15,-3.1280982565307616,False
67,146,79,-3.1281744979858397,False
52,116,64,-3.1281913522338867,False
85,138,53,-3.1283031347656247,False
19,137,118,-3.1285167041015627,False
30,62,32,-3.128656176452637,False
65,154,89,-3.128659500427246,False
23,66,43,-3.1288560052490233,False
30,64,34,-3.1290133703613283,False
58,116,58,-3.129556058959961,False
99,135,36,-3.129741439819336,False
3,52,49,-3.1302416098022463,False
95,142,47,-3.130284280395508,False
104,138,34,-3.130403036804199,False
37,77,40,-3.130405768737793,False
18,65,47,-3.130409108886719,False
101,153,52,-3.1316635415649414,False
35,145,110,-3.1317284222412107,False
14,66,52,-3.1319337185668945,False
65,131,66,-3.1320600128173828,False
75,130,55,-3.132114140319824,False
71,140,69,-3.132172912597656,False
79,137,58,-3.1322256677246094,False
17,35,18,-3.1322487298583988,False
83,129,46,-3.132480447387695,False
20,34,14,-3.132596095275879,False
6,49,43,-3.1331788314819335,False
73,118,45,-3.1335493725585937,False
19,90,71,-3.1335772705078124,False
10,135,125,-3.133813512878418,False
97,154,57,-3.1338205099487304,False
16,88,72,-3.133970696411133,False
97,141,44,-3.1340485440063475,False
37,65,28,-3.1340529476928713,False
26,77,51,-3.134121337890625,False
108,140,32,-3.1341365182495116,False
87,124,37,-3.1342484414672853,False
50,137,87,-3.1342855645751952,False
54,122,68,-3.1343203747558595,False
4,53,49,-3.1343735083007815,False
69,154,85,-3.134376755981445,False
35,121,86,-3.1343863946533204,False
68,155,87,-3.134497176208496,False
37,149,112,-3.134612666015625,False
38,68,30,-3.134834860229492,False
95,152,57,-3.1349378967285153,False
83,122,39,-3.1349464529418944,False
5,144,139,-3.1350722662353516,False
15,37,22,-3.135134696044922,False
7,139,132,-3.135160530090332,False
12,109,97,-3.1352021539306643,False
29,122,93,-3.135216795654297,False
7,70,63,-3.1355512484741213,False
18,134,116,-3.1357722109985353,False
23,38,15,-3.1362664215087888,False
39,125,86,-3.1363221069335934,False
14,81,67,-3.1364695989990237,False
65,148,83,-3.136504638671875,False
30,121,91,-3.136594598693848,False
22,106,84,-3.136597560119629,False
21,88,67,-3.1366816885375974,False
81,129,48,-3.1367598110961916,False
79,127,48,-3.137243038024902,False
37,119,82,-3.1374285140991214,False
57,117,60,-3.137558050842285,False
18,84,66,-3.1375588171386717,False
66,131,65,-3.137645202331543,False
77,139,62,-3.137703035888672,False
59,114,55,-3.137868265991211,False
51,116,65,-3.1379066116333005,False
11,39,28,-3.1383382543945313,False
89,124,35,-3.1385874084472656,False
59,144,85,-3.138671011352539,False
60,148,88,-3.1386808068847656,False
35,128,93,-3.1389412322998047,False
24,92,68,-3.1390582778930662,False
26,125,99,-3.1390979876708984,False
68,144,76,-3.1391296987915043,False
70,130,60,-3.1392715881347657,False
9,40,31,-3.139514518737793,False
36,146,110,-3.1396006384277344,False
38,122,84,-3.1396927688598635,False
30,63,33,-3.1399945321655274,False
90,138,48,-3.1400157931518557,False
51,131,80,-3.1401258691406246,False
86,125,39,-3.1402405557250974,False
17,77,60,-3.140409308166504,False
82,120,38,-3.1404217767333984,False
15,38,23,-3.140466887207031,False
82,125,43,-3.140593583068848,False
88,123,35,-3.1407390350341795,False
108,144,36,-3.1408073175048825,False
108,147,39,-3.1408360986328128,False
64,154,90,-3.1411707678222656,False
26,99,73,-3.141191298828125,False
3,50,47,-3.141360516967773,False
71,139,68,-3.1414028524780275,False
66,132,66,-3.141420981750488,False
21,104,83,-3.1415548855590822,False
58,147,89,-3.141576032104492,False
88,148,60,-3.141671797790527,False
38,70,32,-3.1416758825683595,False
31,63,32,-3.141779853820801,False
80,127,47,-3.141854882507324,False
25,101,76,-3.1420116592407226,False
68,110,42,-3.1420149072265624,False
34,122,88,-3.1421912030029295,False
17,79,62,-3.142263232421875,False
73,119,46,-3.1422907174682617,False
82,131,49,-3.142813123474121,False
7,52,45,-3.1428811596679687,False
97,153,56,-3.142993468322754,False
92,138,46,-3.1430062091064452,False
11,109,98,-3.143084700622558,False
49,128,79,-3.1432739535522463,False
69,114,45,-3.1435330133056643,False
83,135,52,-3.1437302767944337,False
89,151,62,-3.143884447021484,False
85,140,55,-3.1441701904296875,False
73,131,58,-3.1442259588623047,False
26,104,78,-3.144262413330078,False
31,64,33,-3.1443550259399418,False
58,122,64,-3.14443998046875,False
52,155,103,-3.144588617553711,False
53,122,69,-3.144616484375,False
12,36,24,-3.144623458557129,False
57,127,70,-3.1451903073120118,False
63,146,83,-3.145259895019531,False
65,139,74,-3.1452955172729493,False
64,118,54,-3.145403096008301,False
21,90,69,-3.145403411254883,False
20,137,117,-3.1454901144409178,False
67,133,66,-3.1455556781005862,False
17,103,86,-3.1456359466552732,False
78,147,69,-3.14598421661377,False
4,141,137,-3.1460064022827146,False
8,83,75,-3.1460865643310547,False
73,127,54,-3.146117709350586,False
5,71,66,-3.146241910705567,False
73,115,42,-3.146383246765137,False
80,148,68,-3.1464376623535157,False
39,148,109,-3.146487904663086,False
88,139,51,-3.146576938781738,False
28,123,95,-3.1466206500244143,False
61,120,59,-3.14672544128418,False
90,151,61,-3.146791314086914,False
71,145,74,-3.147007155456543,False
10,107,97,-3.1470978872680666,False
53,119,66,-3.1471901458740232,False
18,66,48,-3.1473508407592776,False
46,86,40,-3.1476084552001953,False
13,137,124,-3.1477096817016603,False
84,115,31,-3.148357128295898,False
3,142,139,-3.1484993743896483,False
39,126,87,-3.1485715777587893,False
78,137,59,-3.1487538833618163,False
66,141,75,-3.148800986328125,False
87,119,32,-3.148803338012695,False
58,126,68,-3.148848095397949,False
27,74,47,-3.148867054748535,False
71,128,57,-3.1488884436035156,False
85,124,39,-3.1489313137817385,False
22,130,108,-3.149026415100098,False
78,138,60,-3.149057660522461,False
81,120,39,-3.1493305252075197,False
11,139,128,-3.1494991592407224,False
21,89,68,-3.149766631164551,False
69,108,39,-3.1500436245727537,False
24,103,79,-3.150069879760742,False
39,120,81,-3.1501118353271487,False
85,116,31,-3.150263064880371,False
32,122,90,-3.150312629699707,False
18,76,58,-3.150365012512207,False
63,148,85,-3.150412764587402,False
6,50,44,-3.150472594909668,False
7,53,46,-3.15061142791748,False
67,143,76,-3.151067369995117,False
69,109,40,-3.151079530029297,False
60,114,54,-3.151333317565918,False
35,78,43,-3.15142338470459,False
81,148,67,-3.151460216064453,False
29,102,73,-3.151545506591797,False
39,122,83,-3.152040947570801,False
72,129,57,-3.1522093225097656,False
39,149,110,-3.1525219216918945,False
75,146,71,-3.152678316345215,False
10,65,55,-3.1527780780029295,False
25,99,74,-3.15292641418457,False
14,68,54,-3.1530171279907226,False
87,123,36,-3.153110732727051,False
33,120,87,-3.153203538208008,False
72,134,62,-3.1532663449096683,False
6,51,45,-3.1533008581542967,False
10,106,96,-3.1535273110961914,False
50,117,67,-3.1535514193725587,False
27,125,98,-3.1536688104248047,False
13,141,128,-3.1537486288452152,False
92,151,59,-3.154005775756836,False
105,139,34,-3.154120393066406,False
4,76,72,-3.154204105529785,False
59,150,91,-3.154330088500976,False
89,144,55,-3.1544760736083983,False
72,133,61,-3.1544863497924807,False
20,39,19,-3.154594631958008,False
91,150,59,-3.15470419342041,False
17,133,116,-3.155021958618164,False
72,115,43,-3.1553934774780275,False
33,122,89,-3.1553967050170897,False
63,119,56,-3.15543200378418,False
70,135,65,-3.1557008224487304,False
65,135,70,-3.1557398913574217,False
79,119,40,-3.155867353820801,False
77,150,73,-3.1559363485717773,False
18,133,115,-3.156611728515625,False
15,79,64,-3.1569007684326174,False
71,138,67,-3.1570502603149415,False
67,134,67,-3.1574231851196286,False
37,66,29,-3.157435617675781,False
12,141,129,-3.157471138305664,False
70,141,71,-3.1575014208984373,False
70,146,76,-3.157566716308594,False
37,102,65,-3.1576669998168945,False
18,136,118,-3.157698337097168,False
3,53,50,-3.1577658740234376,False
59,146,87,-3.1579123266601563,False
21,130,109,-3.158145884094238,False
27,101,74,-3.1581943170166014,False
67,132,65,-3.1584367965698243,False
50,135,85,-3.158629670715332,False
73,132,59,-3.1587845748901366,False
4,49,45,-3.1588396499633786,False
76,129,53,-3.1588576260375976,False
68,111,43,-3.1589385180664062,False
49,84,35,-3.1590087951660157,False
30,103,73,-3.159102304077148,False
16,35,19,-3.159185949707031,False
70,142,72,-3.159418970336914,False
26,133,107,-3.1594362222290036,False
74,130,56,-3.1601558233642577,False
54,123,69,-3.160289567871094,False
54,119,65,-3.160363964538574,False
32,121,89,-3.160437571105957,False
82,117,35,-3.1604591793823245,False
27,102,75,-3.1606634588623046,False
12,107,95,-3.1609566400146485,False
51,119,68,-3.1611025085449223,False
25,102,77,-3.161139035949707,False
24,133,109,-3.161215243835449,False
90,144,54,-3.161309301147461,False
20,65,45,-3.1613219235229493,False
30,86,56,-3.161501949462891,False
5,50,45,-3.161660437927246,False
27,103,76,-3.1618924713134766,False
84,135,51,-3.1619239569091797,False
80,147,67,-3.162048013000488,False
18,77,59,-3.1622884423828124,False
51,124,73,-3.162359937438965,False
6,67,61,-3.1626648721313475,False
17,78,61,-3.162847086486816,False
28,102,74,-3.163284625854492,False
5,49,44,-3.163323638305664,False
79,149,70,-3.1633471685791017,False
80,131,51,-3.1634869302368167,False
107,142,35,-3.163495959777832,False
84,137,53,-3.163630426940918,False
19,35,16,-3.163790033569336,False
20,35,15,-3.16399504699707,False
94,142,48,-3.164005210876465,False
88,136,48,-3.1640319543457034,False
84,131,47,-3.164087850341797,False
25,133,108,-3.164178547668457,False
86,124,38,-3.164268643493652,False
74,141,67,-3.1645065890502933,False
14,87,73,-3.1645701031494142,False
84,134,50,-3.1647410305786132,False
22,135,113,-3.1647636569213864,False
11,145,134,-3.1650768310546873,False
75,143,68,-3.1652360275268556,False
75,152,77,-3.1653590151977538,False
58,115,57,-3.165646520996094,False
85,139,54,-3.165716649169922,False
57,123,66,-3.165741448059082,False
7,68,61,-3.165915119934082,False
13,88,75,-3.1660089587402345,False
30,102,72,-3.1660434317016604,False
77,149,72,-3.1660790615844725,False
23,67,44,-3.166324263305664,False
39,128,89,-3.166483002929687,False
5,141,136,-3.1664848495483398,False
31,80,49,-3.1665125033569335,False
5,51,46,-3.166588189086914,False
30,85,55,-3.166740092163086,False
19,104,85,-3.1667634954833987,False
54,121,67,-3.1669523696899415,False
14,67,53,-3.167140820007324,False
19,66,47,-3.1675837222290038,False
65,138,73,-3.167617487487793,False
12,66,54,-3.1681308941650395,False
25,103,78,-3.1681493408203125,False
55,117,62,-3.1681686337280275,False
92,139,47,-3.1683449615478514,False
52,115,63,-3.1684131686401367,False
56,123,67,-3.1684280606079103,False
106,150,44,-3.168829438781738,False
85,142,57,-3.1688504534912108,False
10,66,56,-3.1689042224121096,False
7,80,73,-3.169257147216797,False
50,131,81,-3.169339620056152,False
88,138,50,-3.169351993103027,False
82,123,41,-3.1695056521606446,False
13,135,122,-3.169534391784668,False
50,126,76,-3.169606487121582,False
8,85,77,-3.1698158166503907,False
9,38,29,-3.170070079650879,False
50,119,69,-3.1702057327270508,False
5,69,64,-3.170507286682129,False
76,133,57,-3.1706349450683593,False
40,118,78,-3.170681121520996,False
69,152,83,-3.1707385446166994,False
75,136,61,-3.170781909790039,False
81,118,37,-3.1709901568603516,False
63,149,86,-3.1710071514892575,False
89,147,58,-3.1710856930541995,False
53,124,71,-3.1713198077392577,False
8,86,78,-3.171396014404297,False
38,74,36,-3.17143508605957,False
64,155,91,-3.171515796813965,False
23,103,80,-3.171631506652832,False
49,129,80,-3.171728165283203,False
18,75,57,-3.1717310580444336,False
29,103,74,-3.1717901724243163,False
78,148,70,-3.172388640136719,False
10,147,137,-3.1725038555908203,False
6,147,141,-3.172697661132813,False
77,151,74,-3.1727087631225586,False
86,128,42,-3.1727995892333984,False
88,144,56,-3.172816797180176,False
84,116,32,-3.172831003112793,False
59,128,69,-3.172866902160645,False
104,140,36,-3.1728909674072265,False
51,115,64,-3.1730565911865236,False
49,83,34,-3.173118110351562,False
36,147,111,-3.1731782861328126,False
38,101,63,-3.173212475585937,False
90,150,60,-3.173559014282227,False
88,142,54,-3.173592971496582,False
17,65,48,-3.1737741964721677,False
37,70,33,-3.1737796405029295,False
92,141,49,-3.173928779296875,False
69,134,65,-3.1740423568725586,False
68,143,75,-3.1740990786743164,False
6,139,133,-3.174257363891601,False
82,127,45,-3.1744593325805663,False
76,130,54,-3.1747488031005857,False
76,128,52,-3.1750645962524415,False
14,80,66,-3.1751028942871096,False
71,143,72,-3.1751631774902345,False
82,130,48,-3.1754547421264645,False
29,88,59,-3.175725190124512,False
5,74,69,-3.1758538690185545,False
15,69,54,-3.175901062316895,False
48,87,39,-3.1759730032348634,False
80,138,58,-3.176164494018555,False
50,84,34,-3.1762188217163088,False
30,131,101,-3.176331400146484,False
36,120,84,-3.176427135009766,False
4,51,47,-3.1765885150146485,False
92,140,48,-3.176718805236816,False
47,89,42,-3.1767543099975586,False
107,144,37,-3.176805836791992,False
59,116,57,-3.176817310791016,False
95,151,56,-3.176913432006836,False
8,87,79,-3.1769904025268554,False
4,50,46,-3.177012160644531,False
83,130,47,-3.177210265197754,False
84,129,45,-3.1773505578613284,False
38,119,81,-3.177389475402832,False
34,100,66,-3.1778977804565427,False
33,119,86,-3.177935094604492,False
93,150,57,-3.177959655151367,False
59,149,90,-3.178010133972168,False
74,138,64,-3.178169084472656,False
24,66,42,-3.178216954650879,False
38,128,90,-3.1782808862304686,False
74,152,78,-3.1785607626342776,False
90,124,34,-3.178656027832031,False
14,77,63,-3.179280602416992,False
38,69,31,-3.1792909384155275,False
74,135,61,-3.179422732849121,False
76,132,56,-3.1794387756347655,False
12,108,96,-3.179479132385254,False
29,74,45,-3.1797334078979493,False
23,68,45,-3.179844175415039,False
37,74,37,-3.180071201171875,False
14,79,65,-3.1803140466308593,False
65,140,75,-3.1804880142211913,False
100,137,37,-3.180535288696289,False
93,144,51,-3.1805562692260745,False
30,101,71,-3.1806414602661133,False
76,152,76,-3.180755422668457,False
39,123,84,-3.1807955279541016,False
55,129,74,-3.1808990945434568,False
91,146,55,-3.1809904272460936,False
92,150,58,-3.1810449581909177,False
21,71,50,-3.1812681494140627,False
80,117,37,-3.1812892654418947,False
85,141,56,-3.1813411602783206,False
53,131,78,-3.1816864608764646,False
34,103,69,-3.1819097744750975,False
85,126,41,-3.182050928955078,False
39,119,80,-3.1821051040649415,False
22,107,85,-3.1821794509887695,False
87,121,34,-3.1823123040771484,False
12,105,93,-3.182550778503418,False
10,138,128,-3.182592671813965,False
4,52,48,-3.182681159667969,False
27,132,105,-3.1826955871582028,False
87,127,40,-3.182788325805664,False
11,78,67,-3.1831546466064453,False
22,88,66,-3.183281965637207,False
98,153,55,-3.1833249908447265,False
13,36,23,-3.183348061828613,False
13,102,89,-3.183578133239746,False
16,66,50,-3.1835849725341796,False
80,135,55,-3.1836547506713866,False
70,109,39,-3.183922666320801,False
18,78,60,-3.1840347567749023,False
66,153,87,-3.184207792053223,False
103,140,37,-3.1843532760620117,False
62,147,85,-3.184540182495117,False
68,147,79,-3.184614319458008,False
17,137,120,-3.1847495455932617,False
72,136,64,-3.1850231201171875,False
69,145,76,-3.185331574707031,False
18,79,61,-3.185356130065918,False
74,140,66,-3.185498754272461,False
11,67,56,-3.18555216217041,False
71,130,59,-3.1856936895751953,False
20,38,18,-3.1857395953369143,False
67,155,88,-3.185756465148926,False
39,124,85,-3.185874791870117,False
18,80,62,-3.1859788302612304,False
50,82,32,-3.1861878234863283,False
35,125,90,-3.186326493835449,False
15,77,62,-3.1866951428222654,False
66,134,68,-3.1869092544555664,False
68,148,80,-3.187003545227051,False
47,88,41,-3.187065363464355,False
52,132,80,-3.1872224346923828,False
5,70,65,-3.1872684524536132,False
50,127,77,-3.1875844482421876,False
22,67,45,-3.1876673513793947,False
11,143,132,-3.187888618164062,False
6,73,67,-3.187939048461914,False
59,126,67,-3.187967175292969,False
26,100,74,-3.1881507037353516,False
99,136,37,-3.188203617248535,False
57,125,68,-3.1883420080566407,False
52,119,67,-3.1884843002319334,False
105,140,35,-3.188751427001953,False
7,147,140,-3.1888173934936526,False
26,74,48,-3.1890443786621097,False
17,88,71,-3.1892178649902343,False
8,67,59,-3.189339647216797,False
34,79,45,-3.1894449981689457,False
71,146,75,-3.189473791809082,False
72,128,56,-3.1896458938598635,False
61,115,54,-3.1897029220581055,False
37,128,91,-3.1897760736083987,False
19,65,46,-3.190145532531738,False
10,105,95,-3.1901534783935546,False
84,126,42,-3.190291416931152,False
79,139,60,-3.190300655822754,False
26,91,65,-3.1903731469726564,False
33,100,67,-3.1905261853027342,False
19,71,52,-3.190991299743652,False
55,123,68,-3.191089717102051,False
8,82,74,-3.1912778646850586,False
102,140,38,-3.1913191177368163,False
37,122,85,-3.191341605224609,False
52,120,68,-3.1913631564331055,False
97,142,45,-3.1914113961791992,False
36,150,114,-3.1915864868164063,False
4,144,140,-3.191681285400391,False
20,66,46,-3.1918331079101563,False
72,131,59,-3.191985964050293,False
27,90,63,-3.1919900799560548,False
59,122,63,-3.1920681161499025,False
28,89,61,-3.1921772494506837,False
69,110,41,-3.1926431054687496,False
77,145,68,-3.192794284057617,False
6,72,66,-3.1935226913452146,False
57,122,65,-3.193536578063965,False
101,154,53,-3.1937901235961914,False
29,87,58,-3.1938384005737306,False
22,134,112,-3.193929954223633,False
18,73,55,-3.1940456008911133,False
15,81,66,-3.194093607788086,False
51,154,103,-3.1941439840698242,False
19,38,19,-3.194178672180176,False
91,138,47,-3.194384339599609,False
17,134,117,-3.1945199560546875,False
51,125,74,-3.194630206604004,False
38,125,87,-3.1946471783447263,False
18,88,70,-3.194683645324707,False
23,39,16,-3.194712717590332,False
8,138,130,-3.194726442260742,False
58,127,69,-3.19477634185791,False
6,74,68,-3.194948076171875,False
106,141,35,-3.1951229211425782,False
81,121,40,-3.1953189678955076,False
50,85,35,-3.195338186340332,False
24,68,44,-3.195377929992676,False
85,117,32,-3.1956837228393553,False
76,142,66,-3.1956883853149414,False
10,146,136,-3.1962076708984375,False
69,148,79,-3.1963648706054686,False
84,130,46,-3.196831131591797,False
60,121,61,-3.197019055786133,False
70,136,66,-3.197237153930664,False
61,116,55,-3.1972418295288088,False
62,119,57,-3.1972635031127927,False
69,141,72,-3.1977551458740234,False
58,123,65,-3.197780512390137,False
63,118,55,-3.197812877197266,False
21,78,57,-3.197821511230469,False
79,128,49,-3.1979955752563476,False
21,67,46,-3.197999356994629,False
25,68,43,-3.198451457519531,False
26,126,100,-3.1984882302856446,False
13,140,127,-3.198543516845703,False
75,144,69,-3.1985585330200195,False
70,144,74,-3.198796290588379,False
10,139,129,-3.198836760559082,False
16,40,24,-3.199076474914551,False
80,120,40,-3.199222595214844,False
3,143,140,-3.1994630084228515,False
90,146,56,-3.1995475036621093,False
23,135,112,-3.1999068814086913,False
12,140,128,-3.200070583496094,False
70,137,67,-3.2000817950439453,False
18,74,56,-3.200170899353027,False
36,128,92,-3.200396788635254,False
21,87,66,-3.2006881997680665,False
84,138,54,-3.200761862182617,False
7,69,62,-3.2011258392333986,False
11,86,75,-3.2011327566528323,False
38,126,88,-3.20131318939209,False
85,122,37,-3.2013390008544924,False
68,133,65,-3.2015033291625974,False
83,139,56,-3.2015776693725586,False
71,152,81,-3.201907718505859,False
67,147,80,-3.201981354980469,False
71,148,77,-3.2024705505371096,False
76,140,64,-3.2025887963867183,False
80,130,50,-3.20262349975586,False
26,65,39,-3.202784296875,False
14,78,64,-3.2029425363159176,False
36,148,112,-3.2029969497680666,False
16,104,88,-3.203039409790039,False
14,82,68,-3.2030903393554686,False
56,128,72,-3.203172698059082,False
18,87,69,-3.203490825500488,False
10,39,29,-3.203597612915039,False
83,125,42,-3.2036394174194336,False
19,136,117,-3.2037522497558593,False
57,121,64,-3.2037634393310546,False
68,132,64,-3.2039637008666992,False
93,145,52,-3.204096651611328,False
70,132,62,-3.2043099655151366,False
82,118,36,-3.204430265197754,False
15,104,89,-3.2045485934448243,False
38,124,86,-3.2049689697265626,False
13,139,126,-3.2049908242797853,False
19,78,59,-3.2050811035156253,False
92,149,57,-3.2051611904907227,False
60,116,56,-3.2051778091430663,False
23,128,105,-3.2052321926879883,False
86,127,41,-3.205252771606445,False
67,142,75,-3.2054802395629887,False
80,129,49,-3.205565508422852,False
72,130,58,-3.205623919677734,False
36,119,83,-3.2056799395751954,False
8,147,139,-3.205681012573242,False
75,137,62,-3.205698588256836,False
10,78,68,-3.206112962341309,False
52,121,69,-3.206464882507324,False
6,68,62,-3.2065676235961917,False
79,146,67,-3.2066673767089844,False
99,153,54,-3.206827122497559,False
77,148,71,-3.2069036584472657,False
83,127,44,-3.2070195281982423,False
5,143,138,-3.207138092956543,False
75,145,70,-3.2074198687744144,False
57,124,67,-3.207486862792969,False
90,139,49,-3.2076656118774416,False
37,68,31,-3.2079428393554688,False
68,150,82,-3.208035505981445,False
62,149,87,-3.208085244140625,False
25,75,50,-3.2080880990600584,False
6,53,47,-3.2081434448242185,False
24,71,47,-3.2083370040893557,False
59,124,65,-3.2084242840576174,False
66,151,85,-3.208541264038086,False
25,67,42,-3.2086222189331055,False
13,104,91,-3.2090378201293945,False
73,140,67,-3.2090682711791993,False
83,124,41,-3.209096956176758,False
59,148,89,-3.209332890014648,False
70,147,77,-3.2094642169189456,False
11,77,66,-3.209687223815918,False
50,86,36,-3.2097553417968747,False
74,144,70,-3.209851654052734,False
21,68,47,-3.209877905883789,False
33,121,88,-3.209902685546875,False
74,136,62,-3.209907416687012,False
18,36,18,-3.2099106808471682,False
13,37,24,-3.2099342504882813,False
11,105,94,-3.2100616452026367,False
27,65,38,-3.210142906799317,False
86,120,34,-3.2102814907836916,False
17,111,94,-3.2103563693237307,False
75,138,63,-3.2104470480346676,False
11,106,95,-3.2105216641235352,False
29,65,36,-3.2108467166137693,False
13,136,123,-3.210956714172363,False
12,139,127,-3.2110070672607423,False
52,117,65,-3.211125809020996,False
18,37,19,-3.2112501892089846,False
10,81,71,-3.2113188830566406,False
11,87,76,-3.2118275857543943,False
12,142,130,-3.2122942010498052,False
6,70,64,-3.2123067654418946,False
19,110,91,-3.2123601257324217,False
55,119,64,-3.2123699243164063,False
5,53,48,-3.2125339166259765,False
74,137,63,-3.2125410864257815,False
17,104,87,-3.212628333740234,False
60,120,60,-3.2126557580566404,False
83,131,48,-3.2129348916625977,False
54,120,66,-3.212972588806152,False
72,114,42,-3.2130525170898436,False
33,101,68,-3.2130748623657226,False
19,132,113,-3.2132121759033203,False
37,100,63,-3.2133726596069336,False
95,143,48,-3.213578887939453,False
51,83,32,-3.213581913452148,False
16,138,122,-3.213610372924805,False
31,129,98,-3.2137466061401367,False
69,147,78,-3.2137816744995122,False
8,37,29,-3.213805218200684,False
12,138,126,-3.2139252490234376,False
18,39,21,-3.213983485412598,False
59,115,56,-3.2140879812622067,False
67,141,74,-3.214158301696777,False
64,115,51,-3.214525222167969,False
18,83,65,-3.2145353005981447,False
21,135,114,-3.2146568829345705,False
80,118,38,-3.214696304321289,False
56,127,71,-3.2147057580566405,False
69,146,77,-3.2148364694213867,False
66,150,84,-3.215252897644043,False
85,125,40,-3.2155072387695314,False
107,148,41,-3.215545476074219,False
38,123,85,-3.215696045837402,False
31,77,46,-3.2157323065185546,False
21,69,48,-3.2158193957519527,False
35,147,112,-3.215964041442871,False
65,117,52,-3.215990957336426,False
34,102,68,-3.216026253662109,False
74,145,71,-3.216489336547851,False
36,103,67,-3.216535122680664,False
73,133,60,-3.216687344055176,False
85,118,33,-3.2167418051147463,False
91,144,53,-3.2169232418823244,False
68,134,66,-3.217091597595215,False
26,78,52,-3.2172445974731447,False
75,135,60,-3.2173236904907228,False
68,141,73,-3.2173404702758788,False
59,117,58,-3.217348681640625,False
76,144,68,-3.2174304431152345,False
56,126,70,-3.2175213189697267,False
82,121,39,-3.21773008392334,False
66,140,74,-3.217763924255371,False
56,124,68,-3.2179184115600585,False
98,154,56,-3.217948689575195,False
20,37,17,-3.2181376962280277,False
15,70,55,-3.218285747680664,False
13,111,98,-3.2183139276123045,False
27,77,50,-3.2183349038696294,False
91,140,49,-3.218428485717774,False
11,144,133,-3.2185318341064453,False
24,127,103,-3.2185904360961914,False
28,65,37,-3.2186325845336916,False
14,83,69,-3.2189769857788084,False
59,127,68,-3.2190032510375977,False
104,151,47,-3.2190144149780275,False
108,145,37,-3.2190235449218747,False
20,90,70,-3.219053196105957,False
79,138,59,-3.2192172430419923,False
76,134,58,-3.2193230068969725,False
18,104,86,-3.2194585162353517,False
99,154,55,-3.219552314147949,False
22,131,109,-3.2196158819580076,False
9,147,138,-3.2196709814453124,False
28,132,104,-3.2197914184570315,False
47,87,40,-3.2198544210815427,False
67,148,81,-3.2198953598022464,False
50,130,80,-3.2203338143920894,False
66,155,89,-3.22043162689209,False
21,70,49,-3.220718338317871,False
17,76,59,-3.2207609365844725,False
25,78,53,-3.2207793722534177,False
67,153,86,-3.220808610839844,False
73,129,56,-3.2208750479125974,False
104,139,35,-3.220962383422852,False
38,73,35,-3.2209887689208982,False
84,139,55,-3.221334374694824,False
84,132,48,-3.2215286074829104,False
74,139,65,-3.2215686099243164,False
37,75,38,-3.2216025860595705,False
21,108,87,-3.2218239361572265,False
8,139,131,-3.2218466906738277,False
87,128,41,-3.2218895022583007,False
6,69,63,-3.222088051452636,False
57,120,63,-3.222104960021973,False
91,139,48,-3.2222683990478513,False
76,143,67,-3.2224866473388674,False
77,147,70,-3.222687222900391,False
14,86,72,-3.2228635955810545,False
63,115,52,-3.2230978543090822,False
8,39,31,-3.2235680395507815,False
20,36,16,-3.2236579138183594,False
15,78,63,-3.2236605197143553,False
76,150,74,-3.2239003851318357,False
69,111,42,-3.224038994445801,False
17,75,58,-3.2247103890991213,False
68,152,84,-3.2247515554809567,False
55,120,65,-3.2249523742675783,False
20,131,111,-3.2251181860351563,False
35,146,111,-3.225273995666504,False
28,74,46,-3.225283800354004,False
85,128,43,-3.225626032104492,False
15,82,67,-3.22573109954834,False
68,151,83,-3.225878161010742,False
72,132,60,-3.2259209887695315,False
35,148,113,-3.225974052734375,False
22,78,56,-3.225978629455567,False
16,79,63,-3.2260523727416994,False
15,84,69,-3.2262865328979493,False
11,142,131,-3.2263617553710935,False
10,79,69,-3.2264980758666995,False
84,122,38,-3.226854157714844,False
48,85,37,-3.2271605242919925,False
92,144,52,-3.2271861492919927,False
71,144,73,-3.2272676208496094,False
10,77,67,-3.2276665066528323,False
57,118,61,-3.2276686334228515,False
38,75,37,-3.2278400259399413,False
21,134,113,-3.2278868896484374,False
19,39,20,-3.2280704492187504,False
53,130,77,-3.2281507998657224,False
16,87,71,-3.228436099243164,False
89,148,59,-3.228648087158203,False
19,89,70,-3.2287277090454105,False
13,65,52,-3.2287330926513675,False
76,131,55,-3.2288362829589845,False
17,136,119,-3.228996022949219,False
54,129,75,-3.229026624755859,False
18,38,20,-3.2290896255493164,False
51,120,69,-3.229406674194336,False
19,77,58,-3.229691996459961,False
88,135,47,-3.229789030456543,False
62,148,86,-3.229802463684082,False
33,130,97,-3.229858787536621,False
19,72,53,-3.230048577880859,False
103,138,35,-3.230332250976562,False
102,152,50,-3.2303973114013673,False
51,118,67,-3.2306054586791992,False
60,115,55,-3.2313878204345707,False
26,66,40,-3.2314483834838867,False
13,103,90,-3.2315313836669923,False
72,146,74,-3.2315677465820314,False
34,101,67,-3.231795373840332,False
77,146,69,-3.2318404235839844,False
11,82,71,-3.232127121582031,False
75,141,66,-3.2321566433715825,False
25,74,49,-3.232293843688965,False
17,87,70,-3.2324041052246093,False
12,106,94,-3.2324769763183596,False
70,133,63,-3.232560688171387,False
22,68,46,-3.2326378466796877,False
32,63,31,-3.2326401919555665,False
69,132,63,-3.2326721334838866,False
84,117,33,-3.232753172302246,False
73,114,41,-3.2327704818725587,False
83,128,45,-3.232928814697266,False
8,81,73,-3.233016114196777,False
102,138,36,-3.233256527709961,False
96,143,47,-3.2332940792846676,False
12,87,75,-3.2335664794921875,False
29,75,46,-3.2336759939575197,False
49,86,37,-3.2336938153076167,False
36,122,86,-3.2341009741210938,False
56,121,65,-3.234513279113769,False
81,119,38,-3.2346403683471676,False
59,147,88,-3.234978084716797,False
105,150,45,-3.235009440002442,False
25,77,52,-3.235093679199219,False
16,77,61,-3.235108715209961,False
80,121,41,-3.2353009109497073,False
15,80,65,-3.2353239962768554,False
6,79,73,-3.2356626684570315,False
74,151,77,-3.235701104125977,False
19,84,65,-3.236196705932617,False
68,142,74,-3.2362048001098636,False
29,131,102,-3.2364206140136718,False
73,135,62,-3.2364819650268557,False
22,133,111,-3.236528790283203,False
73,128,55,-3.236632833557129,False
10,80,70,-3.2366887042236328,False
59,125,66,-3.236895628051758,False
62,116,54,-3.236916125183105,False
37,72,35,-3.2372104800415036,False
76,146,70,-3.2373618627929686,False
108,143,35,-3.2373981658935547,False
72,149,77,-3.2375484457397463,False
70,152,82,-3.2376828674316407,False
4,143,139,-3.237710538635254,False
75,140,65,-3.2377376165771485,False
32,79,47,-3.2377552124023437,False
65,116,51,-3.2378756814575196,False
39,127,88,-3.238210603027343,False
38,76,38,-3.238545445861816,False
66,139,73,-3.238801763000488,False
52,124,72,-3.2388665560913084,False
20,89,69,-3.23889730255127,False
18,135,117,-3.239000580444336,False
15,76,61,-3.2392969943237304,False
16,78,62,-3.2395104077148438,False
22,71,49,-3.2395477661132817,False
76,141,65,-3.2395615145874026,False
8,84,76,-3.239718957214355,False
50,83,33,-3.2397298141479496,False
69,133,64,-3.239798365478516,False
83,117,34,-3.2398606018066403,False
10,140,130,-3.239981513671875,False
5,52,47,-3.240017684631348,False
37,101,64,-3.240357876586914,False
70,143,73,-3.240669981079102,False
11,107,96,-3.2410075271606447,False
83,138,55,-3.2415766442871097,False
39,118,79,-3.2416455392456056,False
51,126,75,-3.241656352233887,False
61,117,56,-3.241921997680664,False
28,88,60,-3.241949415283203,False
20,136,116,-3.241991380004883,False
59,120,61,-3.242179085998535,False
21,72,51,-3.2422258004760742,False
35,126,91,-3.242268623352051,False
63,116,53,-3.2424506344604493,False
108,146,38,-3.2427676141357424,False
66,152,86,-3.243320520324707,False
19,105,86,-3.243344948120117,False
14,69,55,-3.2434524139404295,False
74,143,69,-3.2435474459838867,False
73,130,57,-3.2437684173583983,False
70,138,68,-3.244865188598633,False
10,37,27,-3.2451442459106445,False
86,119,33,-3.2458657916259765,False
16,67,51,-3.246287146911621,False
98,140,42,-3.2462920062255862,False
12,67,55,-3.2464219122314453,False
94,145,51,-3.2464629708862303,False
33,123,90,-3.2469003985595704,False
18,110,92,-3.247028439331055,False
21,79,58,-3.247125188293457,False
24,67,43,-3.2472651159667967,False
15,83,68,-3.2476009912109376,False
11,83,72,-3.2476627185058597,False
84,124,40,-3.2476751083374027,False
8,140,132,-3.2477942175292966,False
66,148,82,-3.247794255371094,False
36,121,85,-3.2478080792236326,False
34,124,90,-3.247821365356445,False
107,143,36,-3.248490191955566,False
30,122,92,-3.248552608337403,False
35,124,89,-3.2485526254272457,False
30,84,54,-3.2485551333618163,False
58,117,59,-3.248616785583496,False
73,136,63,-3.248635599975586,False
36,71,35,-3.249073730773926,False
6,145,139,-3.2492650552368163,False
33,79,46,-3.2494765719604493,False
11,81,70,-3.249488971557617,False
9,146,137,-3.249930472717285,False
65,136,71,-3.2500456341552733,False
32,64,32,-3.2501112600708004,False
25,91,66,-3.250134135131836,False
23,71,48,-3.250436039123535,False
80,128,48,-3.250573265686035,False
17,74,57,-3.250848875427246,False
4,142,138,-3.2508624877929693,False
98,135,37,-3.2509565716552737,False
66,154,88,-3.2511772302246094,False
7,74,67,-3.251319424133301,False
72,148,76,-3.2514485095214845,False
75,150,75,-3.251722879333496,False
51,117,66,-3.2517659808349606,False
64,116,52,-3.2518436532592774,False
21,131,110,-3.2520275308227538,False
83,123,40,-3.2522790356445315,False
15,86,71,-3.2523571575927734,False
69,136,67,-3.252543439331055,False
31,123,92,-3.2526083483886716,False
73,152,79,-3.252629729919433,False
98,136,38,-3.2527205999755857,False
56,119,63,-3.2530433349609376,False
17,66,49,-3.253433141784668,False
92,145,53,-3.2537127362060545,False
10,36,26,-3.2538021606445313,False
18,81,63,-3.253834738769531,False
7,140,133,-3.2540749102783204,False
19,67,48,-3.2542917626953125,False
8,141,133,-3.2547240188598634,False
9,140,131,-3.254851243286133,False
9,39,30,-3.2551210534667967,False
9,138,129,-3.255490176696777,False
34,123,89,-3.2556262875366206,False
54,128,74,-3.2558549212646484,False
72,140,68,-3.2558601568603516,False
14,76,62,-3.25595850402832,False
20,67,47,-3.2562137246704106,False
49,85,36,-3.2562300616455078,False
102,139,37,-3.2563715890502927,False
100,139,39,-3.256597379150391,False
58,124,66,-3.256665310974121,False
58,121,63,-3.256728549499512,False
19,70,51,-3.256786303405762,False
9,67,58,-3.2568030841064455,False
94,143,49,-3.257156468811035,False
6,52,46,-3.2573311364746096,False
61,119,58,-3.257442269897461,False
47,85,38,-3.257584235229492,False
28,129,101,-3.258158473815918,False
76,151,75,-3.258300055847168,False
17,80,63,-3.2583859588623048,False
9,36,27,-3.258676062316894,False
8,145,137,-3.258801642150879,False
17,39,22,-3.258875635070801,False
100,138,38,-3.2589966302490234,False
20,71,51,-3.25914218536377,False
11,108,97,-3.2593746301269535,False
19,134,115,-3.25937477142334,False
32,129,97,-3.259450848083496,False
69,150,81,-3.259452945251465,False
22,79,57,-3.2594706634521486,False
21,132,111,-3.259506625976562,False
59,121,62,-3.2596398580932613,False
22,81,59,-3.25964188079834,False
38,72,34,-3.2596902722167966,False
36,77,41,-3.259748568115234,False
16,65,49,-3.2598664547729492,False
29,130,101,-3.260031484985352,False
63,117,54,-3.2601957177734375,False
107,145,38,-3.2602117208862302,False
23,134,111,-3.2605197244262696,False
18,86,68,-3.260523436889648,False
54,124,70,-3.2606690353393555,False
72,135,63,-3.260678696899414,False
5,75,70,-3.2619779614257816,False
9,139,130,-3.2620125967407225,False
103,152,49,-3.262183822937012,False
37,69,32,-3.262290105285645,False
14,105,91,-3.2627800238037112,False
26,75,49,-3.2628152859497073,False
55,122,67,-3.2628494873046874,False
37,126,89,-3.2631926351928713,False
13,81,68,-3.263224284362793,False
32,78,46,-3.263263807067871,False
56,118,62,-3.2636841247558595,False
19,37,18,-3.263845946960449,False
22,70,48,-3.263911620178223,False
27,126,99,-3.26406333190918,False
13,138,125,-3.2641352655029294,False
21,105,84,-3.2642789331054685,False
9,37,28,-3.2645876196289065,False
75,139,64,-3.2651539871215816,False
76,149,73,-3.2652437023925787,False
26,101,75,-3.2653837286376954,False
103,139,36,-3.265520361633301,False
6,71,65,-3.2656692181396485,False
93,149,56,-3.2658048690795902,False
80,119,39,-3.2660913632202146,False
20,78,58,-3.266184444580078,False
75,151,76,-3.266353551635742,False
72,145,73,-3.2664938934326173,False
21,133,112,-3.2668539852905276,False
18,67,49,-3.267124260253906,False
28,130,102,-3.2672839370727536,False
34,128,94,-3.267809363098144,False
28,124,96,-3.2678465234374996,False
17,86,69,-3.2678618395996097,False
34,63,29,-3.2678763192749023,False
18,72,54,-3.268152960205078,False
16,135,119,-3.2683275009155275,False
16,137,121,-3.2683346276855465,False
37,124,87,-3.2685194186401367,False
71,147,76,-3.2687168460083007,False
32,77,45,-3.2694006942749025,False
12,81,69,-3.2694366015625,False
69,144,75,-3.26995272857666,False
61,118,57,-3.270372459716797,False
20,104,84,-3.270505478820801,False
37,123,86,-3.2705818801879887,False
21,106,85,-3.2707730792236327,False
29,123,94,-3.270863858642578,False
58,125,67,-3.270895282897949,False
106,143,37,-3.2713380004882815,False
52,131,79,-3.271379475097656,False
11,80,69,-3.271420437011719,False
100,140,40,-3.271549683532715,False
35,77,42,-3.2716076080322267,False
92,146,54,-3.2716915435791014,False
101,138,37,-3.2718027395629883,False
28,126,98,-3.2718315759277345,False
51,130,79,-3.271850118713379,False
8,80,72,-3.2721334503173827,False
35,71,36,-3.272149629821777,False
55,128,73,-3.2722368661499024,False
56,122,66,-3.2726098495483398,False
53,126,73,-3.273418118286133,False
23,91,68,-3.2734883041381835,False
70,140,70,-3.2735346746826175,False
22,132,110,-3.273833352661133,False
19,88,69,-3.2742646841430663,False
57,119,62,-3.274308265075683,False
67,139,72,-3.2744091983032226,False
90,147,57,-3.2744097521972657,False
6,146,140,-3.274570692138672,False
26,127,101,-3.2745766613769534,False
69,151,82,-3.2746248223876955,False
7,71,64,-3.2746965991210937,False
54,127,73,-3.2748973541259767,False
69,135,66,-3.275012282714844,False
86,121,35,-3.2751091329956052,False
106,149,43,-3.2751151605224607,False
107,147,40,-3.2751583145141603,False
14,85,71,-3.2756407952880857,False
71,149,78,-3.2757513143920898,False
14,111,97,-3.27643514831543,False
11,79,68,-3.2765173324584964,False
72,152,80,-3.2766690270996093,False
24,91,67,-3.276809244384766,False
25,76,51,-3.2768613372802733,False
48,86,38,-3.277347312927246,False
54,126,72,-3.2773520068359376,False
9,141,132,-3.277414819335937,False
85,127,42,-3.2774961340332034,False
83,120,37,-3.2774979013061527,False
76,137,61,-3.277537540283203,False
20,132,112,-3.2776271533203123,False
16,111,95,-3.277932954101563,False
106,142,36,-3.278042894592285,False
35,123,88,-3.2780638677978517,False
66,138,72,-3.2782094796752927,False
17,70,53,-3.2782802447509765,False
69,140,71,-3.2783187246704104,False
18,71,53,-3.2783477789306636,False
79,148,69,-3.2784499273681638,False
84,128,44,-3.279155725402832,False
67,154,87,-3.2791805975341797,False
30,130,100,-3.279189342956543,False
62,117,55,-3.279239533691406,False
50,128,78,-3.279270742797851,False
15,71,56,-3.2793613992309574,False
76,147,71,-3.27967330078125,False
29,77,48,-3.2797254669189457,False
106,144,38,-3.279952922363281,False
24,132,108,-3.2801538317871093,False
36,65,29,-3.2803241348266603,False
22,90,68,-3.280417848510742,False
33,102,69,-3.2806889202880862,False
5,76,71,-3.280948607788086,False
69,149,80,-3.281253899230957,False
19,69,50,-3.281398551025391,False
26,102,76,-3.2814333459472658,False
16,105,89,-3.281862328796387,False
17,67,50,-3.281886200561524,False
74,150,76,-3.282009546508789,False
70,139,69,-3.2820778607177736,False
94,144,50,-3.282297980041504,False
76,138,62,-3.28280416809082,False
19,36,17,-3.2828404562377926,False
79,147,68,-3.2829641555786133,False
73,137,64,-3.28300109588623,False
9,79,70,-3.283255056152344,False
15,73,58,-3.283349094848633,False
65,137,72,-3.2836082287597654,False
10,82,72,-3.283675016784668,False
74,146,72,-3.2838558334350587,False
71,150,79,-3.283993740234375,False
10,141,131,-3.2840956469726565,False
82,119,37,-3.2842104165649415,False
27,128,101,-3.2844706503295895,False
99,140,41,-3.284634383850098,False
69,143,74,-3.2847496353149417,False
26,76,50,-3.2849392462158207,False
60,119,59,-3.285378321533203,False
25,70,45,-3.2855450466918947,False
33,78,45,-3.2857596978759767,False
69,137,68,-3.285937598876953,False
27,66,39,-3.2859413491821288,False
52,118,66,-3.285969158630371,False
27,73,46,-3.2862097396850585,False
37,73,36,-3.2862734445190425,False
93,146,53,-3.2863313171386723,False
35,149,114,-3.28634672454834,False
53,125,72,-3.286381161193847,False
25,127,102,-3.286707866516113,False
8,146,138,-3.2870275393676756,False
16,136,120,-3.287095045776367,False
7,72,65,-3.2872358734130858,False
28,125,97,-3.287306722717285,False
18,82,64,-3.287581214294433,False
99,137,38,-3.28773201538086,False
37,76,39,-3.28781129486084,False
60,117,57,-3.287952092590332,False
69,142,73,-3.2883171987915043,False
36,149,113,-3.2884228219604497,False
99,138,39,-3.288480510559082,False
35,67,32,-3.28862547454834,False
36,99,63,-3.288785490112305,False
22,72,50,-3.288807831726074,False
27,67,40,-3.289098277282715,False
8,70,62,-3.289211583862305,False
64,117,53,-3.2892957885742184,False
24,74,50,-3.28940979888916,False
8,79,71,-3.2894404235839843,False
73,144,71,-3.289629738464355,False
19,133,114,-3.2902544955444335,False
73,141,68,-3.2904902468872073,False
31,78,47,-3.2906321710205075,False
19,73,54,-3.290704102783203,False
27,89,62,-3.291119208374023,False
50,129,79,-3.2911909051513675,False
20,109,89,-3.291269378967285,False
10,67,57,-3.291351231689453,False
72,142,70,-3.2914712213134765,False
68,149,81,-3.2914842431640623,False
68,140,72,-3.2915265438842773,False
9,85,76,-3.2915538833618165,False
34,78,44,-3.291578317565918,False
13,66,53,-3.2915999938964844,False
29,66,37,-3.292000646362305,False
26,103,77,-3.292226401062012,False
25,71,46,-3.292366585998535,False
13,79,66,-3.2926289300537106,False
55,118,63,-3.2927499261474606,False
28,66,38,-3.2928304916381834,False
29,86,57,-3.29283531829834,False
73,142,69,-3.293061378173828,False
72,141,69,-3.293272558898926,False
33,103,70,-3.293555501098633,False
105,141,36,-3.2936258068847657,False
19,76,57,-3.2938923098754884,False
67,140,73,-3.2941174377441405,False
36,126,90,-3.2941605752563476,False
22,69,47,-3.2942968713378904,False
70,151,81,-3.294636337585449,False
69,138,69,-3.2947919342041017,False
9,81,72,-3.295141227722168,False
100,154,54,-3.2952757516479494,False
8,78,70,-3.29558640625,False
58,119,61,-3.2955887048339845,False
22,80,58,-3.2956319409179686,False
59,119,60,-3.2958444436645506,False
73,145,72,-3.296097301025391,False
27,75,48,-3.296113696899414,False
62,115,53,-3.296151385498047,False
7,78,71,-3.296919052734375,False
14,84,70,-3.2971024801635744,False
86,123,37,-3.29723784362793,False
15,74,59,-3.2974710446166995,False
70,150,80,-3.2978301889038084,False
21,73,52,-3.2980162066650394,False
17,135,118,-3.298339159240723,False
56,125,69,-3.2987642266845705,False
76,145,69,-3.298984335632324,False
28,75,47,-3.2990598382568357,False
22,89,67,-3.2994003881835936,False
35,72,37,-3.2997680111694336,False
7,145,138,-3.299801230163574,False
72,137,65,-3.300029837646484,False
36,123,87,-3.3004570962524413,False
15,105,90,-3.3005636352539063,False
32,123,91,-3.30065477142334,False
13,80,67,-3.3008322793579103,False
7,79,72,-3.301298909301758,False
10,86,76,-3.301397059020996,False
91,147,56,-3.3014322555541993,False
22,75,53,-3.301500230407715,False
10,145,135,-3.3015534915161133,False
67,152,85,-3.301623564147949,False
9,145,136,-3.3019872381591795,False
98,139,41,-3.3023007333374026,False
18,70,52,-3.3023379211425783,False
104,141,37,-3.3029796588134763,False
51,129,78,-3.303000052185059,False
35,74,39,-3.30319110534668,False
20,72,52,-3.3033121032714847,False
37,127,90,-3.3034628186035158,False
35,65,30,-3.3036870544433596,False
99,139,40,-3.3039661840820314,False
55,124,69,-3.304047776794434,False
84,127,43,-3.304085286254883,False
10,83,73,-3.3040873376464845,False
36,101,65,-3.304338698425293,False
62,118,56,-3.3047295007324218,False
72,139,67,-3.3049385690307616,False
21,107,86,-3.305247497558594,False
13,82,69,-3.305836502380371,False
30,81,51,-3.3066176306152344,False
24,128,104,-3.3070170727539066,False
23,133,110,-3.307049009399414,False
53,127,74,-3.3074736541748044,False
17,69,52,-3.308441385803223,False
27,129,102,-3.3087202856445317,False
91,148,57,-3.3087869485473633,False
67,135,68,-3.309027170715332,False
98,141,43,-3.309101246337891,False
14,110,96,-3.3091646353149415,False
18,68,50,-3.3094983862304685,False
17,68,51,-3.3095926583862307,False
58,118,60,-3.3097605856323242,False
70,149,79,-3.3097640628051757,False
35,73,38,-3.3109123251342774,False
84,125,41,-3.310973867492676,False
94,150,56,-3.3111391766357423,False
52,126,74,-3.3113287399291993,False
75,149,74,-3.3114440872192383,False
19,81,62,-3.3116398284912107,False
9,87,78,-3.3117680838012697,False
98,142,44,-3.311924515380859,False
8,68,60,-3.3120155511474607,False
76,136,60,-3.3123787499999997,False
38,127,89,-3.3128238912963868,False
17,36,19,-3.313070006713867,False
73,139,66,-3.3133743814086913,False
75,147,72,-3.3134183905029295,False
67,150,83,-3.3134465225219727,False
15,72,57,-3.3138156729125976,False
36,74,38,-3.3140929537963872,False
6,141,135,-3.3142010861206055,False
67,138,71,-3.314330710754395,False
20,88,68,-3.3147443179321288,False
66,136,70,-3.3149226785278323,False
68,135,67,-3.315425479736328,False
28,87,59,-3.315445086364746,False
30,83,53,-3.31548306060791,False
19,75,56,-3.3159698718261716,False
21,80,59,-3.3167740884399413,False
105,149,44,-3.3171359976196286,False
51,127,76,-3.317290087890625,False
17,37,20,-3.317310477294922,False
72,147,75,-3.3174012731933593,False
107,146,39,-3.3174029571533206,False
21,74,53,-3.3178091992187495,False
15,85,70,-3.3178482376098635,False
27,76,49,-3.3180435076904295,False
66,149,83,-3.3181210025024415,False
72,150,78,-3.318142787475586,False
55,121,66,-3.318258818054199,False
29,78,49,-3.3184405654907225,False
73,151,78,-3.3184961291503905,False
71,151,80,-3.31855750579834,False
27,78,51,-3.318822994384766,False
17,83,66,-3.318889540710449,False
29,129,100,-3.3189565542602537,False
73,150,77,-3.3191412423706055,False
25,69,44,-3.3192146676635743,False
9,82,73,-3.3193106054687496,False
76,148,72,-3.319311753540039,False
52,125,73,-3.319320527038574,False
21,77,56,-3.3195403582763676,False
22,84,62,-3.3197048342895505,False
21,81,60,-3.31978421295166,False
33,129,96,-3.319946702880859,False
11,85,74,-3.3203828680419925,False
18,85,67,-3.3205623233032227,False
17,105,88,-3.3208100579833983,False
13,110,97,-3.3209856793212893,False
93,147,54,-3.3221003729248046,False
90,148,58,-3.3221340631103518,False
58,120,62,-3.322343298339844,False
29,85,56,-3.3226140960693358,False
76,135,59,-3.3227936029052736,False
96,152,56,-3.3228626342773437,False
19,135,116,-3.3229521337890624,False
9,78,69,-3.3229567626953127,False
55,127,72,-3.322971274719238,False
23,70,47,-3.3230132043457035,False
30,80,50,-3.323391024169922,False
73,138,65,-3.3238247085571286,False
30,129,99,-3.3238358975219726,False
20,70,50,-3.3241648455810546,False
19,74,55,-3.324223317871094,False
27,88,61,-3.3242403775024414,False
9,83,74,-3.324786707763672,False
18,69,51,-3.3249033706665037,False
22,77,55,-3.3252130615234377,False
83,118,35,-3.325432450866699,False
6,140,134,-3.325469846191406,False
67,136,69,-3.3254721652221684,False
12,79,67,-3.325577439575196,False
69,139,70,-3.325668941040039,False
92,147,55,-3.3257045190429686,False
17,81,64,-3.326077196655273,False
95,150,55,-3.32629912902832,False
7,75,68,-3.3263213497924804,False
16,74,58,-3.3263518533325196,False
66,135,69,-3.326467488708496,False
12,80,68,-3.3268872607421875,False
24,69,45,-3.3269955520629884,False
17,84,67,-3.327037554321289,False
29,76,47,-3.327140178222656,False
47,86,39,-3.3273192324829104,False
76,139,63,-3.327739959716797,False
15,75,60,-3.3277494076538083,False
12,68,56,-3.328210440979004,False
24,70,46,-3.328253485412598,False
36,102,66,-3.3283028759765627,False
30,77,47,-3.3283492315673824,False
34,126,92,-3.328351354370117,False
100,153,53,-3.3287439419555667,False
24,75,51,-3.3296588528442386,False
5,77,72,-3.329733380737305,False
5,142,137,-3.329791521911621,False
17,73,56,-3.3301852380371093,False
7,73,66,-3.3302349713134767,False
22,87,65,-3.3304257196044924,False
9,80,71,-3.330573331604004,False
26,73,47,-3.3311675448608398,False
21,75,54,-3.331475627746582,False
21,86,65,-3.3317017626953125,False
85,123,38,-3.3324317330932614,False
20,68,48,-3.332568977355957,False
12,77,65,-3.3328025216674804,False
68,136,68,-3.3329218804931644,False
68,139,71,-3.333212448730469,False
59,118,59,-3.333359853820801,False
19,79,60,-3.3336600277709962,False
101,140,39,-3.333811548461914,False
20,77,57,-3.3340886654663087,False
10,85,75,-3.334432880554199,False
20,69,49,-3.3357112780761717,False
26,67,41,-3.335758672790527,False
36,67,31,-3.336038180541992,False
9,68,59,-3.336384639587402,False
68,137,69,-3.3364201364135746,False
15,111,96,-3.33690411529541,False
30,123,93,-3.3376627114868165,False
60,118,58,-3.3376712554931642,False
9,84,75,-3.337883813171387,False
20,73,53,-3.338118347473144,False
103,141,38,-3.338442009277344,False
74,149,75,-3.340029200744629,False
6,78,72,-3.3401636990356445,False
55,126,71,-3.340845749816894,False
101,139,38,-3.340945835571289,False
17,38,21,-3.341045060729981,False
11,68,57,-3.3413329156494145,False
94,146,52,-3.3417367474365234,False
36,100,64,-3.341782317504883,False
16,68,52,-3.3420891079711916,False
31,79,48,-3.3421539495849606,False
13,105,92,-3.34231104675293,False
98,137,39,-3.342555112915039,False
28,85,57,-3.34340079284668,False
7,141,134,-3.344129080505371,False
13,87,74,-3.344488052978516,False
27,68,41,-3.3446575469970705,False
16,69,53,-3.345116476135254,False
8,144,136,-3.3451182354736324,False
21,84,63,-3.346092770080566,False
73,146,73,-3.346199819946289,False
18,105,87,-3.3465396047973632,False
22,74,52,-3.3470456182861326,False
17,71,54,-3.3472062768554687,False
31,126,95,-3.347241364746094,False
19,85,66,-3.3472775506591796,False
34,77,43,-3.3473076165771487,False
7,146,139,-3.347954182739258,False
35,127,92,-3.3479745935058594,False
67,151,84,-3.348959967346191,False
94,149,55,-3.3490818865966796,False
93,148,55,-3.3492327572631835,False
12,78,66,-3.3494579244995117,False
23,78,55,-3.349546614990234,False
17,82,65,-3.3495636560058593,False
33,126,93,-3.349747470703125,False
28,128,100,-3.349975894165039,False
12,82,70,-3.3502739010620117,False
9,86,77,-3.3504059423828125,False
68,138,70,-3.350520381164551,False
72,144,72,-3.3505822619628907,False
84,120,36,-3.350839573364258,False
26,68,42,-3.350935998840332,False
97,143,46,-3.3511075634765626,False
27,130,103,-3.3511150247192383,False
16,110,94,-3.3520309884643553,False
20,75,55,-3.352159250793457,False
36,73,37,-3.3522974707031254,False
28,131,103,-3.352400656127929,False
23,69,46,-3.352448812561035,False
8,143,135,-3.3524511541748048,False
96,151,55,-3.3526387020874027,False
33,63,30,-3.3529801068115233,False
85,121,36,-3.353263755187988,False
51,128,77,-3.353330439758301,False
73,148,75,-3.353588915100098,False
12,86,74,-3.3536115289306645,False
95,145,50,-3.353785006408691,False
23,81,58,-3.3546914959716796,False
6,144,138,-3.354819058227539,False
53,129,76,-3.3548333444213867,False
17,85,68,-3.3548800686645506,False
25,132,107,-3.3549948611450198,False
37,125,88,-3.355132313232422,False
25,79,54,-3.356578112487793,False
6,75,69,-3.35664850769043,False
14,70,56,-3.3568443756103514,False
20,133,113,-3.357112610168457,False
54,125,71,-3.357280033874512,False
31,74,43,-3.357310895385742,False
19,87,68,-3.357472409667969,False
83,121,38,-3.357624458618164,False
13,85,72,-3.357650014038086,False
32,126,94,-3.3578460348510744,False
11,84,73,-3.3579367349243165,False
8,71,63,-3.358463760375977,False
17,72,55,-3.3586716574096678,False
16,70,54,-3.3595210040283208,False
102,141,39,-3.359840892944336,False
27,81,54,-3.360172993469239,False
27,127,100,-3.3601952203369136,False
34,125,91,-3.360256157836914,False
15,110,95,-3.3603082165527347,False
36,127,91,-3.3604857235717773,False
29,81,52,-3.360508353881836,False
23,132,109,-3.3608747183227536,False
24,129,105,-3.3611053686523436,False
19,68,49,-3.361394125061035,False
84,123,39,-3.361500071105957,False
31,65,34,-3.361576266784668,False
23,75,52,-3.3616533694458006,False
30,74,44,-3.3619854394531252,False
28,77,49,-3.3621130413818356,False
18,109,91,-3.362380304260254,False
7,77,70,-3.3629697189331056,False
24,89,65,-3.36307795135498,False
19,109,90,-3.363485297241211,False
10,87,77,-3.3636167324829103,False
31,125,94,-3.3638697137451175,False
16,76,60,-3.364327963256836,False
34,64,30,-3.364949853820801,False
19,80,61,-3.365078122558594,False
28,67,39,-3.36550827545166,False
12,85,73,-3.365897207336426,False
24,72,48,-3.366006911926269,False
16,39,23,-3.366260608520508,False
22,73,51,-3.3667708477783203,False
10,84,74,-3.3673404638671878,False
100,141,41,-3.3677323425292967,False
95,146,51,-3.368486871032715,False
20,134,114,-3.3685427032470705,False
35,66,31,-3.368784926452636,False
52,130,78,-3.3689460305786136,False
25,128,103,-3.369484227600098,False
27,71,44,-3.3699744509887695,False
23,88,65,-3.3701275946044924,False
105,143,38,-3.370316169433594,False
9,144,135,-3.370412902832031,False
25,73,48,-3.3705012521362305,False
106,145,39,-3.3707364056396485,False
104,143,39,-3.3709594857788083,False
74,148,74,-3.3712331146240233,False
72,143,71,-3.3712771170043943,False
100,143,43,-3.371699898071289,False
28,127,99,-3.3718981405639648,False
20,135,115,-3.372122839660645,False
16,71,55,-3.3722602368164063,False
99,141,42,-3.3729674163818357,False
73,149,76,-3.3734461700439455,False
25,90,65,-3.3734670449829105,False
36,125,89,-3.373769909057617,False
67,137,70,-3.3739983752441405,False
14,75,61,-3.374181129455567,False
26,128,102,-3.37435004486084,False
11,70,59,-3.3744762216186523,False
33,124,91,-3.3747299099731443,False
8,142,134,-3.3748232260131834,False
10,143,133,-3.3750992996215823,False
19,107,88,-3.3752493310546874,False
24,90,66,-3.3754113925170897,False
22,82,60,-3.3757252008056637,False
73,143,70,-3.376021154174805,False
98,138,40,-3.37624314453125,False
16,36,20,-3.3764790872192387,False
67,149,82,-3.3765201260375974,False
31,128,97,-3.376942130737304,False
33,77,44,-3.3772980334472655,False
29,84,55,-3.377670161132812,False
23,84,61,-3.377712821350098,False
34,71,37,-3.3778225942993165,False
85,119,34,-3.378195377502441,False
33,128,95,-3.3783780474853513,False
105,142,37,-3.378531981201172,False
24,78,54,-3.378625317077637,False
14,72,58,-3.3788256100463867,False
16,73,57,-3.379054967651367,False
31,124,93,-3.3791202947998045,False
25,72,47,-3.3794283239746092,False
29,80,51,-3.3795011990356443,False
20,79,59,-3.3798478997802732,False
99,142,43,-3.3802029519653316,False
28,78,50,-3.380789549255371,False
106,148,42,-3.380926441955567,False
19,108,89,-3.381654764099121,False
23,129,106,-3.381854801940918,False
25,129,104,-3.381917160644531,False
36,124,88,-3.3820052835083003,False
95,144,49,-3.3820709753417972,False
92,148,56,-3.3823977868652344,False
30,82,52,-3.3828678906249996,False
16,75,59,-3.382909702758789,False
75,148,73,-3.3831114212036133,False
12,83,71,-3.3832833166503904,False
96,144,48,-3.383428199462891,False
36,66,30,-3.3839530841064454,False
13,77,64,-3.3841895297241207,False
104,142,38,-3.3842444470214845,False
9,77,68,-3.3842842434692386,False
23,74,51,-3.3847688543701175,False
72,151,79,-3.3849155337524417,False
19,86,67,-3.385044670715332,False
85,120,35,-3.3852062814331054,False
73,147,74,-3.3856317239379883,False
20,74,54,-3.385990983581543,False
26,81,55,-3.3860170663452154,False
16,86,70,-3.386237250061035,False
29,83,54,-3.3863850033569336,False
27,70,43,-3.3865246054077147,False
83,119,36,-3.386890069885254,False
26,132,106,-3.3870013098144534,False
31,71,40,-3.387054868469238,False
105,144,39,-3.387124481201172,False
19,83,64,-3.388373158569336,False
72,138,66,-3.3887186709594728,False
31,76,45,-3.3887341931152344,False
16,82,66,-3.388993199462891,False
14,73,59,-3.389203010253906,False
104,150,46,-3.3894106185913087,False
8,69,61,-3.3898668832397463,False
23,80,57,-3.3900124359130857,False
84,118,34,-3.390414395446777,False
23,73,50,-3.3905891708374023,False
31,75,44,-3.3913114096069337,False
28,86,58,-3.3915014736938476,False
19,82,63,-3.391981329345703,False
22,83,61,-3.3920876312255857,False
28,76,48,-3.39219423828125,False
13,67,54,-3.3931739016723634,False
14,74,60,-3.393413139038086,False
11,76,65,-3.393449756164551,False
27,85,58,-3.3938966058349607,False
13,78,65,-3.3939541696166993,False
32,128,96,-3.394713416748047,False
10,68,58,-3.394913902893067,False
36,72,36,-3.3949567733764647,False
100,142,42,-3.395087433471679,False
9,142,133,-3.3958980020141603,False
21,83,62,-3.3959902597045897,False
53,128,75,-3.3960753927612304,False
101,152,51,-3.3961611636352536,False
97,144,47,-3.396184882507324,False
94,147,53,-3.3963613446044922,False
20,84,64,-3.3965852078247067,False
11,69,58,-3.3968694161987303,False
26,71,45,-3.3978362872314456,False
19,106,87,-3.397892282104492,False
14,109,95,-3.3980261569213868,False
29,79,50,-3.398231499633789,False
10,142,132,-3.3982733322143552,False
13,68,55,-3.3988635482788085,False
24,83,59,-3.399010780944824,False
17,110,93,-3.3995611938476564,False
23,89,66,-3.3996012716674806,False
36,70,34,-3.40011821899414,False
7,144,137,-3.4002897860717773,False
23,131,108,-3.4008606112670896,False
23,90,67,-3.401038868103027,False
20,87,67,-3.401316983337402,False
30,75,45,-3.4013817617797857,False
21,85,64,-3.402022982788086,False
20,86,66,-3.4026290231323246,False
16,85,69,-3.4027466802978514,False
52,127,75,-3.403188994445801,False
14,71,57,-3.4034308297729496,False
20,81,61,-3.4037377319335937,False
105,148,43,-3.4041504992675784,False
24,73,49,-3.4046169964599606,False
23,79,56,-3.4052128475952146,False
20,108,88,-3.4058905096435543,False
102,151,49,-3.4060596841430666,False
24,82,58,-3.406702399597168,False
30,65,35,-3.4068944458007815,False
11,71,60,-3.406998234558105,False
22,85,63,-3.407152600097656,False
74,147,73,-3.4076450009155272,False
21,82,61,-3.407761544799805,False
12,84,72,-3.407894156188965,False
29,124,95,-3.4082474108886722,False
9,71,62,-3.4086375186157225,False
8,75,67,-3.408915250549316,False
94,148,54,-3.4091436883544923,False
24,84,60,-3.4091954907226567,False
7,142,135,-3.409346594848633,False
103,151,48,-3.4098469604492188,False
16,81,65,-3.410153118591309,False
10,76,66,-3.410554591674805,False
7,143,136,-3.4110843130493165,False
24,77,53,-3.41167944732666,False
28,81,53,-3.4130757373046876,False
13,83,70,-3.4132633456420898,False
9,143,134,-3.4137589416503906,False
66,137,71,-3.414391185913086,False
20,85,65,-3.414448698120117,False
95,147,52,-3.4144719360351568,False
16,38,22,-3.415174812011719,False
27,131,104,-3.4152399032592777,False
16,84,68,-3.4153220556640624,False
14,106,92,-3.416815634155273,False
84,121,37,-3.4173594778442387,False
31,70,39,-3.4176067901611327,False
20,105,85,-3.4177803378295897,False
6,77,71,-3.418476430969238,False
25,83,58,-3.41931777923584,False
8,74,66,-3.4195035342407225,False
55,125,70,-3.4215991561889654,False
35,75,40,-3.421928283081055,False
23,72,49,-3.421985523071289,False
100,144,44,-3.422478649597168,False
32,124,92,-3.4228069332885744,False
25,81,56,-3.4229623892211913,False
10,144,134,-3.423880262145996,False
29,126,97,-3.4239298834228515,False
33,125,92,-3.4240453970336917,False
23,82,59,-3.424466726074219,False
16,80,64,-3.424834394836426,False
104,144,40,-3.424844092407226,False
13,84,71,-3.4248836657714845,False
35,70,35,-3.4249199194335938,False
23,77,54,-3.424976219177246,False
29,82,53,-3.4251236157226566,False
24,76,52,-3.425892974853516,False
23,85,62,-3.4261679531860354,False
11,74,63,-3.4265310278320316,False
21,76,55,-3.4269482888793945,False
7,76,69,-3.4272562402343754,False
24,85,61,-3.4276268081665036,False
24,88,64,-3.4278166638183594,False
28,82,54,-3.42815694152832,False
13,86,73,-3.4282760205078127,False
31,67,36,-3.4289508868408207,False
26,90,64,-3.429584047851562,False
9,70,61,-3.429675008850098,False
24,131,107,-3.430268233642578,False
20,107,87,-3.4307181280517574,False
24,81,57,-3.4314397436523434,False
32,74,42,-3.4316172119140624,False
9,69,60,-3.4324178988647462,False
26,70,44,-3.432781829528808,False
95,149,54,-3.4334573358154294,False
31,69,38,-3.4338784939575198,False
33,64,31,-3.434075813598633,False
29,125,96,-3.435867366027832,False
30,124,94,-3.4358746411132812,False
27,72,45,-3.4359397430419927,False
30,76,46,-3.436243025817871,False
8,77,69,-3.4365269390869138,False
31,66,35,-3.4368812033081055,False
6,76,70,-3.4372589093017583,False
28,84,56,-3.4376821282958985,False
27,69,42,-3.440198126525879,False
10,69,59,-3.4406335494995117,False
8,72,64,-3.440721646728515,False
96,150,54,-3.4407805880737308,False
29,67,38,-3.4408531005859375,False
52,129,77,-3.4409719824218747,False
28,73,45,-3.441012157287598,False
25,82,57,-3.441142340698242,False
103,142,39,-3.4419897521972658,False
28,71,43,-3.442501528930664,False
10,70,60,-3.442740672607422,False
99,143,44,-3.4428718045043945,False
101,141,40,-3.4431198248291017,False
12,74,62,-3.443969637451172,False
9,76,67,-3.444213930358887,False
18,108,90,-3.4446750903320313,False
25,84,59,-3.4453248754882813,False
28,70,42,-3.4454443600463867,False
12,71,59,-3.4456769577026365,False
34,67,33,-3.4460409133911134,False
103,150,47,-3.446156770935059,False
26,82,56,-3.4466824731445316,False
23,130,107,-3.4475983636474608,False
30,78,48,-3.4483195205688473,False
102,150,48,-3.448585397338867,False
36,68,32,-3.4486420870971677,False
34,72,38,-3.4492921664428713,False
32,125,93,-3.449887532348633,False
15,106,91,-3.4516226815795896,False
30,125,95,-3.45293236328125,False
32,76,44,-3.454039819030762,False
96,145,49,-3.4541679876708984,False
20,76,56,-3.4543529870605467,False
26,129,103,-3.4550145358276367,False
23,76,53,-3.4550212338256836,False
34,127,93,-3.4550421084594722,False
36,75,39,-3.455610311584473,False
22,76,54,-3.456727305603027,False
16,72,56,-3.4568605313110354,False
29,70,41,-3.457276876525879,False
28,68,40,-3.4573796572875977,False
84,119,35,-3.4576862310791014,False
26,79,53,-3.4581402862548827,False
30,128,98,-3.4617591506958005,False
18,107,89,-3.4618966998291016,False
15,109,94,-3.4625618899536135,False
35,68,33,-3.463196495666504,False
95,148,53,-3.4641020855712887,False
106,146,40,-3.4643360922241215,False
23,83,60,-3.4643962365722656,False
36,76,40,-3.464530337219238,False
6,143,137,-3.4646514758300784,False
12,69,57,-3.4652988372802733,False
17,109,92,-3.4660602468872073,False
98,143,45,-3.466137637939453,False
32,65,33,-3.4668509591674805,False
30,126,96,-3.4670013803100588,False
104,149,45,-3.467165152587891,False
105,145,40,-3.4672810824584963,False
18,106,88,-3.467562935180664,False
25,80,55,-3.468451210632324,False
27,82,55,-3.4685012411499025,False
24,79,55,-3.469214206237793,False
101,144,43,-3.4694028314208984,False
28,83,55,-3.4699168521118167,False
8,76,68,-3.470428223571777,False
25,85,60,-3.47077983581543,False
30,79,49,-3.470936979675293,False
26,80,54,-3.47104639465332,False
16,37,21,-3.471311318359375,False
26,72,46,-3.471409483337402,False
102,142,40,-3.47216981262207,False
33,71,38,-3.4740767129516597,False
13,108,95,-3.474086379699707,False
35,76,41,-3.4754059857177735,False
97,152,55,-3.4755761883544922,False
96,146,50,-3.4761405252075193,False
99,144,45,-3.4762314297485353,False
96,147,51,-3.476742041931152,False
31,72,41,-3.4767959909057615,False
34,74,40,-3.477111496582031,False
29,73,44,-3.477943811035156,False
14,108,94,-3.4784752987670897,False
27,80,53,-3.4788955532836914,False
106,147,41,-3.4793016680908204,False
36,69,33,-3.479382818603516,False
6,142,136,-3.4795836187744142,False
101,143,42,-3.479898671569824,False
32,75,43,-3.4803951376342774,False
8,73,65,-3.4824385235595705,False
9,72,63,-3.483695571899414,False
24,80,56,-3.4837774887084962,False
28,79,51,-3.4838088046264652,False
24,130,106,-3.484344647827148,False
12,75,63,-3.4848292745971676,False
103,143,40,-3.484923460998535,False
13,106,93,-3.4849785910034177,False
26,84,58,-3.4853687487792966,False
22,86,64,-3.485809400024414,False
31,68,37,-3.4860633139038084,False
32,71,39,-3.4862422512817384,False
27,87,60,-3.4871511990356447,False
26,85,59,-3.488409500427246,False
34,66,32,-3.488546077270508,False
28,80,52,-3.488569025268555,False
12,70,58,-3.488619565429688,False
52,128,76,-3.4894334649658205,False
104,145,41,-3.489928473815918,False
29,71,42,-3.490555899658203,False
11,75,64,-3.491304025878906,False
28,69,41,-3.4928053051757812,False
26,83,57,-3.4936536398315434,False
12,76,64,-3.4938724151611327,False
20,106,86,-3.4953506970214847,False
102,143,41,-3.4956265930175783,False
34,73,39,-3.495936968688965,False
29,128,99,-3.4960307687377927,False
25,131,106,-3.4963003039550786,False
20,80,60,-3.4977490011596677,False
27,84,57,-3.5007067898559567,False
32,72,40,-3.50083276184082,False
98,144,46,-3.5011167330932613,False
20,82,62,-3.5016725430297853,False
31,73,42,-3.5018795431518557,False
26,69,43,-3.5020432601928713,False
97,145,48,-3.5031171624755855,False
27,79,52,-3.5034792828369143,False
17,108,91,-3.503643088989258,False
13,107,94,-3.503904255065918,False
30,66,36,-3.5040104656982423,False
25,130,105,-3.504419398803711,False
32,127,95,-3.50457455871582,False
24,87,63,-3.5047432904052735,False
9,75,66,-3.505368109741211,False
31,127,96,-3.507642008666992,False
28,72,44,-3.5084962631225585,False
33,74,41,-3.5092581103515625,False
20,83,63,-3.5105487219238283,False
13,109,96,-3.5108517651367186,False
14,107,93,-3.511067488708496,False
25,89,64,-3.5134441522216795,False
11,73,62,-3.513608664855957,False
29,127,98,-3.514453829650879,False
16,83,67,-3.5160871978759767,False
25,87,62,-3.517505230407715,False
24,86,62,-3.5179548107910157,False
104,148,44,-3.518084533691406,False
16,107,91,-3.520135138244629,False
101,142,41,-3.5208271371459956,False
32,73,41,-3.5221348242187505,False
16,106,90,-3.523127880554199,False
17,107,90,-3.523317296447754,False
9,74,65,-3.525651694030762,False
33,127,94,-3.5257495251464848,False
30,67,37,-3.5294874578857423,False
96,149,53,-3.5297718807983403,False
102,149,47,-3.530320000915528,False
17,106,89,-3.5311704724121094,False
11,72,61,-3.5316502816772464,False
16,109,93,-3.532222951660156,False
26,130,104,-3.533637584838867,False
105,147,42,-3.534447377319336,False
34,70,36,-3.5354947579956053,False
100,147,47,-3.5360679806518553,False
23,87,64,-3.5365931005859372,False
25,88,63,-3.537875191040039,False
27,86,59,-3.5386675161743164,False
10,74,64,-3.5411002279663086,False
103,149,46,-3.54159990234375,False
10,71,61,-3.542418803100586,False
35,69,34,-3.5430555502319336,False
13,71,58,-3.543446709594727,False
30,70,40,-3.5453267846679686,False
12,72,60,-3.548346958618164,False
15,107,92,-3.5499547064208983,False
30,71,41,-3.5504547576904293,False
34,65,31,-3.551033127441406,False
26,131,105,-3.5510575177001953,False
96,148,52,-3.552019956970215,False
97,151,54,-3.55220551574707,False
29,69,40,-3.5536231326293946,False
97,149,52,-3.554891462097168,False
100,152,52,-3.556098185424805,False
27,83,56,-3.557364374084473,False
101,151,50,-3.5576160696411137,False
10,75,65,-3.558616024169922,False
104,146,42,-3.560682451171875,False
29,68,39,-3.561696390686035,False
13,69,56,-3.5619856478881835,False
99,150,51,-3.562026713867188,False
98,145,47,-3.5624169744873044,False
102,144,42,-3.5626807015991213,False
15,108,93,-3.5628151321411132,False
32,67,35,-3.5637343786621094,False
13,76,63,-3.5645825079345705,False
33,72,39,-3.5676992080688477,False
33,73,40,-3.567977418212891,False
29,72,43,-3.569529836425781,False
97,148,51,-3.5710670965576172,False
104,147,43,-3.572573063964844,False
103,144,41,-3.5734129217529302,False
33,76,43,-3.5735354122924803,False
12,73,61,-3.5739128002929688,False
33,75,42,-3.5742596096801753,False
16,108,92,-3.5744080758666987,False
97,147,50,-3.5747593368530275,False
99,145,46,-3.5755825189208985,False
32,70,38,-3.577567927856445,False
33,65,32,-3.5778913571166995,False
105,146,41,-3.5781864685058595,False
34,75,41,-3.581275140991211,False
9,73,64,-3.5817279220581058,False
26,89,63,-3.5844496929931635,False
30,69,39,-3.5851874603271483,False
101,150,49,-3.585876289978027,False
26,88,62,-3.5877249713134765,False
13,70,57,-3.5897144326782224,False
10,72,62,-3.5905508032226563,False
34,76,42,-3.594057143554687,False
99,152,53,-3.5943629876708982,False
103,145,42,-3.5971074243164063,False
97,146,49,-3.5981366690063474,False
13,75,62,-3.5997714721679683,False
98,152,54,-3.6017611300659182,False
32,66,34,-3.6018607244873047,False
100,145,45,-3.6023816320800783,False
25,86,61,-3.602563522338867,False
101,145,44,-3.602810588073731,False
13,72,59,-3.6044013516235354,False
23,86,63,-3.6049705163574215,False
103,147,44,-3.6062675982666015,False
97,150,53,-3.607227295837402,False
99,147,48,-3.6096250448608402,False
30,127,97,-3.611168128356934,False
99,151,52,-3.6130399154663086,False
100,150,50,-3.6132625823974607,False
26,87,61,-3.613508013000488,False
30,73,43,-3.6158680755615236,False
101,147,46,-3.6160919485473633,False
33,70,37,-3.620869619140625,False
32,69,37,-3.6218178802490235,False
98,149,51,-3.623315927429199,False
34,68,34,-3.624634881286621,False
100,146,46,-3.625149691772461,False
33,66,33,-3.625440523376465,False
99,146,47,-3.6261587133789064,False
30,68,38,-3.6276103887939457,False
103,148,45,-3.6298581539916994,False
10,73,63,-3.6321489779663083,False
13,74,61,-3.6322533840942386,False
100,148,48,-3.6380240692138672,False
32,68,36,-3.638170563659668,False
30,72,42,-3.6401592694091796,False
13,73,60,-3.64120458984375,False
98,147,49,-3.641748763427734,False
102,147,45,-3.6418716326904295,False
99,149,50,-3.6448346490478514,False
34,69,35,-3.6472058505249025,False
100,151,51,-3.6486491119384765,False
33,67,34,-3.649952049255371,False
101,149,48,-3.657057177734375,False
102,145,43,-3.6579920855712893,False
102,148,46,-3.6588814236450196,False
100,149,49,-3.659089918823242,False
99,148,49,-3.662746455078125,False
101,148,47,-3.663359835510254,False
103,146,43,-3.6675654226684573,False
98,146,48,-3.673490799255371,False
98,148,50,-3.6778730160522466,False
98,150,52,-3.6810642919921874,False
102,146,44,-3.684131322631836,False
101,146,45,-3.6952097872924803,False
26,86,60,-3.6978129531860353,False
98,151,53,-3.719341894226074,False
33,68,35,-3.744960863952637,False
33,69,36,-3.771994369812012,False
