res1,res2,delta,Cscore,Real
58,73,15,21.65525703430176,True
13,121,108,21.62319145202637,True
36,56,20,21.184487915039064,True
10,116,106,18.16294412612915,True
4,107,103,16.135311603546143,True
135,154,19,15.13740234375,True
78,103,25,15.06361894607544,True
41,91,50,14.981938457489013,True
38,92,54,14.105702781677246,True
75,84,9,13.968652629852295,True
110,128,18,13.822361850738526,True
114,154,40,13.672674083709717,True
109,155,46,13.453923273086549,True
40,59,19,13.370552253723144,True
26,151,125,13.35915298461914,True
62,99,37,12.8357403755188,True
138,152,14,12.810268592834472,True
136,157,21,12.779137134552002,True
47,72,25,12.643816661834716,True
3,90,87,12.54784107208252,True
16,120,104,12.447946643829345,False
48,68,20,12.18578929901123,False
143,150,7,12.124654579162598,True
64,98,34,12.101691722869873,False
25,146,121,12.04621238708496,True
31,94,63,11.234839582443238,True
3,111,108,11.167813587188721,True
134,159,25,10.72215394973755,True
11,118,107,10.012511062622071,False
13,124,111,9.795773887634278,True
63,76,13,9.782299137115478,True
79,106,27,9.666539621353149,False
38,90,52,9.659657764434815,True
30,111,81,9.63260202407837,False
93,103,10,9.38355212211609,True
111,155,44,9.189871311187744,True
116,152,36,9.103620982170105,False
6,112,106,9.06530532836914,True
39,58,19,9.040652132034301,True
10,118,108,9.033342933654785,True
109,157,48,8.796921730041504,True
41,81,40,8.53741226196289,True
26,147,121,8.440499877929687,True
53,59,6,8.410332822799683,True
30,155,125,8.361164474487305,False
6,125,119,8.29032485485077,True
141,151,10,8.25840096473694,True
9,119,110,8.19946756362915,True
8,114,106,8.195312595367431,True
35,57,22,8.010538983345032,True
5,92,87,7.896931457519531,True
97,123,26,7.891894054412842,True
63,68,5,7.858723044395447,False
59,94,35,7.789646577835083,False
135,156,21,7.602637052536011,True
42,50,8,7.412479639053345,True
20,28,8,7.330858850479126,False
60,75,15,7.276965141296387,True
30,153,123,7.07270359992981,True
40,94,54,7.037377178668976,True
34,111,77,6.95687837600708,True
23,28,5,6.940859174728393,False
61,72,11,6.936691665649414,True
140,152,12,6.912867450714112,True
45,98,53,6.909114599227905,False
137,155,18,6.886754894256592,True
63,74,11,6.862194669246674,True
138,154,16,6.786705398559571,True
60,85,25,6.631937837600708,True
18,49,31,6.624037283658981,False
66,76,10,6.616310167312622,False
144,149,5,6.570173335075379,False
3,92,89,6.523979711532593,True
32,55,23,6.48704879283905,False
81,103,22,6.405424237251282,False
3,109,106,6.362842321395874,True
8,112,104,6.257756471633911,True
39,88,49,6.252087783813477,True
24,144,120,6.245916938781738,False
41,60,19,6.10427577495575,True
8,110,102,6.031614542007446,False
1,108,107,5.781442511081695,True
75,81,6,5.739373111724854,True
50,59,9,5.55879936516285,False
8,125,117,5.4173928022384645,True
4,100,96,5.353720474243164,True
26,144,118,5.298556113243103,False
119,149,30,5.282700681686402,False
18,123,105,5.234723854064941,False
78,102,24,5.132692766189575,True
93,99,6,5.130784964561462,True
62,103,41,5.122673058509827,False
134,157,23,5.026062536239624,True
53,71,18,5.012312412261963,True
5,34,29,4.952953267097473,True
104,128,24,4.949767744541168,True
2,91,89,4.904394745826721,True
27,153,126,4.857647806406021,False
85,91,6,4.851286506652832,True
78,106,28,4.817941665649414,False
12,127,115,4.744670820236206,True
12,114,102,4.7387977838516235,False
62,102,40,4.725795030593872,True
51,59,8,4.680941271781921,False
142,150,8,4.52878704071045,True
100,125,25,4.491688811779023,True
64,99,35,4.481422698497772,False
27,154,127,4.329027736186982,False
116,150,34,4.288658452033997,True
4,103,99,4.27458508014679,True
82,91,9,4.245907008647919,True
1,90,89,4.2263495236635205,True
90,109,19,4.183671545982361,True
25,148,123,4.15083464384079,False
62,81,19,4.123076975345612,True
82,106,24,4.043932557106018,False
112,156,44,3.9883148312568664,True
16,122,106,3.982238841056824,True
26,141,115,3.969290030002594,True
21,121,100,3.94385347366333,False
2,107,105,3.9432180881500245,True
1,81,80,3.9429503262042997,False
114,156,42,3.892597961425781,False
30,137,107,3.7737437009811403,False
1,142,141,3.762444633245468,False
53,72,19,3.7374630212783813,True
65,76,11,3.7364911526441573,False
53,61,8,3.719063603878021,False
9,117,108,3.703821635246277,True
26,142,116,3.7018314599990845,False
26,145,119,3.675209605693817,False
140,150,10,3.6699978709220886,True
38,89,51,3.645585370063782,False
52,59,7,3.6170321732759474,False
117,149,32,3.613871455192566,True
114,130,16,3.5865521669387816,False
92,111,19,3.5357799172401427,True
9,121,112,3.4992061853408813,False
90,111,21,3.4348915100097654,False
143,148,5,3.4220558434724806,True
6,110,104,3.4200616836547852,True
4,125,121,3.3577207148075106,False
111,153,42,3.3506167948246004,False
22,119,97,3.3409826189279554,True
37,56,19,3.3160894393920897,True
19,153,134,3.2928687810897825,False
101,126,25,3.2623852252960206,True
68,74,6,3.2513672202825545,False
114,152,38,3.232239067554474,True
132,158,26,3.206680703163147,True
9,118,109,3.193761146068573,True
6,14,8,3.1405466228723524,True
20,97,77,3.1296715438365936,False
33,139,106,3.127536344528198,False
2,93,91,3.095731961727142,True
113,153,40,3.058130019903183,True
21,119,98,3.0501677811145784,True
75,85,10,3.0492032408714294,False
16,21,5,3.047851264476776,False
58,84,26,3.03350967168808,True
21,100,79,3.002464917302132,False
41,103,62,2.9914606332778932,True
136,155,19,2.9900256156921388,True
7,22,15,2.9680559813976286,False
73,84,11,2.967683565616608,True
27,146,119,2.938481903076172,False
24,115,91,2.93554151058197,True
9,115,106,2.9336023360490797,True
62,68,6,2.922345530986786,False
1,117,116,2.8866638422012327,False
39,87,48,2.8649936854839324,False
23,149,126,2.8624890059232713,True
39,59,20,2.8604942321777345,False
23,148,125,2.85593786239624,True
26,146,120,2.835129189491272,True
1,88,87,2.8298422515392305,False
35,54,19,2.8159750163555146,True
105,132,27,2.8138294577598573,False
47,53,6,2.809663790464401,False
16,93,77,2.8066240906715394,False
2,103,101,2.803188645839691,True
25,144,119,2.795758306980133,False
111,137,26,2.7914300084114076,False
131,159,28,2.785958832502365,False
117,143,26,2.7857722878456115,False
45,123,78,2.78471417427063,False
1,91,90,2.7692291140556335,True
24,142,118,2.747964596748352,False
26,143,117,2.747422695159912,False
33,159,126,2.7432906925678253,False
114,138,24,2.721726107597351,False
12,130,118,2.7164653062820436,False
58,89,31,2.693096876144409,False
141,147,6,2.692769280076027,True
1,137,136,2.688502013683319,False
4,93,89,2.6812484085559847,True
23,29,6,2.6804115533828736,False
45,64,19,2.65764519572258,False
40,53,13,2.651620066165924,False
56,88,32,2.612002232670784,False
39,60,21,2.6099181085824967,True
24,146,122,2.6078735321760176,False
2,106,104,2.594734340906143,True
6,111,105,2.5932448744773864,True
1,86,85,2.5654526710510255,False
9,100,91,2.563051760196686,False
66,74,8,2.5580162346363067,True
69,74,5,2.5559472888708115,True
42,49,7,2.5186371549963953,False
19,45,26,2.505854082107544,False
114,159,45,2.5039726197719574,False
114,135,21,2.4952460408210753,False
139,151,12,2.486917954683304,False
14,28,14,2.482993096113205,False
6,12,6,2.4785823464393615,False
104,130,26,2.4711482644081117,False
10,117,107,2.462613832950592,True
24,151,127,2.4457868456840517,True
8,52,44,2.442219001054764,False
130,159,29,2.4369617640972137,False
39,89,50,2.4323900818824766,False
24,149,125,2.428072413802147,True
28,49,21,2.4206559300422668,False
38,88,50,2.4116915851831435,True
75,80,5,2.3932510897517205,True
23,144,121,2.3910846650600432,False
115,148,33,2.3636886358261107,False
117,150,33,2.3626957654953005,False
8,21,13,2.353961142152548,False
112,154,42,2.3487857937812806,True
72,159,87,2.348534309864044,False
141,153,12,2.33897665143013,True
141,156,15,2.3383513182401656,False
1,118,117,2.3360952138900757,False
22,115,93,2.3240182131528853,True
53,70,17,2.321463096141815,False
38,58,20,2.3192249834537506,True
20,102,82,2.3119073688983915,False
41,85,44,2.3095891386270524,True
22,121,99,2.3036562649533154,False
30,92,62,2.29604150056839,False
115,151,36,2.288904970884323,True
83,108,25,2.24127556681633,False
34,92,58,2.238657456636429,True
140,151,11,2.2383549571037293,True
1,39,38,2.237133099138737,False
1,143,142,2.2361252784729,False
41,93,52,2.229732722043991,True
1,120,119,2.2256288528442383,False
20,30,10,2.2142121732234954,False
6,100,94,2.213817259669304,True
2,90,88,2.1986914932727815,False
4,19,15,2.196305513381958,False
127,145,18,2.1936400320380924,False
77,102,25,2.1736651718616486,False
24,147,123,2.171512243151665,True
39,85,46,2.170645260810852,True
86,136,50,2.154208442568779,False
68,76,8,2.1540271759033205,False
20,123,103,2.1470781564712524,False
23,64,41,2.1390727758407593,False
28,59,31,2.134205901622772,False
1,15,14,2.1224771320819853,False
101,159,58,2.115099561214447,False
17,123,106,2.1102947138249872,False
45,62,17,2.105088484287262,False
19,52,33,2.0971190974116327,False
26,149,123,2.0965895116329194,False
26,148,122,2.0964929133653643,False
129,159,30,2.0935081958770754,False
134,149,15,2.0914152950048446,False
113,141,28,2.086292973160744,False
112,128,16,2.062087297439575,False
24,117,93,2.060975134372711,False
64,101,37,2.060376873612404,False
47,52,5,2.059167755395174,False
86,144,58,2.0475351393222807,False
22,117,95,2.0455332428216932,True
23,32,9,2.0387529850006105,False
142,153,11,2.0312689930200576,False
1,85,84,2.0265454947948456,False
10,55,45,2.006579214334488,False
130,145,15,2.004190096259117,False
120,145,25,1.9997673273086547,False
5,100,95,1.991120558977127,False
104,125,21,1.9910931617021561,False
10,115,105,1.9861686319112777,False
29,141,112,1.9828785508871078,False
58,88,30,1.9769811511039734,False
10,114,104,1.9755181193351745,False
4,155,151,1.9655881345272064,False
20,100,80,1.9617920756340026,False
18,50,32,1.9606558799743652,False
4,92,88,1.9564972043037414,True
58,85,27,1.9561174243688584,True
8,128,120,1.9551020361483098,False
62,93,31,1.9540433794260026,False
92,125,33,1.9538283824920655,False
2,108,106,1.9486702054738998,True
4,20,16,1.943816316127777,False
1,71,70,1.9325998574495316,False
11,124,113,1.9251146078109742,True
1,97,96,1.9242682218551637,False
64,102,38,1.912262612581253,False
88,159,71,1.9115625500679017,False
30,113,83,1.903946626186371,True
68,75,7,1.8983181357383727,False
143,149,6,1.8942796990275383,True
1,141,140,1.8926466941833495,False
18,98,80,1.885371333360672,False
1,94,93,1.8845108926296235,False
1,110,109,1.8827078878879546,False
5,20,15,1.878559648990631,False
50,100,50,1.876011098921299,False
39,56,17,1.870918396860361,False
141,150,9,1.8689838528633118,True
114,127,13,1.86531201004982,False
50,72,22,1.8583390951156615,False
78,99,21,1.8562682926654817,False
33,55,22,1.8512565672397614,False
94,100,6,1.8457166008651256,False
124,159,35,1.842687463760376,False
1,159,158,1.8404551804065705,False
144,152,8,1.840226648747921,False
20,117,97,1.8392184793949127,True
33,137,104,1.8389274299144744,False
20,115,95,1.8378511816263199,False
130,135,5,1.8323559939861298,True
32,57,25,1.8322415888309478,False
18,45,27,1.825607419013977,False
42,59,17,1.822250247001648,True
1,132,131,1.8103979766368865,False
66,143,77,1.8102274477481841,False
133,152,19,1.8096319437026978,False
39,133,94,1.7977833092212676,False
1,109,108,1.7936846524477006,True
14,52,38,1.7929419949650764,False
45,102,57,1.7749495267868043,False
72,145,73,1.7709235966205596,False
26,150,124,1.7691699683666229,False
6,130,124,1.7684129625558853,False
32,146,114,1.7658463716506958,False
42,94,52,1.7640562385320664,True
6,126,120,1.763153502345085,False
110,125,15,1.7564218670129776,False
3,127,124,1.7560936838388443,False
111,125,14,1.754848176240921,False
97,125,28,1.7512206166982651,True
6,86,80,1.7491823047399522,False
130,156,26,1.7393101707100869,False
4,105,101,1.7390211552381516,False
25,33,8,1.7374252676963806,False
78,159,81,1.7341413259506226,False
27,155,128,1.7303932428359985,False
110,130,20,1.71982451826334,False
144,150,6,1.711940884590149,False
3,155,152,1.7109364807605743,False
12,128,116,1.7093790292739868,False
18,99,81,1.7090537011623383,False
19,49,30,1.6972632825374603,True
115,130,15,1.696932038664818,False
60,84,24,1.6940232515335083,True
122,159,37,1.69275159239769,False
1,107,106,1.6898419588804245,False
21,28,7,1.6860382318496705,False
1,89,88,1.6830684542655945,True
47,61,14,1.6820985555648804,True
80,140,60,1.6800779581069947,False
110,133,23,1.6795809268951416,True
141,148,7,1.6783601701259614,False
1,155,154,1.6734430015087127,False
60,73,13,1.6732223153114318,True
78,105,27,1.6724394679069519,False
50,94,44,1.6709296882152558,False
3,157,154,1.6686178296804428,False
30,139,109,1.6679457187652589,False
12,126,114,1.6679036915302277,False
4,108,104,1.6673753440380097,False
1,14,13,1.667051488161087,False
67,159,92,1.66682510972023,False
14,88,74,1.6650879666209222,False
1,10,9,1.6612801015377046,False
125,130,5,1.656681987643242,False
83,144,61,1.6543483674526214,False
34,52,18,1.6521855309605598,False
52,69,17,1.6460962504148484,False
37,159,122,1.6436303973197937,False
12,112,100,1.6407783269882201,False
142,151,9,1.6364844143390656,False
18,150,132,1.6351882547140122,False
127,159,32,1.6349238455295563,False
1,136,135,1.6348340883851051,False
52,97,45,1.6325427711009979,False
139,158,19,1.6324607387185097,False
3,83,80,1.6324101567268372,False
25,66,41,1.6275047332048416,False
30,38,8,1.6255817323923112,False
14,61,47,1.6250861324369907,False
25,147,122,1.6240367889404297,True
65,102,37,1.6212591588497163,False
144,153,9,1.6195875883102417,False
55,140,85,1.612104159593582,False
139,155,16,1.6102041751146317,False
1,148,147,1.6036269605159759,False
132,159,27,1.6010341882705688,True
8,152,144,1.5959288954734803,False
2,74,72,1.5936735212802886,False
86,157,71,1.5873909652233125,False
108,157,49,1.5825769186019898,True
38,91,53,1.582143819332123,True
6,25,19,1.579943799972534,False
63,98,35,1.5747113794088363,False
67,74,7,1.5735588431358338,True
82,115,33,1.5714461199939251,False
1,123,122,1.5707952320575713,False
71,152,81,1.5691650807857513,False
61,74,13,1.5688032120466233,True
1,72,71,1.5672943115234375,False
142,147,5,1.5663758873939515,False
82,103,21,1.5629401177167892,False
116,140,24,1.5603314131498336,False
20,29,9,1.5599503993988038,False
34,85,51,1.5599131762981415,False
20,49,29,1.553838949650526,False
74,89,15,1.5455768555402756,False
2,144,142,1.5425967544317245,False
27,53,26,1.5423621207475662,False
69,138,69,1.5422514796257019,False
142,148,6,1.5363393992185592,False
88,145,57,1.536034643650055,False
17,145,128,1.532888501882553,False
12,144,132,1.5311619848012925,False
2,104,102,1.531090834736824,False
13,21,8,1.5298003256320953,False
73,86,13,1.5287948191165923,False
17,122,105,1.5285249471664428,False
83,127,44,1.526311394572258,False
36,94,58,1.5238694369792938,False
8,18,10,1.5232961833477021,False
127,140,13,1.5225693821907043,False
11,120,109,1.5161354646086693,False
69,102,33,1.5126298993825913,False
1,152,151,1.5114080429077148,False
120,159,39,1.503717228770256,False
11,86,75,1.4956797137856483,False
55,133,78,1.493852386623621,False
26,157,131,1.4930889070034028,False
4,159,155,1.4910544455051422,False
6,97,91,1.4905604809522628,False
108,142,34,1.4889813646674157,False
23,147,124,1.4889121353626251,True
28,129,101,1.4888315424323082,False
109,136,27,1.4883968561887742,False
40,62,22,1.4869312524795533,False
1,87,86,1.4864229559898376,False
66,142,76,1.4845087289810182,False
21,115,94,1.4840520322322845,False
19,97,78,1.4830771327018737,False
47,59,12,1.4812825292348861,True
11,159,148,1.4761025875806808,False
88,104,16,1.4725650250911713,False
108,155,47,1.4723792895674706,False
24,148,124,1.470567187666893,True
143,151,8,1.469351840019226,True
3,39,36,1.4681337237358094,False
72,85,13,1.4673643857240677,False
18,84,66,1.4560767769813538,False
133,138,5,1.4541583821177482,False
1,111,110,1.4516605734825134,False
24,97,73,1.4491939038038253,False
6,115,109,1.4475013136863708,False
55,70,15,1.4457166910171508,False
70,145,75,1.4390627902001143,False
117,156,39,1.4362764209508896,False
26,38,12,1.4361208021640777,False
119,147,28,1.4344239249825477,False
112,130,18,1.4307396069169045,False
34,50,16,1.4285887122154235,False
117,144,27,1.4261392652988434,False
81,91,10,1.421941177546978,False
78,156,78,1.4201224267482757,False
24,119,95,1.4196472883224487,False
1,112,111,1.4183752715587616,False
45,99,54,1.4154800534248353,False
69,123,54,1.4140158236026763,False
39,106,67,1.4137550726532937,False
4,86,82,1.4132651954889297,False
124,144,20,1.412892296910286,False
27,151,124,1.4124557092785834,True
12,47,35,1.4063582673668862,False
2,145,143,1.4037232197821141,False
69,148,79,1.4024399802088738,False
4,102,98,1.4023759633302688,False
46,94,48,1.4021500170230865,True
24,150,126,1.3982692539691925,False
104,112,8,1.3961717426776885,False
34,155,121,1.3957570277154445,False
55,142,87,1.392469158768654,False
37,89,52,1.391106015443802,False
107,144,37,1.3909565165638924,False
1,40,39,1.3873190402984619,False
2,130,128,1.3845740139484406,False
8,130,122,1.3840075887739658,False
80,87,7,1.3838371545076371,False
137,159,22,1.3814603507518768,False
85,124,39,1.3801396936178207,False
58,86,28,1.3788020491600037,False
70,148,78,1.375532415509224,False
27,141,114,1.3748053446412087,False
33,56,23,1.374184861779213,False
38,144,106,1.372900378704071,False
26,37,11,1.3727871984243394,False
50,98,48,1.3711881399154664,False
36,58,22,1.3711718618869781,False
24,140,116,1.3700514495372773,False
17,159,142,1.3697581946849824,False
82,94,12,1.369454239308834,False
98,123,25,1.365658727288246,False
7,123,116,1.3561270147562028,False
44,65,21,1.3552524030208588,True
104,159,55,1.3547604709863663,False
133,144,11,1.3544228494167327,False
10,153,143,1.3519786208868028,False
1,33,32,1.3516310036182404,False
93,146,53,1.350923517346382,False
1,61,60,1.350313802808523,False
12,124,112,1.3493344597518444,True
23,119,96,1.3490448385477065,False
69,152,83,1.3470121189951896,False
1,22,21,1.3446051895618438,False
65,74,9,1.342816913127899,False
8,50,42,1.3362821340560913,False
1,47,46,1.3335397303104402,False
144,151,7,1.3321166217327118,False
36,57,21,1.331136080622673,True
45,69,24,1.3283393956720828,False
115,123,8,1.3276216853410006,False
139,159,20,1.3251077443361283,False
93,105,12,1.3219140268862248,False
117,146,29,1.3203348129987718,False
83,140,57,1.3198033295571805,False
1,151,150,1.3142889440059662,False
58,72,14,1.3140392065048219,False
20,66,46,1.3122987806797028,False
85,103,18,1.311666339635849,False
39,91,52,1.3114928394556045,True
18,143,125,1.3105302453041077,False
86,127,41,1.3096599265933038,False
24,145,121,1.3035997986793517,False
104,126,22,1.3022942699491977,True
42,58,16,1.3019901543855668,False
38,149,111,1.3013632774353028,False
131,149,18,1.3006000816822052,False
1,16,15,1.29776990711689,False
90,137,47,1.297417236864567,False
1,26,25,1.2965205550193786,False
34,90,56,1.2963524878025054,False
3,97,94,1.2954738914966584,False
8,158,150,1.2923301696777343,False
39,49,10,1.2915722966194152,False
28,33,5,1.2914768397808074,False
148,158,10,1.2912805557250977,False
39,137,98,1.2904489882290364,False
47,92,45,1.2903837196528911,False
36,60,24,1.2898276537656783,False
27,39,12,1.28910950422287,False
15,40,25,1.2873680122196673,False
63,78,15,1.2868338346481323,False
83,133,50,1.284139010310173,False
111,150,39,1.2839434251189232,False
119,128,9,1.2816701009869576,False
4,138,134,1.280642718076706,False
37,47,10,1.278477993607521,False
63,70,7,1.2772395998239516,False
29,74,45,1.2760732538998127,False
93,115,22,1.271233406662941,False
28,40,12,1.2674302279949188,False
149,156,7,1.2641310662031173,False
52,136,84,1.2631640136241913,False
8,22,14,1.2613759562373161,False
29,56,27,1.259410297870636,False
9,158,149,1.2588926643133163,False
1,69,68,1.258216029405594,False
132,156,24,1.2565736830234528,False
1,76,75,1.2564774841070174,False
32,155,123,1.2551703721284866,False
55,117,62,1.2537977807223797,False
141,155,14,1.253377041220665,False
83,109,26,1.2533216536045075,False
38,45,7,1.2522942841053009,False
10,123,113,1.2481790617108346,False
128,159,31,1.24480759203434,False
1,145,144,1.2443698439747095,False
34,55,21,1.2441633850336076,False
19,28,9,1.2433920711278916,False
37,52,15,1.2412672191858292,False
78,131,53,1.2408604696393013,False
28,151,123,1.2392840087413788,False
16,118,102,1.235944500565529,False
145,152,7,1.2346923679113389,False
74,155,81,1.2326895520091057,False
55,153,98,1.2316888242959976,False
24,45,21,1.2294725768268109,False
26,33,7,1.228134997934103,False
114,128,14,1.2273958325386047,False
63,69,6,1.2270700491964817,False
18,122,104,1.2264521420001984,False
1,146,145,1.2244197994470596,False
4,148,144,1.2223433673381805,False
24,29,5,1.222037523984909,False
7,115,108,1.2217472836375236,True
39,81,42,1.2182667970657348,False
8,133,125,1.217819056659937,False
18,134,116,1.216914315521717,False
12,148,136,1.2151278167963029,False
3,108,105,1.2141702771186829,True
28,127,99,1.2133105158805848,False
30,156,126,1.2120079025626183,False
88,133,45,1.2113882996141911,False
67,158,91,1.208419606089592,False
18,40,22,1.2056545913219452,False
123,138,15,1.2042019233107566,False
148,159,11,1.201417338848114,False
32,140,108,1.1998772084712983,False
108,159,51,1.1979282036423684,False
30,52,22,1.1977385014295578,False
8,90,82,1.197120326757431,False
112,125,13,1.1966512858867646,False
117,147,30,1.1939936816692351,False
9,97,88,1.193571200966835,False
82,99,17,1.1932029336690904,False
54,59,5,1.1901305474340915,True
122,127,5,1.1884230494499206,False
127,141,14,1.1857030928134917,False
32,145,113,1.185140186175704,False
3,85,82,1.1829729825258255,False
2,24,22,1.1808523327112197,False
110,131,21,1.1795984461903573,False
51,144,93,1.1761092334985732,False
1,119,118,1.1735985800623894,False
44,64,20,1.1733542889356614,False
18,141,123,1.172587788105011,False
76,86,10,1.1725452542304993,False
124,148,24,1.1722751706838608,False
72,105,33,1.17066470682621,False
1,101,100,1.1691885739564896,False
28,74,46,1.1645445466041564,False
112,127,15,1.1643066167831422,False
37,141,104,1.1633565455675126,False
94,145,51,1.162951473891735,False
17,120,103,1.161622953414917,False
2,72,70,1.1598506271839142,False
49,94,45,1.159144139289856,False
61,128,67,1.1569772124290467,False
123,128,5,1.156395274400711,False
12,101,89,1.1553570091724397,False
72,149,77,1.1535355851054192,False
139,144,5,1.1519884064793586,False
103,122,19,1.1519566565752029,False
87,131,44,1.1492622077465058,False
38,103,65,1.1469973295927047,False
33,157,124,1.1465980514883996,False
25,143,118,1.1463261425495148,False
66,83,17,1.1461688041687013,False
139,146,7,1.1458644986152648,False
101,127,26,1.1455196034163238,False
75,127,52,1.1445037193596364,False
89,138,49,1.143391600251198,False
14,21,7,1.1428753852844238,False
36,92,56,1.1426598012447358,False
65,86,21,1.1424338161945342,False
86,145,59,1.141977857798338,False
70,99,29,1.1411896139383315,False
45,152,107,1.1411856666207314,False
19,102,83,1.1363808155059814,False
40,71,31,1.1344950094819068,False
88,106,18,1.1335931465029716,False
148,153,5,1.1325930885970592,False
6,128,122,1.1318091571331024,False
9,47,38,1.1302370190620423,False
131,136,5,1.129744416475296,False
37,118,81,1.128407321870327,False
28,34,6,1.126267746090889,False
106,159,53,1.1248502980917692,False
9,25,16,1.1232518166303636,False
87,130,43,1.121968999505043,False
27,144,117,1.1214551135897637,False
6,92,86,1.1183243304491044,False
87,136,49,1.11690806299448,False
69,158,89,1.1161319136619567,False
29,157,128,1.113890704512596,False
117,148,31,1.1123856753110886,False
138,155,17,1.1119205191731454,True
23,156,133,1.11094578653574,False
119,140,21,1.1091140359640121,False
142,156,14,1.1075034156441688,False
93,106,13,1.106076368689537,False
111,144,33,1.102796447277069,False
19,99,80,1.101310169696808,False
25,153,128,1.096434834599495,False
52,86,34,1.0937198638916015,False
86,91,5,1.093091231584549,False
9,127,118,1.0924977302551269,False
102,155,53,1.0914870619773864,False
59,71,12,1.0914434596896172,True
47,124,77,1.091156893968582,False
24,113,89,1.089614635705948,True
118,159,41,1.0851847410202027,False
1,6,5,1.0848565205931664,False
33,92,59,1.0843055993318558,False
60,88,28,1.084194189310074,False
135,152,17,1.0838434174656868,False
97,102,5,1.083575689792633,False
1,114,113,1.0832708567380904,False
38,137,99,1.0828577518463134,False
8,100,92,1.0828260272741317,False
58,87,29,1.0827080197632313,False
48,64,16,1.0819546408951282,False
26,34,8,1.0811447143554687,False
34,148,114,1.0807656049728394,False
9,114,105,1.0778873465955257,False
73,85,12,1.076742921024561,False
25,159,134,1.074657955765724,False
79,159,80,1.0724420949816704,False
99,138,39,1.072156596183777,False
37,146,109,1.0720240101218224,False
61,140,79,1.0717427104711532,False
135,149,14,1.06748369038105,False
38,145,107,1.067152501642704,False
20,125,105,1.066329576075077,False
127,149,22,1.0660491533577443,False
19,127,108,1.0655790954828261,False
136,146,10,1.065560433268547,False
141,152,11,1.0654616519808768,True
99,111,12,1.0640868335962295,False
69,115,46,1.0627723783254623,False
1,133,132,1.0626884549856186,False
151,156,5,1.0624840334057808,False
73,87,14,1.0608765572309493,False
101,134,33,1.0606601968407632,False
88,147,59,1.0593308836221695,False
101,130,29,1.0573994740843773,False
28,100,72,1.0556284189224243,False
29,147,118,1.0546113312244416,False
89,149,60,1.0545985341072082,False
12,125,113,1.0531615313142537,True
19,53,34,1.0524627462029457,False
53,104,51,1.0514815270900726,False
140,148,8,1.0512961983680724,False
2,139,137,1.0512848943471909,False
12,123,111,1.0493433326482773,False
86,149,63,1.048656238615513,False
82,140,58,1.0441736251115799,False
1,156,155,1.0435431361198426,False
136,141,5,1.0430712178349495,False
78,93,15,1.0425219804048538,False
39,73,34,1.041112956404686,False
19,98,79,1.0405543863773346,False
87,115,28,1.0400820612907409,False
72,120,48,1.0379765778779984,False
8,156,148,1.0373487289994956,False
70,159,89,1.0358150601387024,False
29,40,11,1.035297091305256,False
26,98,72,1.033230997622013,False
48,130,82,1.032820427417755,False
103,142,39,1.0301314726471902,False
4,39,35,1.0299843162298203,False
3,103,100,1.0299043774604797,False
111,156,45,1.0275668114423753,False
61,159,98,1.0274430945515634,False
76,127,51,1.0268358677625655,False
27,113,86,1.0263320237398148,True
77,149,72,1.0243922099471092,False
65,77,12,1.023018066585064,False
69,142,73,1.0208609968423843,False
1,139,138,1.0184241943061352,False
87,146,59,1.0174977734684945,False
84,101,17,1.0160784140229224,False
60,74,14,1.0142737090587617,True
11,116,105,1.012703786790371,False
19,29,10,1.0118269056081772,False
87,153,66,1.0109981089830398,False
85,135,50,1.010347929596901,False
111,149,38,1.0103470742702485,False
81,114,33,1.0097508050501347,False
32,149,117,1.0087491944432259,False
1,62,61,1.0081999868154525,False
79,107,28,1.0072366088628768,False
49,130,81,1.0069063857197762,False
33,62,29,1.0056866273283958,False
1,131,130,1.0053044736385346,False
97,146,49,1.0048309430480002,False
69,87,18,1.003560647368431,False
1,153,152,1.0033428192138671,False
49,145,96,1.0020308077335358,False
131,146,15,1.0010338962078094,False
47,150,103,0.9997007936239243,False
28,130,102,0.9990127265453339,False
45,146,101,0.9987522900104523,False
72,90,18,0.99872025847435,False
32,94,62,0.9982442952692508,False
78,88,10,0.9975667774677277,False
70,134,64,0.9973624259233475,False
98,145,47,0.9969724342226982,False
92,159,67,0.9956166353076696,False
8,51,43,0.9955185532569886,False
65,104,39,0.9946242868900299,False
20,36,16,0.9944048747420311,False
17,115,98,0.9930647864937783,False
62,97,35,0.9928042583167553,False
22,47,25,0.9917876869440079,False
45,88,43,0.9915433406829834,False
42,57,15,0.9893473207950592,False
1,84,83,0.9880957067012787,False
34,46,12,0.9864712834358216,False
23,146,123,0.983213971555233,True
37,70,33,0.9808502495288849,False
3,48,45,0.9805484235286712,False
110,136,26,0.9805138438940049,False
34,110,76,0.9800392836332321,False
1,103,102,0.9799499183893203,False
101,133,32,0.979680648446083,False
75,146,71,0.9787564434111118,False
99,106,7,0.9772627353668213,False
139,152,13,0.9763064861297608,True
101,115,14,0.9758346766233444,False
37,71,34,0.9756742134690285,False
64,144,80,0.9748148158192634,False
52,65,13,0.9740680813789367,False
19,55,36,0.9736650072038173,False
106,145,39,0.9724232703447342,False
28,108,80,0.9714204996824265,False
109,128,19,0.9713618710637093,False
30,36,6,0.9708361893892288,False
5,125,120,0.9702653259038925,False
61,71,10,0.968715637922287,False
12,146,134,0.965961192548275,False
93,123,30,0.9644465535879135,False
89,159,70,0.9608962625265122,False
8,154,146,0.9590205252170563,False
62,94,32,0.9589039623737335,False
21,102,81,0.9583895981311799,False
92,141,49,0.958124765753746,False
15,20,5,0.9580392867326737,True
87,140,53,0.9578716132789851,False
87,159,72,0.9572382509708405,False
1,60,59,0.9561468958854675,False
133,149,16,0.9560091644525528,False
19,159,140,0.9556074663996696,False
132,143,11,0.9551669180393219,False
2,141,139,0.9545698180794716,False
8,124,116,0.9530496805906296,False
33,69,36,0.9524839714169502,False
15,123,108,0.9524089395999908,True
20,147,127,0.9519926406443119,False
104,132,28,0.9518850550055504,False
97,149,52,0.9515033349394798,False
79,103,24,0.9502751022577286,False
6,89,83,0.9501719534397125,False
13,89,76,0.9497273184359074,False
60,142,82,0.9496159926056862,False
40,63,23,0.9494408026337624,False
115,141,26,0.9493759840726852,False
33,101,68,0.946441438794136,False
3,142,139,0.9451936632394791,False
128,150,22,0.9422745674848556,False
7,49,42,0.941508537530899,False
39,144,105,0.9415059804916381,False
3,68,65,0.9407227158546447,False
69,118,49,0.9406137794256211,False
81,102,21,0.9403788954019546,False
65,79,14,0.939880658686161,False
31,57,26,0.9398577660322189,False
16,119,103,0.9390970528125763,False
4,29,25,0.938798600435257,False
68,145,77,0.938684618473053,False
30,151,121,0.9382424086332322,False
134,158,24,0.9377591848373413,True
1,59,58,0.9376770079135894,False
118,145,27,0.9374610185623169,False
28,52,24,0.9371624171733857,False
1,7,6,0.9362524628639222,False
92,156,64,0.9359608858823776,False
2,155,153,0.9344996929168701,False
75,91,16,0.9339827299118042,False
28,143,115,0.9334654785692692,False
23,56,33,0.9334167450666427,False
80,98,18,0.9328356839716434,False
42,47,5,0.9319429904222488,True
3,37,34,0.9312446713447571,False
26,153,127,0.9311263032257557,False
99,140,41,0.9296566992998123,False
33,83,50,0.9273472696542739,False
133,143,10,0.9263432532548904,False
104,145,41,0.9257630288600922,False
17,87,70,0.9246829569339752,False
75,149,74,0.9230226188898086,False
16,121,105,0.9222631245851517,True
74,154,80,0.9221340298652649,False
70,91,21,0.9216796867549419,False
89,121,32,0.9215030506253242,False
39,92,53,0.9212863400578499,True
115,137,22,0.920289295911789,False
1,93,92,0.9176295399665833,False
74,88,14,0.9169798195362091,False
33,116,83,0.9166055887937545,False
19,150,131,0.9164863467216492,False
49,153,104,0.9154676914215087,False
71,79,8,0.9150701493024826,False
52,112,60,0.9144195288419723,False
58,75,17,0.914092729985714,False
79,102,23,0.9128544270992279,False
1,154,153,0.9122325353324413,False
20,26,6,0.9109555006027221,False
6,159,153,0.9109391614794731,False
82,159,77,0.9107920363545418,False
91,146,55,0.9107772648334503,False
65,99,34,0.908461244404316,False
34,53,19,0.908407700061798,False
73,89,16,0.9083810538053513,False
13,22,9,0.9076014116406441,False
19,71,52,0.9075830489397049,False
30,148,118,0.9063196688890457,False
56,120,64,0.905034989118576,False
52,102,50,0.904526349902153,False
112,142,30,0.9042878895998001,False
71,88,17,0.904178736358881,False
138,159,21,0.902651983499527,False
110,149,39,0.9022324591875076,False
26,85,59,0.9019696682691574,False
129,141,12,0.8991842329502105,False
69,101,32,0.8986593008041381,False
3,91,88,0.8975664377212524,True
68,154,86,0.895792207121849,False
29,70,41,0.8954361021518707,False
139,149,10,0.8924150228500366,False
38,84,46,0.8920621395111084,False
117,158,41,0.8911260671913623,False
60,81,21,0.889862222224474,True
17,154,137,0.8873672515153885,False
26,77,51,0.8872551828622818,False
24,141,117,0.8870457679033279,False
111,136,25,0.8864553786814213,False
150,157,7,0.8863901510834694,False
108,130,22,0.8861545264720917,False
38,121,83,0.8848583191633225,False
31,82,51,0.8844494864344596,False
47,148,101,0.8836183317005635,False
30,69,39,0.8821514695882797,False
1,83,82,0.8803611367940902,False
72,89,17,0.8799423217773438,False
52,76,24,0.8798244744539261,False
3,132,129,0.8792724296450615,False
87,124,37,0.8790523380041122,False
25,145,120,0.8788204759359359,False
19,143,124,0.8786877855658531,False
11,20,9,0.8785434901714325,False
85,133,48,0.8782859981060028,False
7,103,96,0.876693207025528,False
97,134,37,0.8752674609422684,False
89,102,13,0.8744577258825302,False
135,159,24,0.8741829633712769,False
60,134,74,0.8730693459510803,False
16,143,127,0.8729671239852905,False
92,149,57,0.8723233804106713,False
85,151,66,0.8715749099850655,False
145,150,5,0.8713144287467003,False
16,72,56,0.8711890578269958,False
102,153,51,0.8709733963012696,False
114,123,9,0.8702167689800262,False
38,47,9,0.869615513086319,False
33,145,112,0.8683764308691024,False
58,128,70,0.8679863043129444,False
39,125,86,0.8677423745393753,False
91,97,6,0.8666777238249779,False
102,152,50,0.8664477542042732,False
16,146,130,0.8664101213216782,False
16,159,143,0.8658825814723968,False
34,97,63,0.8647846639156341,False
87,157,70,0.8647022657096386,False
38,56,18,0.8644603563472628,False
47,139,92,0.8642748892307281,False
16,114,98,0.8640467986464501,False
26,139,113,0.8636535063385964,False
56,108,52,0.8636254042387008,False
61,130,69,0.8634147971868515,False
2,137,135,0.8622959554195404,False
33,86,53,0.8617378085851669,False
62,149,87,0.8612459406256676,False
150,158,8,0.8586129128932953,False
34,141,107,0.8585477322340012,False
90,141,51,0.8565775632858277,False
119,141,22,0.856030310690403,False
9,21,12,0.8549030810594559,False
79,136,57,0.854851221293211,False
51,82,31,0.8540867567062378,False
86,142,56,0.8539944440126419,False
38,52,14,0.8537546157836914,False
114,133,19,0.8513174921274185,False
111,157,46,0.8507486924529075,False
1,130,129,0.8505921185016632,False
131,137,6,0.8504592537879944,False
45,52,7,0.8498826712369919,False
23,57,34,0.8494673311710358,False
34,71,37,0.8493154942989349,False
61,114,53,0.8492425560951233,False
71,141,70,0.8481692835688591,False
3,150,147,0.8479957204312086,False
24,50,26,0.8476927876472473,False
147,159,12,0.8462980180978775,False
24,52,28,0.8460196703672409,False
39,130,91,0.8451717853546142,False
4,104,100,0.8451482728123665,True
63,117,54,0.8447625070810318,False
28,46,18,0.8441683858633041,False
23,36,13,0.8438726663589478,False
38,150,112,0.8438649907708168,False
30,59,29,0.8405838400125504,False
5,87,82,0.8403799086809158,False
12,26,14,0.8401626825332642,False
21,37,16,0.8383327767252922,False
106,140,34,0.8377902939915657,False
14,26,12,0.8376852735877037,False
3,88,85,0.8376578398048877,False
107,133,26,0.8375567883253098,False
69,106,37,0.8367182552814484,False
52,153,101,0.8367165893316268,False
24,158,134,0.8366849720478058,False
28,155,127,0.8352678909897804,False
20,67,47,0.8321839451789856,False
112,158,46,0.8319528818130493,False
8,123,115,0.8317762225866318,False
89,140,51,0.8298784509301186,False
28,117,89,0.8296948917210102,False
100,143,43,0.8256862103939057,False
120,132,12,0.825170686841011,False
9,108,99,0.8245537273585797,False
92,98,6,0.8242130979895592,False
83,99,16,0.8225644111633301,False
4,131,127,0.82217508405447,False
16,56,40,0.8210551589727402,False
8,141,133,0.8200019598007202,False
86,148,62,0.8199669539928436,False
115,131,16,0.8193879663944245,False
3,141,138,0.8190915856510401,False
56,145,89,0.8184655599296093,False
77,143,66,0.8179017409682274,False
9,152,143,0.8177332699298858,False
36,118,82,0.8177035167813301,False
37,134,97,0.817694614827633,False
75,137,62,0.8176223322749138,False
74,105,31,0.8175046145915985,False
93,114,21,0.8169799447059631,False
27,38,11,0.8167937248945236,False
26,117,91,0.8166373051702976,False
10,79,69,0.8160095192492008,False
52,154,102,0.8158552646636963,False
21,147,126,0.8135912135243416,False
5,45,40,0.8135478764772415,False
3,75,72,0.8131173610687256,False
40,152,112,0.8120214432477951,False
99,148,49,0.8118063278496266,False
76,105,29,0.8110288459807634,False
34,56,22,0.8103757664561272,False
8,14,6,0.8098397105932236,True
47,74,27,0.8086542278528214,False
152,158,6,0.8080961674451828,False
15,37,22,0.807097178697586,False
8,78,70,0.8070469200611115,False
91,145,54,0.8057061865925789,False
137,145,8,0.8045408815145493,False
4,78,74,0.8028983533382416,False
136,144,8,0.8028746515512466,False
75,83,8,0.8028123646974563,False
6,145,139,0.8025647044181824,False
17,28,11,0.8022730708122253,False
65,147,82,0.8014663085341454,False
26,125,99,0.8011248663067818,False
39,90,51,0.8007927313446999,False
10,119,109,0.8007418513298035,True
16,123,107,0.7991053938865662,True
136,159,23,0.798948059976101,False
101,125,24,0.7982517838478088,False
141,149,8,0.7974090695381164,False
4,9,5,0.7969254910945892,False
86,153,67,0.7968116700649261,False
3,86,83,0.7967532351613045,False
41,136,95,0.7966814294457436,False
9,155,146,0.7958447948098183,False
81,128,47,0.7954183738678694,False
34,98,64,0.7951656132936478,False
41,128,87,0.7948986846953631,False
72,139,67,0.7947689116001129,False
8,148,140,0.7947403162717819,False
85,158,73,0.7945434242486954,False
130,148,18,0.794489124417305,False
50,85,35,0.7940551042556763,False
28,152,124,0.7932128600776196,False
138,144,6,0.792830016836524,False
45,140,95,0.792508339881897,False
120,127,7,0.7922487497329712,False
81,104,23,0.7919684663414955,False
144,159,15,0.7905372351408004,False
3,104,101,0.7898929804563523,False
68,128,60,0.7898741811513901,False
90,156,66,0.7897980242967606,False
52,106,54,0.7897497415542603,False
17,49,32,0.789084030687809,False
137,151,14,0.7882702738046646,False
4,60,56,0.7871951073408127,False
34,39,5,0.7850618630647659,False
12,110,98,0.7840042155236006,False
101,124,23,0.7832727923989296,False
82,89,7,0.783080393075943,False
98,139,41,0.7808742396533489,False
39,51,12,0.7800719767808915,False
18,148,130,0.779677328467369,False
9,27,18,0.7795912712812424,False
14,100,86,0.7791970849037171,True
38,54,16,0.777870374917984,False
33,142,109,0.7777285486459732,False
73,83,10,0.7775693863630295,False
124,154,30,0.7775097846984863,False
8,147,139,0.777445624768734,False
29,55,26,0.7769413962960243,False
25,30,5,0.7767020929604769,False
2,38,36,0.7765838399529457,False
117,155,38,0.7761489689350128,False
48,152,104,0.7759705752134323,False
28,51,23,0.7751135030761361,False
70,79,9,0.7744699940085411,False
111,151,40,0.7743698120117187,False
71,136,65,0.774070805311203,False
16,34,18,0.7724292881786823,False
68,141,73,0.7723555952310562,False
109,149,40,0.771757210791111,False
85,144,59,0.7715171635150909,False
21,122,101,0.7712824076414109,False
106,134,28,0.7701484620571136,False
68,79,11,0.7698783647269011,False
55,146,91,0.7698332533240319,False
1,9,8,0.7692869931459427,False
76,121,45,0.7690140753984451,False
13,123,110,0.7685097977519035,True
14,127,113,0.768484215438366,False
47,65,18,0.7682893455028534,False
94,157,63,0.7680395349860192,False
46,148,102,0.7678292110562325,False
87,145,58,0.7673830837011337,False
111,141,30,0.7670544981956482,False
4,151,147,0.7667244449257851,False
34,62,28,0.7666185989975929,False
28,36,8,0.7661173194646835,False
73,88,15,0.7646145641803741,False
29,145,116,0.7628357917070389,False
109,154,45,0.762204610556364,False
16,100,84,0.7619830220937729,False
12,33,21,0.7615952394902706,False
2,147,145,0.7586013574153185,False
51,79,28,0.7584780246019364,False
9,28,19,0.7583269268274307,False
87,119,32,0.75803901553154,False
93,102,9,0.7576026558876038,False
87,143,56,0.757188118994236,False
92,155,63,0.7569441080093384,False
121,144,23,0.7569399327039719,False
8,144,136,0.7567648231983185,False
31,58,27,0.7565103739500045,False
75,102,27,0.7557379603385925,False
21,111,90,0.7553409785032272,False
90,101,11,0.7547225922346115,False
73,140,67,0.753140977025032,False
17,150,133,0.7509958297014236,False
34,159,125,0.7507580008357764,False
89,130,41,0.7491484902799129,False
94,133,39,0.748997014760971,False
20,155,135,0.7488996982574463,False
7,24,17,0.748281055688858,True
142,155,13,0.7482382398098707,False
17,83,66,0.7479067847132683,False
16,23,7,0.7477656230330467,False
37,91,54,0.747717347741127,False
62,77,15,0.7468542784452439,True
20,145,125,0.7460551291704178,False
97,119,22,0.7459662884473801,False
48,131,83,0.7452352821826935,False
69,98,29,0.7445969425141812,False
93,142,49,0.7445612952113152,False
70,86,16,0.7441939815878869,False
69,130,61,0.7437699466943741,False
117,151,34,0.7432612977921963,False
45,155,110,0.7431391723453998,False
39,148,109,0.7423806428909302,False
103,128,25,0.7422359883785248,False
19,86,67,0.740769675374031,False
84,156,72,0.7402119427919388,False
47,60,13,0.7395665608346462,False
26,152,126,0.7381654173135758,False
32,46,14,0.7379894405603409,False
20,94,74,0.7374204337596894,False
105,127,22,0.7372942611575126,False
92,158,66,0.7371639363467694,False
124,149,25,0.7369889080524444,False
76,106,30,0.736874309182167,False
72,151,79,0.7356413796544075,False
90,129,39,0.735181525349617,False
74,145,71,0.7345871686935425,False
22,128,106,0.7343007892370224,False
84,147,63,0.733845642209053,False
32,98,66,0.7334322206676006,False
59,67,8,0.73234983086586,False
114,141,27,0.7312874853610992,False
48,65,17,0.7310880038887262,False
1,129,128,0.7297688454389573,False
131,143,12,0.7291717544198036,False
85,129,44,0.7280747771263123,False
21,159,138,0.727898719906807,False
19,73,54,0.7278730571269989,False
34,117,83,0.7269364193081855,False
27,120,93,0.7258134186267853,False
1,157,156,0.7254938155412674,False
66,129,63,0.7253196209669113,False
45,150,105,0.7250602141022682,False
74,144,70,0.7246505960822105,False
33,111,78,0.7240282461047173,False
32,89,57,0.7238211750984191,False
132,140,8,0.7236365169286728,False
7,118,111,0.7234359413385392,False
99,109,10,0.7224767282605171,False
20,152,132,0.7223782926797867,False
13,119,106,0.7222990492358804,True
29,123,94,0.7222248256206513,False
114,142,28,0.7219840414822102,False
68,85,17,0.7202904775738717,False
140,149,9,0.7201180934906006,False
5,155,150,0.7199818342924118,False
107,158,51,0.7199419498443603,True
93,152,59,0.719148650765419,False
130,137,7,0.7189630970358849,False
60,86,26,0.7179871678352356,False
106,143,37,0.7178214967250824,False
24,72,48,0.7177070587873459,False
140,154,14,0.7173276126384736,False
86,130,44,0.716995770484209,False
27,97,70,0.716895791888237,False
47,109,62,0.7163858219981194,False
53,148,95,0.7146254926919937,False
66,139,73,0.713927860558033,False
6,84,78,0.7138285771012306,False
69,156,87,0.7130983918905258,False
84,99,15,0.7129470109939575,False
56,97,41,0.7127539724111557,False
8,119,111,0.7124000504612923,False
77,155,78,0.7116034038364887,False
82,93,11,0.7104602366685867,False
60,80,20,0.710411262512207,False
50,141,91,0.7099268108606338,False
17,45,28,0.7086089685559273,True
29,42,13,0.7084824249148369,False
44,106,62,0.7082523375749588,False
87,102,15,0.7070374190807343,False
68,137,69,0.7065033838152885,False
19,63,44,0.7061932116746903,False
62,100,38,0.7060310781002045,False
84,142,58,0.7059767052531243,False
92,109,17,0.7056797802448272,False
37,78,41,0.7040309444069862,False
75,134,59,0.7033475190401077,False
102,124,22,0.7033146146684885,False
10,145,135,0.702782505005598,False
65,84,19,0.7022060349583625,False
6,104,98,0.7019269376993179,False
89,117,28,0.701713316142559,False
30,72,42,0.7013485699892044,False
29,108,79,0.700410196185112,False
32,136,104,0.7003916569054127,False
103,127,24,0.700227239727974,False
88,144,56,0.6991307750344277,False
82,141,59,0.6975661873817444,False
38,111,73,0.6972844704985619,False
16,64,48,0.6959451392292977,False
108,139,31,0.695533749461174,False
88,117,29,0.6952430099248886,False
36,88,52,0.6950597457587719,False
70,143,73,0.6947368741035461,False
80,143,63,0.6937594920396805,False
23,67,44,0.6936665877699852,False
146,151,5,0.6920350655913353,False
105,159,54,0.691939203441143,False
14,86,72,0.6918219685554504,False
60,118,58,0.6901971787214279,False
9,81,72,0.689750163629651,False
16,58,42,0.689342874288559,False
51,139,88,0.6889779895544053,False
34,88,54,0.6886707887053489,False
77,83,6,0.6885933578014374,False
139,145,6,0.6882899612188339,False
89,134,45,0.6880130257457495,False
62,78,16,0.6879747621715069,True
108,140,32,0.6874551177024841,False
58,81,23,0.6872780300676823,False
9,141,132,0.6869595348834991,False
38,152,114,0.6866450726985931,False
140,145,5,0.6865752190351486,False
67,84,17,0.686298468708992,False
25,90,65,0.6860811561346054,False
135,146,11,0.6858969077467918,False
129,134,5,0.6855561457574367,False
134,150,16,0.6849979609251022,False
19,151,132,0.6847394704818726,False
19,26,7,0.6846813857555389,False
9,79,70,0.6845256596803665,False
37,137,100,0.6844995692372322,False
85,143,58,0.6829093530774116,False
82,126,44,0.6825129702687264,False
49,98,49,0.6812736362218856,False
25,37,12,0.680995312333107,False
117,123,6,0.6802621811628342,False
18,94,76,0.679758132994175,False
62,80,18,0.6796225264668465,False
23,138,115,0.6793142899870872,False
1,52,51,0.6780613481998443,False
53,82,29,0.6777267217636108,False
82,137,55,0.6769466415047646,False
93,100,7,0.6765311822295189,True
46,144,98,0.6765219360589981,False
33,60,27,0.6760324120521546,False
1,11,10,0.6759699642658233,False
20,131,111,0.6741399705410004,False
39,105,66,0.673897023499012,False
86,118,32,0.6736876890063286,False
80,149,69,0.673390993475914,False
82,157,75,0.673353523015976,False
86,143,57,0.6732934385538101,False
4,79,75,0.6732113882899284,False
109,159,50,0.672198337316513,False
20,151,131,0.6717588692903519,False
20,98,78,0.6716230392456055,False
67,123,56,0.6715863317251205,False
6,135,129,0.671465715765953,False
4,117,113,0.6709409579634666,False
137,152,15,0.6707199305295944,False
132,147,15,0.6701755195856094,False
8,19,11,0.6697597444057465,False
26,100,74,0.6695150196552276,False
91,130,39,0.6692447662353516,False
76,118,42,0.6689992472529411,False
62,98,36,0.6687871158123017,False
18,32,14,0.6678990393877029,False
73,156,83,0.6676709145307541,False
58,130,72,0.6669388607144355,False
41,102,61,0.6667671278119087,False
8,28,20,0.6667532503604889,False
92,143,51,0.6660627126693726,False
3,62,59,0.6660583585500717,False
134,155,21,0.6657009780406952,False
79,155,76,0.665254008769989,False
34,153,119,0.665083134174347,False
119,143,24,0.6648976758122445,False
147,155,8,0.6635247886180877,False
40,130,90,0.6634271174669266,False
13,156,143,0.662997268885374,False
16,105,89,0.6628681674599648,False
11,72,61,0.6623076349496841,False
18,103,85,0.6618370413780212,False
107,120,13,0.6615750655531883,False
59,73,14,0.6614076390862464,True
19,118,99,0.6608724564313888,False
51,93,42,0.6605154037475586,False
44,68,24,0.6596545577049255,False
10,88,78,0.6594249218702316,False
112,150,38,0.657528617978096,False
69,149,80,0.6564064711332321,False
32,144,112,0.655757275223732,False
86,141,55,0.6554301679134369,False
49,148,99,0.6550031661987304,False
9,26,17,0.6535170286893844,False
39,52,13,0.652000892162323,False
32,59,27,0.6512699142098427,False
50,143,93,0.6511870756745338,False
19,69,50,0.650206732749939,False
17,64,47,0.6481188580393791,False
70,154,84,0.647776510566473,False
33,106,73,0.6474519595503807,False
47,147,100,0.6467745304107666,False
57,94,37,0.6459208332002163,False
115,143,28,0.6451181292533874,False
58,148,90,0.645097142830491,False
41,109,68,0.6449692666530609,False
91,139,48,0.6440387040376663,False
37,131,94,0.6428715467453003,False
30,89,59,0.642460361123085,False
39,155,116,0.6424553826451301,False
66,120,54,0.6424546390771866,False
40,67,27,0.6423726424574852,False
18,112,94,0.6418868824839592,False
63,152,89,0.641494619846344,False
73,145,72,0.6407262481749058,False
127,152,25,0.6400358833372592,False
127,132,5,0.6386619552969932,False
89,139,50,0.6384440958499908,False
11,131,120,0.637606693804264,False
20,92,72,0.6374445050954819,False
79,127,48,0.6369413048028946,False
66,130,64,0.63546272367239,False
40,97,57,0.6343058083206415,False
9,120,111,0.634262552857399,False
98,142,44,0.6341745734214783,False
19,105,86,0.6339240163564682,False
77,93,16,0.6337856456637383,False
141,146,5,0.6335203111171722,False
8,146,138,0.6335061714053154,False
107,129,22,0.6327123314142227,False
39,84,45,0.6325361803174019,True
77,154,77,0.6311387740075588,False
58,107,49,0.6310719326138496,False
26,52,26,0.6293606236577034,False
8,142,134,0.6292846158146859,False
99,114,15,0.6287666171789169,False
72,148,76,0.6281838774681091,False
21,154,133,0.6274658590555191,False
86,99,13,0.6270818293094635,False
72,144,72,0.6269868545234203,False
78,83,5,0.626900427788496,False
23,30,7,0.6265367060899735,False
118,150,32,0.6255577445030213,False
23,145,122,0.6254407830536366,False
64,76,12,0.6247093051671981,True
68,91,23,0.6244486719369888,False
21,109,88,0.6241458967328072,False
145,154,9,0.6239882782101631,False
29,134,105,0.6237043868750334,False
68,150,82,0.6233017683029175,False
13,127,114,0.6230574309825897,False
29,36,7,0.6227591395378113,False
34,138,104,0.6225255459547043,False
41,119,78,0.6213962689042092,False
100,148,48,0.6207219570875168,False
10,159,149,0.6206244811415672,False
116,143,27,0.6204519607126713,True
47,141,94,0.62023219242692,False
28,148,120,0.6201361924409866,False
18,46,28,0.6197350159287452,False
38,98,60,0.6190530598163605,False
25,79,54,0.6182817578315735,False
30,109,79,0.6182615391910076,False
29,34,5,0.6180471897125244,False
116,148,32,0.6178787440061569,False
78,154,76,0.6175085574388504,False
79,130,51,0.6170905798673629,False
23,132,109,0.6170205503702164,False
10,69,59,0.6162791788578034,False
69,141,72,0.6162535786628723,False
131,142,11,0.6142066091299057,False
29,146,117,0.6140938729047776,False
65,150,85,0.6139958679676056,False
103,108,5,0.613580547273159,False
38,107,69,0.6128532513976097,False
139,150,11,0.6128090292215347,False
3,128,125,0.6127763509750366,False
8,127,119,0.6126708015799522,False
137,143,6,0.6125731319189072,False
72,102,30,0.6123857617378234,False
70,142,72,0.6120856940746308,False
2,143,141,0.6115544140338898,False
56,149,93,0.6114567369222641,False
36,103,67,0.6112112507224083,False
106,144,38,0.610150220990181,False
74,129,55,0.609999880939722,False
53,85,32,0.6090585559606552,False
129,151,22,0.6082876443862915,False
40,159,119,0.6072779506444931,False
30,37,7,0.6069380857050419,False
29,144,115,0.6069248467683792,False
65,111,46,0.6058543875813485,False
40,48,8,0.6057844668626785,False
107,156,49,0.6056965246796608,False
79,145,66,0.6048388749361038,False
41,154,113,0.6047851085662842,False
39,82,43,0.6047629952430725,False
45,82,37,0.6046139389276505,False
7,154,147,0.6043390035629272,False
76,126,50,0.6042203344404697,False
11,135,124,0.6031419947743416,False
66,134,68,0.6027763426303864,False
4,89,85,0.6024257421493531,False
19,111,92,0.6023761004209518,False
128,147,19,0.6023277521133423,False
114,131,17,0.6015353500843048,False
10,127,117,0.601506945490837,False
47,155,108,0.6006840676069259,False
68,129,61,0.6001849666237831,False
111,148,37,0.6001623675227166,False
27,117,90,0.5992738530039787,False
61,152,91,0.5992607682943344,False
19,89,70,0.5986049711704254,False
66,84,18,0.598216799646616,False
142,152,10,0.5980754539370536,False
6,32,26,0.5977136299014092,False
1,48,47,0.5975436478853225,False
67,102,35,0.5972380980849266,False
13,149,136,0.5965897642076016,False
107,112,5,0.5964619800448417,False
69,159,90,0.5964382283389569,False
75,113,38,0.5961655080318451,False
36,157,121,0.5960423588752747,False
14,33,19,0.5952311128377914,False
135,158,23,0.5944227755069733,False
86,146,60,0.5944115698337555,False
29,66,37,0.5941739797592163,False
16,88,72,0.5941503502428531,False
3,130,127,0.593731413781643,False
55,157,102,0.5929671138525009,False
3,18,15,0.5922238379716873,False
2,109,107,0.5921687498688698,True
92,106,14,0.5920304991304874,False
28,147,119,0.5919084839522839,False
48,144,96,0.5913133084774017,False
8,136,128,0.5911619395017624,False
135,151,16,0.590838274359703,False
21,114,93,0.590167960524559,False
2,132,130,0.5894835695624352,False
39,47,8,0.5885646417737007,False
28,149,121,0.5885222166776657,False
91,149,58,0.5880900546908379,False
5,146,141,0.5878574982285499,False
44,102,58,0.5871834591031074,False
118,132,14,0.5868327304720878,False
84,92,8,0.5867763638496399,False
19,81,62,0.5861943416297436,False
70,87,17,0.5861020445823669,False
30,80,50,0.5858758211135864,False
4,25,21,0.5852171748876571,False
32,50,18,0.5850557208061218,False
72,143,71,0.5850480705499649,False
38,146,108,0.5848021179437637,False
17,77,60,0.5845426097512245,False
24,155,131,0.5842332184314728,False
58,94,36,0.5835141375660896,False
25,108,83,0.5824103385210038,False
16,79,63,0.5820223465561867,False
3,148,145,0.5815590515732765,False
114,158,44,0.5814618721604348,False
23,76,53,0.5813203059136868,False
2,19,17,0.5809959083795547,False
111,133,22,0.5806714475154877,False
47,79,32,0.5803376153111458,False
72,153,81,0.5799107681959867,False
101,157,56,0.5787790462374687,False
7,92,85,0.578673267364502,False
129,156,27,0.5783209294080734,False
72,140,68,0.5778335437178612,False
17,33,16,0.5777726203203202,False
16,91,75,0.57752216309309,False
122,130,8,0.5773395583033561,False
56,157,101,0.5770217984914779,False
132,138,6,0.576322364807129,False
3,72,69,0.5762520074844361,False
140,147,7,0.575624629855156,False
115,139,24,0.5750327169895172,False
117,139,22,0.5750095590949058,False
9,20,11,0.5745504379272461,True
6,22,16,0.5745313376188278,False
21,97,76,0.5741920657455921,False
65,152,87,0.5740496277809143,False
87,137,50,0.573740103840828,False
10,125,115,0.5735863596200943,False
75,142,67,0.5734053492546082,False
61,68,7,0.5732805490493774,False
82,139,57,0.5732601717114448,False
48,102,54,0.5729189097881318,False
16,152,136,0.5728537470102311,False
90,159,69,0.5724700272083283,False
67,138,71,0.5724161930382252,False
144,155,11,0.5710646629333496,False
87,134,47,0.5710616558790207,False
153,159,6,0.5709779918193817,False
16,87,71,0.5707057699561119,False
10,38,28,0.5704612135887146,False
8,126,118,0.5696670681238174,False
33,147,114,0.5687572568655014,False
16,149,133,0.5686753451824188,False
30,75,45,0.5675579480826854,False
84,158,74,0.5674951039254665,False
10,150,140,0.5672405406832695,False
40,100,60,0.5672380864620209,False
101,144,43,0.566579282283783,False
123,146,23,0.5663967907428742,False
139,147,8,0.5660909593105317,False
33,143,110,0.5659609958529472,False
82,146,64,0.5649041116237641,False
137,146,9,0.5648415654897689,False
37,120,83,0.5648265987634659,False
84,131,47,0.5647310227155685,False
119,150,31,0.5640649676322937,False
62,139,77,0.5634464919567108,False
20,148,128,0.5630459919571876,False
83,152,69,0.5629465118050575,False
15,36,21,0.5614882260560989,False
32,83,51,0.5612419903278351,False
107,127,20,0.5612391337752343,False
47,56,9,0.5604655966162682,False
48,101,53,0.5600798532366753,False
22,84,62,0.5598260194063187,False
93,107,14,0.5596333637833595,True
5,36,31,0.559590108692646,False
9,106,97,0.5588737815618515,False
87,97,10,0.5587713867425919,False
36,50,14,0.5587325692176819,False
12,50,38,0.5586800247430801,False
58,123,65,0.5586154043674469,False
8,31,23,0.5585448518395424,False
103,158,55,0.5584238231182098,False
47,130,83,0.5583251796662807,False
81,119,38,0.5577284373342991,False
36,54,18,0.557212871313095,False
18,142,124,0.5561149924993515,False
72,128,56,0.5547533243894577,False
8,17,9,0.5543351963162422,False
103,129,26,0.5542799174785614,False
118,152,34,0.5542206376791,False
106,146,40,0.5537705406546592,False
41,139,98,0.5537153452634811,False
114,148,34,0.5536587238311768,False
115,142,27,0.5535065919160843,False
6,40,34,0.5532865568995475,False
11,47,36,0.552710123360157,False
20,129,109,0.552643033862114,False
19,61,42,0.5522774130105972,False
82,130,48,0.552022734284401,False
26,140,114,0.5519533455371857,False
59,111,52,0.5515301957726478,False
2,13,11,0.5510152116417885,False
22,143,121,0.5504725575447083,False
40,149,109,0.5500365108251571,False
62,148,86,0.5495408952236176,False
19,145,126,0.5492567405104637,False
3,125,122,0.549180181324482,False
19,152,133,0.5485967569053173,False
62,106,44,0.5483374774456025,False
28,55,27,0.5483313024044036,False
114,132,18,0.5483174264431,False
37,152,115,0.5475948184728623,False
76,136,60,0.5473935186862946,False
19,94,75,0.5473169922828675,False
92,150,58,0.5472330585122108,False
3,151,148,0.5469672188162804,False
72,88,16,0.5463310986757278,False
19,92,73,0.5458763420581818,False
33,123,90,0.5455979123711586,False
137,150,13,0.544333103299141,False
49,116,67,0.5435440666973591,False
20,130,110,0.5434250175952912,False
10,152,142,0.5434012219309807,False
40,92,52,0.5429148763418198,True
65,85,20,0.5428024560213089,False
108,136,28,0.5425934333354234,False
78,101,23,0.5421503901481628,False
138,158,20,0.5419350996613502,False
129,155,26,0.5417062819004059,False
102,142,40,0.5404141813516616,False
5,111,106,0.5403899639844895,True
86,115,29,0.5399995923042298,False
56,86,30,0.5399055317044258,False
24,88,64,0.539737531542778,False
67,140,73,0.5394426688551903,False
30,152,122,0.5391766555607319,False
44,66,22,0.5390374526381493,False
52,73,21,0.5389374673366547,False
65,114,49,0.5388071954250335,False
41,155,114,0.5376669809222221,False
21,91,70,0.5374593585729599,False
117,127,10,0.5370791703462601,False
16,124,108,0.5366613313555717,False
54,109,55,0.5365592569112778,False
62,114,52,0.5353778526186943,False
59,75,16,0.5350910641252995,False
3,13,10,0.5349308043718338,False
34,149,115,0.5347109839320183,False
3,84,81,0.533621734380722,False
67,137,70,0.5330670952796936,False
26,159,133,0.5328769363462925,False
66,145,79,0.5328185141086579,False
8,98,90,0.5328179761767388,False
99,156,57,0.5328129298985005,False
50,125,75,0.5328019514679909,False
33,84,51,0.5327738612890244,False
38,93,55,0.5322710067033768,False
37,50,13,0.5322596900165081,False
65,78,13,0.5321500390768051,False
34,91,57,0.5315008282661438,False
2,88,86,0.5311360269784927,False
12,28,16,0.5310780048370362,False
135,141,6,0.5304985731840134,False
138,143,5,0.5303438112139702,False
65,83,18,0.5300902336835861,False
13,145,132,0.5299903094768524,False
91,107,16,0.5296414375305176,False
84,153,69,0.5295361287891864,False
71,148,77,0.5287629723548889,False
54,60,6,0.5285479813814163,False
36,42,6,0.5281617641448975,False
7,62,55,0.5279417514801026,False
82,98,16,0.5275455236434936,False
55,149,94,0.5271606147289276,False
127,156,29,0.5269462287425994,False
66,102,36,0.5269136369228363,False
105,134,29,0.5260981425642968,False
138,149,11,0.5257949709892273,False
3,145,142,0.5255485415458679,False
10,156,146,0.5250123854726553,False
128,156,28,0.5248422406613826,True
83,154,71,0.5246584177017212,False
25,104,79,0.5239041477441788,False
2,126,124,0.5238679260015487,False
99,159,60,0.5237291157245636,False
49,69,20,0.5234168842434883,False
2,79,77,0.5232770949602127,False
37,147,110,0.5231898128986359,False
86,112,26,0.5231513172388077,False
120,137,17,0.5227733492851258,False
92,152,60,0.5227531656622887,False
140,146,6,0.5224596261978149,False
115,155,40,0.5216873742640018,False
12,156,144,0.5212760716676712,False
35,97,62,0.5210253566503524,False
1,149,148,0.5205542966723442,False
4,38,34,0.520381873846054,False
92,108,16,0.5199918031692505,False
132,146,14,0.5194287404417992,False
16,103,87,0.5192720875144005,False
34,70,36,0.5192456133663654,False
38,85,47,0.518721479177475,False
5,61,56,0.5185561448335647,False
29,159,130,0.5182365983724594,False
70,97,27,0.5180290013551712,False
76,117,41,0.5178857907652855,False
117,157,40,0.5175208449363708,False
64,72,8,0.5174600541591644,False
134,144,10,0.5165653944015502,False
42,51,9,0.5163863927125931,False
58,93,35,0.5149400889873504,False
19,130,111,0.5148746713995933,False
33,136,103,0.5144856661558151,False
137,158,21,0.5141018688678741,False
19,38,19,0.5140535712242127,False
87,148,61,0.5136717319488525,False
18,154,136,0.5134545721113681,False
71,131,60,0.511789433658123,False
134,145,11,0.5116718649864197,False
33,85,52,0.5112672477960587,False
50,114,64,0.511127033829689,False
37,144,107,0.5106254875659942,False
32,152,120,0.5100065685808659,False
97,157,60,0.5095981746912003,False
93,121,28,0.5088568329811096,False
26,128,102,0.508778965473175,False
1,116,115,0.50873411744833,False
86,128,42,0.5081225335597992,False
120,146,26,0.5080169245600701,False
5,38,33,0.5074666313827038,False
10,70,60,0.507185161113739,False
71,110,39,0.5069613695144654,False
75,99,24,0.5064255133271217,False
66,72,6,0.5060234546661377,False
18,73,55,0.5059585809707642,False
46,76,30,0.505930882692337,False
106,126,20,0.5058307640254498,False
89,111,22,0.5053015559911728,False
19,115,96,0.5051189690828324,False
85,118,33,0.50478904992342,False
87,104,17,0.5047617077827453,False
104,146,42,0.5045966297388077,False
99,120,21,0.5045191630721092,False
8,49,41,0.5044239372014999,False
23,75,52,0.5039876379072666,False
13,38,25,0.5039585202932357,False
28,109,81,0.5038365662097931,False
17,79,62,0.5036986023187637,False
127,137,10,0.5036232203245163,False
90,97,7,0.5035617247223854,False
98,144,46,0.5035156041383744,False
9,140,131,0.5033769585192204,False
30,141,111,0.5033268555998802,False
114,146,32,0.5032955631613731,False
2,116,114,0.5031879603862762,False
134,156,22,0.503147229552269,True
120,157,37,0.5030713260173798,False
26,53,27,0.5030529707670212,False
9,92,83,0.5030303001403809,False
36,79,43,0.5030006170272827,False
108,133,25,0.5029187887907028,False
25,78,53,0.5023575216531754,False
1,19,18,0.5023377180099488,False
21,144,123,0.5019263803958893,False
107,131,24,0.5016644388437271,False
9,150,141,0.5015066094696522,False
58,97,39,0.4998240493237972,False
38,158,120,0.4998044937849045,False
84,133,49,0.49971373081207277,False
142,159,17,0.49933547526597977,False
26,131,105,0.4990809604525566,False
12,89,77,0.49878671318292617,False
69,143,74,0.4977222248911858,False
130,140,10,0.4976786807179451,False
41,138,97,0.4971244066953659,False
55,72,17,0.49711360186338427,False
17,112,95,0.49691634699702264,False
4,134,130,0.49668102264404296,False
28,140,112,0.49653530716896055,False
147,156,9,0.4963104031980038,False
23,35,12,0.496114781498909,False
37,105,68,0.4952953398227692,False
60,108,48,0.4951282531023026,False
92,140,48,0.4947629183530807,False
62,154,92,0.4940247267484665,False
79,150,71,0.49361185133457186,False
3,149,146,0.4934285968542099,False
9,51,42,0.493348528444767,False
38,50,12,0.4926846534013748,False
36,59,23,0.4925326928496361,False
97,114,17,0.49241518676280976,False
1,125,124,0.49234562516212466,False
102,121,19,0.4915129691362381,False
78,118,40,0.49137891083955765,False
33,75,42,0.4909470498561859,False
4,76,72,0.49072408825159075,False
79,118,39,0.4903882369399071,False
52,142,90,0.4902218759059906,False
84,155,71,0.48985540568828584,False
102,149,47,0.4897587150335312,False
10,61,51,0.4897572994232178,False
54,89,35,0.48969692587852476,False
85,157,72,0.4895880401134491,False
9,23,14,0.4893393948674202,False
18,139,121,0.4888642609119415,False
118,140,22,0.4887449383735657,False
76,131,55,0.4884151056408882,False
106,114,8,0.48831735402345655,False
133,154,21,0.4880979210138321,False
19,133,114,0.4872656360268593,False
144,157,13,0.48717339932918546,False
3,137,134,0.4867190018296242,False
8,47,39,0.4866888839751482,False
36,48,12,0.48653883785009383,False
121,127,6,0.4864987686276436,False
88,155,67,0.4860076382756233,False
88,103,15,0.48547726422548293,False
5,157,152,0.48518132865428926,False
3,70,67,0.48513203561306,False
19,144,125,0.4848982743918896,False
108,158,50,0.48474061191082,True
11,141,130,0.4830541104078293,False
75,155,80,0.48296344876289365,False
45,157,112,0.4823043406009674,False
72,92,20,0.48219636380672454,False
34,146,112,0.48195306211709976,False
16,153,137,0.48122295141220095,False
2,117,115,0.48098529130220413,False
69,84,15,0.48082863688468935,False
128,141,13,0.47971634566783905,False
2,67,65,0.4796240210533142,False
9,128,119,0.4796074777841568,False
34,152,118,0.4794279098510742,False
108,141,33,0.4794058039784431,False
109,141,32,0.4788520783185959,False
99,132,33,0.4783239521086216,False
20,144,124,0.4769344389438629,False
2,157,155,0.47692320942878724,False
55,144,89,0.4768836319446564,False
29,151,122,0.47656444683670995,False
75,123,48,0.476426774263382,False
24,47,23,0.4761840462684631,False
6,50,44,0.47605029568076135,False
84,159,75,0.47575166150927545,False
9,149,140,0.47554734349250793,False
9,124,115,0.47554381340742113,False
97,130,33,0.47493891417980194,False
88,121,33,0.474800081551075,False
29,152,123,0.47433610558509826,False
73,134,61,0.4739673614501953,False
27,111,84,0.4735939383506775,False
15,82,67,0.47320728600025175,False
21,27,6,0.4729565352201462,False
2,29,27,0.47277563661336897,False
16,132,116,0.4723352786153555,False
104,110,6,0.472120339423418,False
37,83,46,0.4720785140991211,False
41,117,76,0.47166275754570963,False
10,101,91,0.4712114050984383,False
1,65,64,0.4708765305578709,False
152,159,7,0.4707221120595932,False
56,136,80,0.4706158012151718,False
82,145,63,0.4703404143452644,False
12,158,146,0.4699179857969284,False
84,97,13,0.46913897395133974,False
23,120,97,0.46911815404891966,False
2,37,35,0.46907362937927244,False
35,134,99,0.4681446172297001,False
6,114,108,0.46798154413700105,False
69,88,19,0.4678424745798111,False
1,98,97,0.4677835166454315,False
25,84,59,0.46730034947395327,False
37,135,98,0.467117241024971,False
33,39,6,0.4669624298810959,False
107,128,21,0.4660820007324219,False
101,106,5,0.46572624444961547,False
5,144,139,0.4653147257864475,False
74,86,12,0.4652698740363121,False
89,150,61,0.4646434411406517,False
67,93,26,0.4643603801727295,False
39,48,9,0.4633658930659294,False
6,154,148,0.46334038972854613,False
19,140,121,0.4629960924386978,False
93,104,11,0.46259481459856033,False
38,109,71,0.46251431182026864,False
105,144,39,0.46233518719673156,False
7,139,132,0.4619045168161392,False
89,148,59,0.4613348364830017,False
149,155,6,0.4610801815986633,False
31,42,11,0.46091410219669343,False
89,143,54,0.4605717182159424,False
91,111,20,0.4605695575475693,False
65,98,33,0.46053161919116975,False
133,159,26,0.46047954708337785,True
62,117,55,0.4604381635785103,False
88,115,27,0.4599850133061409,False
62,91,29,0.4596511274576187,False
104,136,32,0.45915558040142057,False
123,144,21,0.45913205593824385,False
31,70,39,0.45901129841804506,False
108,129,21,0.45900135934352876,False
79,134,55,0.4584864556789398,False
69,85,16,0.4583309769630432,False
72,127,55,0.4582431688904762,False
68,82,14,0.4582023173570633,False
85,137,52,0.4580216258764267,False
3,146,143,0.45799708664417266,False
69,150,81,0.45761869847774506,False
79,92,13,0.4571868360042572,False
13,144,131,0.4571264047175646,False
81,146,65,0.4569485515356064,False
47,146,99,0.45693193525075915,False
103,140,37,0.45692890882492065,False
29,149,120,0.45642440021038055,False
128,135,7,0.4560363858938217,False
101,112,11,0.4554556615650654,False
64,119,55,0.4550480842590332,False
33,88,55,0.4548951804637909,False
64,134,70,0.4543960437178612,False
30,150,120,0.4543862961232662,False
19,78,59,0.4540432751178741,False
17,37,20,0.45402961075305937,False
119,148,29,0.4535096243023872,False
53,60,7,0.4531765982508659,False
33,78,45,0.4529748558998108,False
10,49,39,0.4529104232788086,False
30,144,114,0.4521140158176422,False
58,91,33,0.45186152309179306,False
93,101,8,0.45179066956043246,False
70,112,42,0.45178587138652804,False
100,114,14,0.4511167615652084,False
118,129,11,0.45058288872241975,False
94,148,54,0.45048285126686094,False
30,112,82,0.4504489541053772,False
68,87,19,0.45044237971305845,False
12,49,37,0.45041728541255,False
45,71,26,0.4503808498382568,False
61,154,93,0.4503268837928772,False
103,114,11,0.4500381678342819,False
30,116,86,0.4499953269958496,False
104,131,27,0.4497204303741455,False
36,83,47,0.448622639849782,False
52,145,93,0.44860259890556337,False
46,138,92,0.4484359294176102,False
8,23,15,0.44837855398654936,False
131,154,23,0.4482267737388611,False
111,128,17,0.4482086718082428,False
1,17,16,0.4479898393154144,False
27,149,122,0.44790148884058,False
5,26,21,0.44743154644966127,False
40,69,29,0.44731954783201217,False
22,110,88,0.44717120826244355,False
6,57,51,0.44649741649627683,False
17,136,119,0.44637219682335855,False
19,79,60,0.44624666720628736,False
12,62,50,0.44623550176620486,False
6,26,20,0.44607924968004226,False
9,22,13,0.445603346824646,False
101,137,36,0.44550788924098017,False
9,76,67,0.44514213427901267,False
125,157,32,0.44510561525821685,False
91,137,46,0.4449595272541046,False
28,98,70,0.44483208656311035,False
110,132,22,0.4440081506967545,False
16,82,66,0.4433983743190765,False
85,139,54,0.44308662712574004,False
20,53,33,0.4420938640832901,False
101,156,55,0.4412562370300293,False
92,117,25,0.4409994810819626,False
25,151,126,0.44063290059566496,False
104,124,20,0.44057264029979704,False
72,158,86,0.440199875831604,False
37,101,64,0.44003127217292787,False
36,148,112,0.439545726776123,False
19,50,31,0.43934946432709693,False
93,147,54,0.43926753997802737,False
26,111,85,0.43830895870923997,False
113,144,31,0.43812130242586134,False
73,102,29,0.43797168135643005,False
17,97,80,0.43765041083097456,False
11,19,8,0.43758793026208875,False
30,98,68,0.43752674348652365,False
40,141,101,0.4374654084444046,False
129,148,19,0.4374349061399698,False
60,144,84,0.4372565925121307,False
47,89,42,0.43718806803226473,False
39,140,101,0.43659633845090867,False
62,119,57,0.4364937782287598,False
66,110,44,0.4362039819359779,False
32,58,26,0.43620235547423364,False
68,143,75,0.43617978394031526,False
26,107,81,0.43606187477707864,False
4,91,87,0.4360449254512787,False
85,141,56,0.43499313592910765,False
5,141,136,0.43439407646656036,False
68,130,62,0.4338028386235237,False
70,130,60,0.4337351851165295,False
4,126,122,0.4336255967617035,False
8,115,107,0.43338566794991495,True
34,101,67,0.4331023275852203,False
125,146,21,0.43305798098444936,False
90,140,50,0.4323503546416759,False
74,156,82,0.43205767273902895,False
75,82,7,0.4320338800549507,False
98,118,20,0.4318657353520393,False
77,148,71,0.4312313348054886,False
8,159,151,0.4311855509877205,False
14,89,75,0.4311794310808182,False
102,159,57,0.43090501725673674,False
77,144,67,0.43063787221908567,False
19,117,98,0.4304200954735279,False
67,144,77,0.4301198720932007,False
41,159,118,0.4298388119786978,False
26,115,89,0.42983541935682296,False
66,138,72,0.42964856028556825,False
40,58,18,0.42903440818190575,True
129,149,20,0.4285610496997833,False
33,74,41,0.4283257991075516,False
33,72,39,0.42788573652505874,False
86,132,46,0.4277433782815933,False
60,152,92,0.42765559554100036,False
36,97,61,0.4274905312806368,False
6,101,95,0.42722220420837403,False
8,38,30,0.4270180225372314,False
74,79,5,0.42697650492191314,False
23,47,24,0.42697325348854065,False
12,87,75,0.42497103214263915,False
103,119,16,0.424966998398304,False
1,105,104,0.42483862936496736,False
107,137,30,0.42473811507225034,False
85,148,63,0.4246746838092804,False
119,127,8,0.4246543884277344,False
10,68,58,0.4246439978480339,False
58,106,48,0.4244595944881439,False
9,16,7,0.42420790791511537,False
16,78,62,0.4235860764980316,False
89,153,64,0.4234831064939499,False
30,124,94,0.4229838468134403,False
78,136,58,0.42285110130906106,False
21,39,18,0.42251415401697157,False
73,98,25,0.422513447701931,False
104,152,48,0.4218073055148125,False
80,144,64,0.42179092168807986,False
10,131,121,0.42118090093135835,False
56,87,31,0.4210773974657059,False
31,60,29,0.42097562849521636,False
52,139,87,0.42029220461845396,False
89,114,25,0.42007910907268525,False
27,142,115,0.41920981779694555,False
59,145,86,0.4191936641931534,False
6,88,82,0.41896467432379725,False
75,132,57,0.41867812275886535,False
97,116,19,0.41854054778814315,False
89,120,31,0.4184353888034821,False
32,70,38,0.4182097837328911,False
138,146,8,0.4181516170501709,False
10,63,53,0.41804692447185515,False
22,118,96,0.41795977056026457,False
79,104,25,0.4176611125469208,False
110,144,34,0.41717534363269804,False
23,139,116,0.4163987681269646,False
45,119,74,0.41612453758716583,False
67,98,31,0.41603188812732694,False
1,102,101,0.4158381476998329,False
3,27,24,0.41570969521999357,False
107,125,18,0.41553483456373214,False
105,130,25,0.4146636247634888,False
113,151,38,0.41446936279535296,True
123,137,14,0.41426828876137733,False
102,132,30,0.41408219635486604,False
58,68,10,0.4140476882457733,False
40,93,53,0.4133500188589096,True
37,150,113,0.41257252395153043,False
98,153,55,0.41247659623622895,False
88,157,69,0.4122537702322006,False
36,158,122,0.4116194173693657,False
1,8,7,0.41156618148088453,False
4,28,24,0.4111820012331009,False
23,34,11,0.41098238080739974,False
103,153,50,0.410778272151947,False
67,130,63,0.4106523782014847,False
5,31,26,0.4098056793212891,True
9,14,5,0.4091152399778366,True
19,42,23,0.40886562317609787,False
62,101,39,0.4085948884487152,False
8,150,142,0.4084721427410841,False
85,150,65,0.4083332896232605,False
78,148,70,0.4079833284020424,False
4,110,106,0.40759633779525756,True
72,101,29,0.4075177997350693,False
17,152,135,0.4073062688112259,False
37,139,102,0.40729486122727393,False
28,50,22,0.40636123809963465,False
7,157,150,0.40593870878219607,False
83,119,36,0.4059201776981354,False
16,97,81,0.4058372899889946,True
4,106,102,0.4058041930198669,False
12,155,143,0.4056609258055687,False
10,62,52,0.40559311509132384,False
16,89,73,0.4049496129155159,False
100,110,10,0.4044623762369156,False
23,109,86,0.40410344004631044,False
58,69,11,0.40403102338314056,False
11,150,139,0.40382746756076815,False
86,135,49,0.40358329713344576,False
26,50,24,0.4026035167276859,False
68,158,90,0.40232526510953903,False
145,153,8,0.40177886337041857,False
2,146,144,0.40157490670681,False
97,145,48,0.40129843950271604,False
88,108,20,0.401047582924366,False
58,127,69,0.4008988462388515,False
34,147,113,0.40083337724208834,False
51,57,6,0.4004926115274429,False
66,159,93,0.40040316581726076,False
107,150,43,0.40036938190460203,False
88,132,44,0.4001653894782066,False
53,149,96,0.4000737011432648,False
111,117,6,0.399741467833519,False
60,66,6,0.3997217521071434,False
1,150,149,0.39936806410551073,False
63,118,55,0.39917161986231803,False
25,68,43,0.39824873208999634,False
88,94,6,0.3980153173208237,False
97,141,44,0.39799754321575165,False
87,158,71,0.3976928398013115,False
12,71,59,0.3974644646048546,False
51,131,80,0.39723638296127317,False
125,153,28,0.39702655375003815,False
17,40,23,0.39653160721063613,False
110,127,17,0.3964764967560768,False
28,144,116,0.3962385654449463,False
82,136,54,0.39583381041884425,False
2,16,14,0.3955503419041634,False
66,154,88,0.39539834707975385,False
47,111,64,0.39536433666944504,False
30,117,87,0.39525496661663057,False
34,106,72,0.3944167673587799,False
21,145,124,0.39418713450431825,False
26,48,22,0.3939996063709259,False
120,155,35,0.39365517497062685,False
34,142,108,0.3932649686932564,False
101,123,22,0.39284931868314743,False
6,72,66,0.3919703230261803,False
8,45,37,0.39193588197231294,False
100,141,41,0.39178271889686583,False
90,155,65,0.3908227473497391,False
93,116,23,0.39062097668647766,False
128,157,29,0.390467432141304,False
74,102,28,0.3904120996594429,False
33,117,84,0.3899669647216797,False
3,143,140,0.389901664853096,False
84,148,64,0.38966442197561263,False
129,136,7,0.3896492302417755,False
88,110,22,0.38854392878711225,False
81,134,53,0.3883246123790741,False
2,112,110,0.3876473605632782,False
8,140,132,0.38758124560117724,False
103,118,15,0.3868644118309021,False
113,159,46,0.3866624772548676,False
87,109,22,0.3862676814198494,False
1,58,57,0.3862230360507965,False
6,28,22,0.3860091805458069,False
11,87,76,0.385838682949543,False
4,154,150,0.38567496091127396,False
42,52,10,0.3856383502483368,False
34,112,78,0.38528489172458646,False
37,58,21,0.385245718061924,False
115,154,39,0.3851424351334572,False
29,86,57,0.38469892293214797,False
79,90,11,0.3845705628395081,False
36,141,105,0.38425419181585313,False
111,140,29,0.3841930031776428,False
3,20,17,0.3840391464531422,False
97,136,39,0.38353779464960097,False
65,92,27,0.3833888068795204,False
65,70,5,0.3827296018600464,False
5,13,8,0.38252533972263336,False
25,72,47,0.38244236409664156,False
25,142,117,0.38239950835704806,False
47,128,81,0.38233783692121504,False
62,88,26,0.3817139908671379,False
6,144,138,0.38093734011054037,False
62,146,84,0.38056517392396927,False
73,79,6,0.3802373707294464,False
17,156,139,0.38017853945493696,False
50,88,38,0.3801458954811096,False
78,86,8,0.3800198223441839,False
74,87,13,0.3797107979655266,False
10,29,19,0.37967886328697203,False
13,147,134,0.37960134223103525,False
98,104,6,0.3792990490794182,False
20,122,102,0.3792561650276184,False
76,146,70,0.3792359992861748,False
51,81,30,0.3786644905805588,False
68,117,49,0.3785930164158344,False
6,119,113,0.3779925137758255,False
111,138,27,0.3776784732937813,False
99,131,32,0.3776490807533264,False
3,116,113,0.37739246934652326,False
89,101,12,0.37723719999194144,False
1,127,126,0.3769299626350403,False
17,60,43,0.3765425026416779,False
34,94,60,0.3764782935380936,False
119,145,26,0.3761270552873611,False
75,107,32,0.3761062309145927,False
103,144,41,0.37582688927650454,False
109,142,33,0.3749412402510643,False
12,106,94,0.37492955327033994,False
11,114,103,0.37470202147960663,False
19,109,90,0.37441913187503817,False
51,85,34,0.37397283017635347,False
39,50,11,0.37388276867568493,False
3,38,35,0.37373325750231745,False
9,143,134,0.37369862124323844,False
21,53,32,0.37347649186849596,False
19,24,5,0.37248374819755553,False
119,138,19,0.37240452170372007,False
29,154,125,0.3722235351800919,False
16,22,6,0.37215745598077776,False
70,114,44,0.3712801940739155,False
2,25,23,0.37076975405216217,False
6,65,59,0.3706256873905659,False
107,149,42,0.3703590095043182,False
74,130,56,0.37032433077692983,False
87,152,65,0.3700936570763588,False
116,158,42,0.36996397078037263,False
46,79,33,0.3698395058512688,False
3,118,115,0.36969636380672455,False
62,137,75,0.3692173518240452,False
53,58,5,0.36913241297006605,False
12,38,26,0.3686557814478874,False
94,154,60,0.36848759949207305,False
49,143,94,0.3682906426489353,False
116,144,28,0.36815746426582335,False
2,135,133,0.3680068001151085,False
58,119,61,0.36800636947154997,False
26,66,40,0.3679938316345215,False
43,96,53,0.3677929282188416,True
2,138,136,0.367787516862154,False
2,152,150,0.3677525073289871,False
11,119,108,0.3674800515174866,False
78,158,80,0.3671144559979439,False
10,51,41,0.367113932967186,False
36,105,69,0.36589200235903263,False
5,138,133,0.3656785637140274,False
4,68,64,0.36556609272956847,False
34,137,103,0.36549409925937654,False
40,85,45,0.3650755867362022,False
8,25,17,0.3649980008602142,False
6,21,15,0.36496696770191195,False
1,79,78,0.36493347138166427,False
101,139,38,0.36492356061935427,False
112,149,37,0.3642293706536293,False
85,105,20,0.36413846015930174,False
37,103,66,0.36412563621997834,False
39,141,102,0.36402103304862976,False
48,76,28,0.36392865180969236,False
69,145,76,0.3638243317604065,False
24,137,113,0.36341007351875304,False
7,70,63,0.3634065568447113,False
60,76,16,0.3632985547184944,False
107,136,29,0.36316930055618285,False
21,58,37,0.36307131946086885,False
52,80,28,0.36296610832214354,False
76,99,23,0.3628656193614006,False
1,68,67,0.36229991540312767,False
17,48,31,0.36210097521543505,True
1,100,99,0.3620491847395897,False
17,92,75,0.36181543469429017,False
93,134,41,0.36148004084825514,False
1,67,66,0.36116522923111916,False
8,39,31,0.3611084520816803,False
127,153,26,0.3609535038471222,False
47,107,60,0.3603542745113373,False
82,118,36,0.3601225882768631,False
105,121,16,0.36012114882469176,False
11,37,26,0.36004463881254195,False
4,114,110,0.35999501794576644,False
3,107,104,0.35995136201381683,True
98,140,42,0.35935655832290647,False
10,67,57,0.3586924135684967,False
82,151,69,0.3583976000547409,False
72,112,40,0.3583450436592102,False
27,50,23,0.35755998492240904,False
30,74,44,0.3571211650967598,False
45,117,72,0.3569724574685097,False
98,103,5,0.3567906454205513,False
23,61,38,0.3567564070224762,False
63,154,91,0.356666074693203,False
81,88,7,0.3561780333518982,False
9,66,57,0.3561712220311165,False
84,151,67,0.3560761779546738,False
83,137,54,0.3559179663658142,False
32,147,115,0.3554323993623257,False
56,141,85,0.35503303855657575,False
111,152,41,0.3546270437538624,False
45,89,44,0.3543078273534775,False
101,146,45,0.35400505438447,False
100,134,34,0.35338535271584987,False
125,144,19,0.3533326625823975,False
86,93,7,0.3531655818223953,False
47,76,29,0.35311824083328247,False
48,98,50,0.3531018793582916,False
99,144,45,0.35293632596731184,False
3,121,118,0.3527334645390511,False
37,73,36,0.35263251662254336,False
46,154,108,0.35256398618221285,False
142,149,7,0.35231956243515017,False
2,73,71,0.35225973278284073,False
30,54,24,0.35190475583076475,False
69,125,56,0.3515158146619797,False
13,115,102,0.35150203183293344,False
36,143,107,0.35029170513153074,False
83,130,47,0.34976220428943633,False
72,93,21,0.34957226663827895,False
6,24,18,0.3495477378368378,False
10,99,89,0.349332332611084,False
106,130,24,0.3493137717247009,False
106,129,23,0.3487855315208435,False
113,135,22,0.3485845930874348,False
135,142,7,0.3485204175114632,False
5,30,25,0.3483316272497177,False
103,121,18,0.34822445213794706,False
122,152,30,0.34727026969194413,False
49,118,69,0.34722081273794175,False
73,128,55,0.3466478392481804,False
63,116,53,0.34652097076177596,False
24,138,114,0.3461187113076448,False
23,128,105,0.3454039007425308,False
5,154,149,0.3450237810611725,False
12,107,95,0.34498191475868223,False
83,122,39,0.3449438750743866,False
124,147,23,0.3449425965547562,False
26,119,93,0.3446466729044914,False
99,157,58,0.3439667858183384,False
5,88,83,0.34385443180799485,False
51,148,97,0.34360158145427705,False
88,98,10,0.3432681143283844,False
30,147,117,0.34316116720438006,False
116,138,22,0.3430130660533905,False
1,51,50,0.3427399255335331,False
33,128,95,0.34270780682563784,False
54,110,56,0.3424372337758541,False
104,156,52,0.3424229994416237,False
14,147,133,0.3422907620668411,False
12,98,86,0.34225656390190123,False
58,104,46,0.3421769365668297,False
2,10,8,0.3420595146715641,False
38,147,109,0.3414927989244461,False
83,131,48,0.34043492525815966,False
115,153,38,0.340401379019022,False
36,142,106,0.340375916659832,False
12,68,56,0.3402585595846176,False
133,150,17,0.3398606896400452,False
32,48,16,0.3398091092705727,False
67,78,11,0.33973847329616547,False
107,134,27,0.33969900459051133,False
44,144,100,0.3392321810126305,False
55,114,59,0.33903974294662476,False
92,126,34,0.3386708274483681,False
1,138,137,0.33858624547719957,False
12,29,17,0.3380398482084274,False
15,49,34,0.33797565698623655,False
14,159,145,0.3378337502479553,False
30,123,93,0.3375622287392616,False
12,69,57,0.33699761927127836,False
29,126,97,0.3369761884212494,False
120,154,34,0.3368706554174423,False
77,145,68,0.3367955833673477,False
48,137,89,0.3366863265633583,False
3,9,6,0.3364620268344879,False
13,151,138,0.33631742000579834,False
88,107,19,0.336188280582428,False
66,75,9,0.33611376881599425,False
119,144,25,0.3359221965074539,False
78,152,74,0.33572098836302755,False
53,100,47,0.33561174422502515,False
24,51,27,0.3354570135474205,False
26,113,87,0.33537091314792633,False
4,49,45,0.335167920589447,False
86,108,22,0.33436129465699194,False
40,54,14,0.3343527793884277,True
113,148,35,0.3341973930597305,False
26,97,71,0.3337651610374451,False
70,117,47,0.3335792548954487,False
130,142,12,0.3331130504608154,False
36,100,64,0.3329352080821991,False
8,42,34,0.3324689507484436,False
89,155,66,0.33243856877088546,False
23,71,48,0.33242364302277566,False
110,126,16,0.33241753131151197,False
23,106,83,0.3321673393249512,False
123,159,36,0.3320339977741241,False
82,124,42,0.3317117586731911,False
4,21,17,0.3317034341394901,False
9,146,137,0.3314595643430948,False
71,83,12,0.3313414990901947,False
45,121,76,0.3312494717538357,False
41,140,99,0.33111179769039156,False
50,75,25,0.3311081320047379,False
20,27,7,0.330815427005291,False
89,110,21,0.3306672215461731,False
116,135,19,0.33060830533504487,False
66,155,89,0.3302297219634056,False
1,13,12,0.32979237735271455,False
36,146,110,0.3297151029109955,False
104,119,15,0.3286264419555664,False
16,107,91,0.32854671627283094,False
2,102,100,0.3284834176301956,False
10,149,139,0.3284041851758957,False
36,80,44,0.32811921536922456,False
2,89,87,0.32793963998556136,False
114,140,26,0.3277751535177231,False
51,58,7,0.3274861477315426,False
27,34,7,0.3274662494659424,False
32,92,60,0.3273127909749746,False
70,150,80,0.3271454930305481,False
9,24,15,0.32576383650302887,False
18,90,72,0.3257274366915226,False
100,106,6,0.3251546502113342,False
67,141,74,0.3251371830701828,False
97,148,51,0.3249620318412781,False
12,73,61,0.3248971924185753,False
36,86,50,0.32474999874830246,False
33,58,25,0.3244551792740822,False
68,94,26,0.324142187833786,False
129,154,25,0.32406230866909025,False
45,75,30,0.3239572197198868,False
93,140,47,0.3238756626844406,False
9,50,41,0.32375053912401197,False
3,152,149,0.32342311218380926,False
98,117,19,0.3230554163455963,False
14,141,127,0.32285774648189547,False
41,131,90,0.322748476266861,False
8,62,54,0.32252115160226824,False
13,117,104,0.3219658672809601,False
89,146,57,0.32183352410793303,False
19,131,112,0.3218170076608658,False
45,124,79,0.3214593827724457,False
56,117,61,0.32128299623727796,False
97,158,61,0.3209476709365845,False
1,24,23,0.3208648920059204,False
67,86,19,0.3208068758249283,False
150,159,9,0.3203225925564766,False
14,140,126,0.3202188745141029,False
37,129,92,0.3195960849523544,False
58,70,12,0.31947985142469404,False
45,112,67,0.3184450939297676,False
130,136,6,0.3181559592485428,False
91,101,10,0.31789984852075576,False
110,141,31,0.31677812337875366,False
91,131,40,0.3166876196861267,False
24,89,65,0.3166112393140793,False
39,61,22,0.31582363694906235,False
119,156,37,0.31533498466014864,False
23,69,46,0.31521346867084504,False
39,146,107,0.31499498784542085,False
118,155,37,0.3142294079065323,False
137,157,20,0.3141791373491287,False
55,88,33,0.31381109952926634,False
71,127,56,0.313809922337532,False
34,42,8,0.31327043622732165,False
3,106,103,0.31316191256046294,False
87,139,52,0.31298794522881507,False
103,150,47,0.31258219182491304,False
2,45,43,0.31239510178565977,False
117,133,16,0.3123821124434471,False
110,148,38,0.31206614673137667,False
70,84,14,0.3112979203462601,False
145,157,12,0.31100197732448576,False
58,71,13,0.31096299216151235,False
73,97,24,0.3108244851231575,False
25,76,51,0.3107744336128235,False
19,100,81,0.310600021481514,False
64,128,64,0.31047258377075193,False
20,73,53,0.3103079855442047,False
1,66,65,0.31024556010961535,False
32,130,98,0.3100335091352463,False
51,125,74,0.30937381982803347,False
33,144,111,0.3090507030487061,False
25,126,101,0.3088873133063316,False
24,38,14,0.30869636312127113,False
110,140,30,0.30859998911619185,False
20,141,121,0.3082790434360504,False
87,121,34,0.308264222741127,False
47,58,11,0.30825525522232056,False
53,134,81,0.3081409618258476,False
28,54,26,0.30788866281509397,False
10,97,87,0.3076405137777328,False
136,145,9,0.3075442612171173,False
102,122,20,0.30737937390804293,False
5,114,109,0.30709701031446457,False
5,65,60,0.30676151216030123,False
47,110,63,0.3067078709602356,False
90,132,42,0.3067058056592941,False
21,70,49,0.30615541338920593,False
4,63,59,0.3061271533370018,False
41,130,89,0.306011201441288,False
124,136,12,0.3057077653706074,False
40,134,94,0.30545241832733155,False
52,68,16,0.30500098168849943,False
48,69,21,0.30418656542897227,False
83,148,65,0.3040891826152802,False
76,142,66,0.3039185583591461,False
6,19,13,0.3038907915353775,False
72,106,34,0.3038260996341705,False
76,141,65,0.30368842631578447,False
50,73,23,0.30366291515529154,False
17,151,134,0.3036224529147148,False
126,144,18,0.30358108282089236,False
82,101,19,0.30331439673900606,False
78,132,54,0.30325978323817254,False
13,62,49,0.3023692801594734,False
59,65,6,0.30185495018959047,False
41,114,73,0.3016707569360733,False
117,135,18,0.3014644615352154,False
110,119,9,0.3004317760467529,False
32,51,19,0.30032155439257624,False
132,148,16,0.29993666186928747,False
83,136,53,0.29949615299701693,False
124,135,11,0.2988895416259766,False
85,149,64,0.2988068699836731,False
41,157,116,0.2986516796052456,False
111,154,43,0.2983267981559038,False
70,127,57,0.2978055186569691,False
98,106,8,0.29779982566833496,False
94,101,7,0.2976349413394928,False
10,143,133,0.29740033894777296,False
17,51,34,0.2973400209099054,False
2,140,138,0.29704647660255434,False
128,140,12,0.2966776564717293,False
94,139,45,0.29662665724754333,False
21,153,132,0.2965812921524048,False
10,108,98,0.2963889420032501,False
24,34,10,0.2963802248239517,False
108,146,38,0.2963497072458267,False
74,137,63,0.2961669579148293,False
11,121,110,0.29605046175420285,False
49,60,11,0.29579439461231233,False
49,65,16,0.2957271546125412,False
32,119,87,0.29569183737039567,False
52,72,20,0.29524137526750566,False
88,136,48,0.29503530710935594,False
58,158,100,0.29500613659620284,False
60,159,99,0.29490017592906953,False
47,78,31,0.29479135423898695,False
74,157,83,0.2947712868452072,False
38,59,21,0.29475230574607847,False
1,12,11,0.29463071972131727,False
19,84,65,0.29393810629844663,False
39,158,119,0.2938424527645111,False
126,136,10,0.2935954064130783,False
34,65,31,0.29341567754745485,False
37,45,8,0.2930807024240494,False
76,139,63,0.2930644452571869,False
53,157,104,0.29277036115527155,False
117,137,20,0.2925798110663891,False
63,88,25,0.2924954295158386,False
65,145,80,0.2918959092348814,False
84,150,66,0.29172574654221534,False
2,47,45,0.29158770143985746,False
7,12,5,0.29125656485557555,False
33,61,28,0.29106603264808656,False
34,122,88,0.2907640904188156,False
105,117,12,0.2905506581068039,False
47,73,26,0.29033600464463233,False
45,111,66,0.2902789741754532,False
82,109,27,0.289870648086071,False
130,144,14,0.2898599117994308,False
13,152,139,0.289779245108366,False
69,134,65,0.2897302769124508,False
26,123,97,0.2896650731563568,False
48,88,40,0.28959704041481016,False
67,152,85,0.2894985258579254,False
132,145,13,0.2894003868103027,False
37,68,31,0.2893668174743652,False
19,137,118,0.28933744728565214,False
76,129,53,0.28891524896025655,False
89,108,19,0.2888712912797928,False
86,129,43,0.288789988309145,False
62,109,47,0.2885106936097145,False
69,128,59,0.28842566162347794,False
2,84,82,0.2881696492433548,False
9,67,58,0.2881689339876175,False
125,148,23,0.28797970414161683,False
25,58,33,0.28774061650037763,False
132,144,12,0.28751162588596346,False
19,119,100,0.2874304920434952,False
9,144,135,0.28717301338911055,False
68,111,43,0.2866063714027405,False
40,47,7,0.28643055260181427,False
61,88,27,0.28642390966415404,False
71,120,49,0.286310938000679,False
8,16,8,0.28603157103061677,False
69,117,48,0.28601475059986115,False
87,156,69,0.2857984215021133,False
70,76,6,0.28579224497079847,False
48,116,68,0.28562246561050414,False
52,87,35,0.2850905954837799,False
110,156,46,0.28506729155778887,True
2,134,132,0.28485797345638275,False
47,145,98,0.2847612053155899,False
12,129,117,0.28475753739476206,False
105,131,26,0.2846934523433447,False
24,118,94,0.2842782735824585,False
4,144,140,0.28418315649032594,False
75,89,14,0.28347412683069706,False
40,157,117,0.2822925239801407,False
20,60,40,0.28220016360282896,False
119,130,11,0.28197598531842233,False
14,148,134,0.2816983416676521,False
79,101,22,0.28157812654972075,False
46,102,56,0.28155878037214277,False
37,108,71,0.2812558889389038,False
6,129,123,0.28104097247123716,False
19,141,122,0.2808499619364738,False
39,62,23,0.2806335180997849,False
119,135,16,0.2805464766919613,False
94,155,61,0.2803694061934948,False
27,152,125,0.28022182583808897,False
83,134,51,0.27960142493247986,False
37,102,65,0.27959292829036714,False
5,47,42,0.27949138954281805,False
80,134,54,0.2794512927532196,False
75,86,11,0.27945122867822647,False
18,102,84,0.2788168519735336,False
40,129,89,0.27881539762020113,False
4,97,93,0.27877690866589544,False
130,147,17,0.27862377762794494,False
140,159,19,0.27861184254288673,False
47,88,41,0.2779975950717926,False
67,120,53,0.27785820662975313,False
29,49,20,0.2776820570230484,False
71,107,36,0.27749774754047396,False
14,131,117,0.27720262110233307,False
97,133,36,0.27712463587522507,False
84,144,60,0.27686848640441897,False
2,65,63,0.2767439395189285,False
77,87,10,0.2765762940049171,False
105,140,35,0.2763638705015182,False
39,69,30,0.2761207610368729,False
47,151,104,0.2759481258690357,False
8,34,26,0.275653088092804,False
136,148,12,0.27556624785065653,False
3,129,126,0.2754729390144348,False
27,108,81,0.2752918779850006,False
26,72,46,0.2751753211021423,False
76,102,26,0.2750562660396099,False
84,105,21,0.2749411277472973,False
130,149,19,0.27412893176078795,False
13,85,72,0.2741087913513184,False
5,49,44,0.27401218116283416,False
52,98,46,0.2739788621664047,False
102,150,48,0.27295737266540526,False
71,137,66,0.27291727662086485,False
71,144,73,0.2728350780904293,False
25,149,124,0.27282267808914185,False
23,89,66,0.2727007448673248,False
87,103,16,0.27250874117016793,False
32,73,41,0.2723702982068062,False
3,131,128,0.27221169099211695,False
7,36,29,0.2714339792728424,False
16,45,29,0.2707218132913113,True
75,159,84,0.27017702758312223,False
91,128,37,0.27004703879356384,False
6,116,110,0.26985942721366885,False
16,144,128,0.2697277970612049,False
7,134,127,0.2693375274538994,False
9,86,77,0.269323468208313,False
19,123,104,0.26899545788764956,False
27,80,53,0.2683647185564041,False
70,140,70,0.2681642800569534,False
84,141,57,0.26805859208106997,False
121,155,34,0.2680196940898895,False
77,84,7,0.26800437867641447,False
8,92,84,0.26783078014850614,False
142,154,12,0.2676160380244255,False
22,152,130,0.26745041757822036,False
81,130,49,0.26744518131017686,False
99,153,54,0.26728014647960663,False
47,137,90,0.2672378707677126,False
107,130,23,0.26722241267561914,False
16,115,99,0.26689026057720183,False
18,91,73,0.26669832319021225,False
32,141,109,0.26642738431692126,False
119,151,32,0.2659504383802414,False
50,112,62,0.2658829092979431,False
130,138,8,0.26586314141750333,False
38,141,103,0.26584467142820356,False
51,72,21,0.26579627990722654,False
17,132,115,0.265612231194973,False
8,24,16,0.26532990112900734,False
86,117,31,0.2652306482195854,False
74,131,57,0.26510325223207476,False
22,124,102,0.2650028243660927,False
102,139,37,0.26485456228256227,False
50,104,54,0.264366514980793,False
17,70,53,0.2642971247434616,False
75,133,58,0.26428793370723724,False
71,143,72,0.2636750191450119,False
132,157,25,0.26362470649182795,False
89,104,15,0.26343737095594405,False
29,120,91,0.26339977905154227,False
20,140,120,0.2632657617330551,False
18,146,128,0.2632635056972504,False
13,120,107,0.26326018795371053,True
38,74,36,0.26322177350521087,False
28,138,110,0.2629770874977112,False
4,146,142,0.2627778291702271,False
145,151,6,0.2625380098819733,False
50,61,11,0.26216372549533845,False
45,66,21,0.26212221533060076,False
72,130,58,0.2620178133249283,False
36,89,53,0.26185583174228666,False
62,89,27,0.26153889298439026,False
92,110,18,0.26133171617984774,False
19,25,6,0.26121197640895844,False
67,132,65,0.26120821833610536,False
39,145,106,0.2608469806611538,False
126,131,5,0.2606185495853424,False
105,149,44,0.2601371698081493,False
99,150,51,0.2599087655544281,False
106,124,18,0.2598151832818985,False
4,12,8,0.25952518060803415,False
107,145,38,0.25939352810382843,False
32,88,56,0.25926888585090635,False
5,131,126,0.2591712802648544,False
114,155,41,0.25916020274162294,False
51,111,60,0.2587921813130379,False
23,65,42,0.2587627857923508,False
11,51,40,0.25859214216470716,False
78,133,55,0.25838050842285154,False
28,67,39,0.2582137152552605,False
13,55,42,0.2579678863286972,False
31,146,115,0.2579603597521782,False
99,123,24,0.2578472539782524,False
33,124,91,0.2575889527797699,False
3,22,19,0.25754978954792024,False
58,122,64,0.2574853368103504,False
71,142,71,0.2570683002471924,False
76,103,27,0.25664270520210264,False
48,91,43,0.25655272975564003,False
58,92,34,0.2563394006341696,False
17,131,114,0.2563363939523697,False
86,116,30,0.25627224445343016,False
17,144,127,0.2559521168470383,False
79,133,54,0.255309633910656,False
18,106,88,0.2552375540137291,False
20,69,49,0.2552273839712143,False
4,157,153,0.2550687476992607,False
60,151,91,0.2550660163164139,False
37,107,70,0.25498656928539276,False
103,148,45,0.2548148900270462,False
98,127,29,0.25463568717241286,False
16,77,61,0.2546000637114048,False
123,155,32,0.25419950783252715,False
54,73,19,0.25341089963912966,False
25,114,89,0.2533819265663624,False
4,130,126,0.25328884571790694,False
109,152,43,0.2528907582163811,False
80,152,72,0.25254531353712084,False
26,82,56,0.25252057909965514,False
3,105,102,0.2523751348257065,False
8,91,83,0.2523664742708206,False
22,75,53,0.25236481577157976,False
58,133,75,0.2522746443748474,False
4,137,133,0.25214725732803345,False
48,107,59,0.25173676311969756,False
18,62,44,0.2514452993869781,False
76,89,13,0.25141880214214324,False
13,74,61,0.25124587714672086,False
1,29,28,0.25110828727483747,False
55,137,82,0.25105686485767365,False
68,112,44,0.25067098811268806,False
46,87,41,0.2506639093160629,False
120,142,22,0.2502149358391762,False
12,21,9,0.2502032667398453,False
84,126,42,0.2499790757894516,False
80,105,25,0.24979449808597565,False
11,155,144,0.24943043291568756,False
52,133,81,0.2491436332464218,False
135,155,20,0.24836597740650176,True
60,91,31,0.24835850894451142,False
51,106,55,0.24780883491039277,False
26,64,38,0.2477621242403984,False
63,138,75,0.24765596091747283,False
113,149,36,0.2475578784942627,False
16,74,58,0.24713219031691552,False
55,109,54,0.24710308462381364,False
74,149,75,0.24707878902554511,False
4,62,58,0.2470032125711441,False
42,84,42,0.24690003618597983,False
30,106,76,0.24645648300647735,False
27,145,118,0.2464352771639824,False
114,150,36,0.2456452339887619,False
44,73,29,0.24539974480867385,False
46,68,22,0.2453657403588295,False
19,90,71,0.2453367680311203,False
98,156,58,0.24525017589330672,False
120,150,30,0.24511844292283058,False
69,105,36,0.245107239484787,False
64,129,65,0.2445954278111458,False
12,80,68,0.2445763021707535,False
25,154,129,0.2444406695663929,False
19,48,29,0.24389517307281494,False
135,143,8,0.24382271468639374,False
38,48,10,0.24350035786628724,False
26,127,101,0.24337499774992466,False
69,132,63,0.2432451695203781,False
16,116,100,0.24319895207881928,False
23,52,29,0.24305208325386046,False
89,144,55,0.24219995141029357,False
24,116,92,0.24206313192844392,False
40,150,110,0.24201389402151108,False
51,68,17,0.24191576093435288,False
5,40,35,0.24186770170927047,False
76,101,25,0.24175051152706145,False
10,47,37,0.2415670432150364,False
18,96,78,0.24156455993652343,False
13,72,59,0.24153222143650055,False
84,91,7,0.24117036610841752,False
3,153,150,0.24066114723682402,False
65,124,59,0.2406262755393982,False
75,152,77,0.2403801217675209,False
60,111,51,0.24037818610668182,False
10,24,14,0.2397820383310318,False
29,109,80,0.23976557999849318,False
5,143,138,0.23960753828287124,False
11,132,121,0.23942452520132065,False
51,90,39,0.23934515565633774,False
9,52,43,0.23923815041780472,False
81,115,34,0.2390559881925583,False
112,141,29,0.23891930431127548,False
39,45,6,0.2387787863612175,False
52,110,58,0.23864495009183884,False
41,62,21,0.23822705447673798,True
67,124,57,0.23807933032512665,False
120,144,24,0.23782695680856705,False
6,150,144,0.2377806693315506,False
117,141,24,0.2376534327864647,False
29,132,103,0.23745836168527604,False
32,124,92,0.23715778738260268,False
53,94,41,0.23705598711967468,False
42,113,71,0.23699122965335845,False
128,146,18,0.23694911748170852,False
5,17,12,0.2368726350367069,False
19,107,88,0.23652487695217134,False
60,69,9,0.23641916811466218,False
9,110,101,0.23627728521823882,False
45,76,31,0.23609900176525117,False
118,143,25,0.23602205514907837,False
19,136,117,0.23595955222845078,False
116,142,26,0.2359554313123226,False
18,137,119,0.2358582228422165,False
34,67,33,0.2351815730333328,False
116,149,33,0.2349839136004448,True
73,148,75,0.23450709879398346,False
11,143,132,0.23402296900749206,False
47,70,23,0.23388760685920715,False
30,104,74,0.23345484733581542,False
5,149,144,0.23340505361557007,False
81,127,46,0.23326979279518129,False
85,123,38,0.23321076035499572,False
17,61,44,0.2331492766737938,False
53,140,87,0.23305853009223937,False
3,65,62,0.2329590380191803,False
93,154,61,0.23263664096593856,False
60,148,88,0.2325802132487297,False
125,141,16,0.23250661343336104,False
107,114,7,0.2323025494813919,False
5,98,93,0.23229468315839769,False
48,84,36,0.23224106505513192,False
12,152,140,0.23223325461149216,False
3,139,136,0.2322099104523659,False
78,147,69,0.2320346340537071,False
64,90,26,0.23156858682632447,False
33,79,46,0.23155916035175322,False
28,71,43,0.23154679536819459,False
11,145,134,0.23151411712169648,False
30,63,33,0.23140628337860109,False
40,87,47,0.2314020127058029,False
50,155,105,0.23092009127140045,False
59,155,96,0.23080250024795532,False
61,145,84,0.23046346604824067,False
10,91,81,0.2303861767053604,False
76,83,7,0.230332550406456,False
61,76,15,0.23007092177867888,False
23,62,39,0.2294956177473068,False
67,118,51,0.22902949899435043,False
139,156,17,0.22886257171630858,False
38,125,87,0.2287210900336504,False
13,134,121,0.2283596634864807,False
130,143,13,0.22832402735948562,False
137,154,17,0.22773570716381072,True
21,88,67,0.2274794101715088,False
124,143,19,0.22716408520936965,False
75,98,23,0.22714745104312897,False
7,15,8,0.22676822543144226,False
32,103,71,0.22668070793151857,False
49,152,103,0.2265275835990906,False
21,146,125,0.2264222338795662,False
99,155,56,0.22579910904169082,False
103,133,30,0.22574656903743745,False
78,146,68,0.2257278710603714,False
36,91,55,0.22568755447864533,False
1,124,123,0.2254122644662857,False
82,138,56,0.22537649273872376,False
1,126,125,0.2253619909286499,False
72,108,36,0.22497638165950776,False
76,98,22,0.22492311298847198,False
3,78,75,0.2243366628885269,False
48,138,90,0.2242778241634369,False
30,88,58,0.22426218241453172,False
66,151,85,0.22338374629616736,False
73,106,33,0.22288101613521577,False
127,139,12,0.22287797629833223,False
55,79,24,0.22253410145640373,False
68,105,37,0.2223800614476204,False
12,122,110,0.2223374366760254,False
73,110,37,0.22221007570624352,False
67,149,82,0.22181057929992676,False
109,140,31,0.22165776640176774,False
109,133,24,0.22165749967098236,False
82,152,70,0.22163916230201722,False
12,84,72,0.2215314343571663,False
73,159,86,0.22144511044025422,False
61,70,9,0.22140759527683257,False
26,47,21,0.22116613686084746,False
75,139,64,0.22068551182746887,False
91,159,68,0.2205300211906433,False
36,135,99,0.21992209702730178,False
60,146,86,0.2198176398873329,False
75,147,72,0.2196359544992447,False
34,120,86,0.21952444948256017,False
89,118,29,0.21937109380960465,False
12,139,127,0.2192893758416176,False
91,133,42,0.21921685039997102,False
19,101,82,0.2188487768173218,False
67,148,81,0.21879201307892798,False
64,87,23,0.21820311788469554,False
40,136,96,0.21811437904834746,False
7,20,13,0.2181139826774597,True
68,115,47,0.21806696951389312,False
149,158,9,0.21789391040802003,False
72,119,47,0.21758378744125367,False
47,106,59,0.21743754744529725,False
59,119,60,0.21736491620540618,False
8,118,110,0.21718716472387314,False
56,133,77,0.21691361181437968,False
98,132,34,0.21686775013804435,False
2,80,78,0.21680358648300171,False
83,98,15,0.21669951379299163,False
73,141,68,0.2166536346077919,False
55,68,13,0.21662290245294571,False
6,108,102,0.21646867394447328,False
51,69,18,0.21640490498393775,False
65,153,88,0.21625167429447173,False
45,59,14,0.21605848520994186,False
20,137,117,0.21596715450286866,False
18,34,16,0.2157147541642189,False
23,73,50,0.2152878936380148,False
47,119,72,0.21528265476226807,False
67,125,58,0.21512669920921326,False
93,135,42,0.2151135340332985,False
53,102,49,0.2148023724555969,False
133,158,25,0.21442638337612152,True
94,150,56,0.2142993316054344,False
92,135,43,0.21411927714943885,False
83,90,7,0.21403571367263793,False
94,115,21,0.21355024874210357,False
109,156,47,0.2133659988641739,True
19,62,43,0.21328164637088776,False
6,39,33,0.21325267851352692,False
66,79,13,0.21322208493947983,False
125,149,24,0.21314908117055892,False
69,119,50,0.21289251148700714,False
64,139,75,0.2128350093960762,False
13,136,123,0.21282935738563538,False
48,140,92,0.21269751489162445,False
13,101,88,0.21259346455335618,False
3,34,31,0.21252447739243507,False
51,124,73,0.21242081820964814,False
18,76,58,0.21231141835451126,False
2,110,108,0.21216951459646224,False
4,80,76,0.2121310353279114,False
23,108,85,0.21209444105625153,False
9,112,103,0.21194255650043486,False
55,87,32,0.21191119998693467,False
120,128,8,0.21176368594169617,False
3,40,37,0.2115878462791443,False
26,91,65,0.21140061020851136,False
90,149,59,0.21109465509653091,False
34,144,110,0.21101601421833038,False
78,87,9,0.21090636104345323,False
34,84,50,0.21084398180246353,False
4,98,94,0.21080117598176001,False
3,16,13,0.21063072383403778,False
33,133,100,0.21051665991544724,False
91,132,41,0.2105164885520935,False
52,75,23,0.21046306639909745,False
19,154,135,0.21041830331087114,False
45,126,81,0.21039598286151887,False
97,108,11,0.2102806493639946,False
89,129,40,0.20999344885349275,False
11,71,60,0.20987546145915986,False
67,116,49,0.20960743427276612,False
63,111,48,0.20960531309247016,False
9,36,27,0.2095524102449417,False
28,141,113,0.2094479024410248,False
47,69,22,0.20927519202232361,False
19,146,127,0.20921176075935363,False
34,49,15,0.20911946892738342,False
88,158,70,0.2088768422603607,False
9,154,145,0.20835061147809028,False
2,129,127,0.20780682563781738,False
80,86,6,0.20755570232868195,False
31,40,9,0.20754797756671906,False
108,127,19,0.20752860307693483,False
39,65,26,0.20729585587978364,False
97,140,43,0.20722189843654631,False
66,105,39,0.20682690739631654,False
115,124,9,0.20618061125278472,False
23,118,95,0.2061765268445015,False
69,78,9,0.2058144360780716,False
10,141,131,0.20571201518177987,False
67,109,42,0.20556914806365967,False
68,83,15,0.20543225407600402,False
13,143,130,0.2052966445684433,False
75,103,28,0.2051358163356781,False
105,146,41,0.2048921249806881,False
63,87,24,0.20485859364271164,False
49,123,74,0.20478568971157074,False
6,136,130,0.2046329990029335,False
36,114,78,0.20444118976593018,False
101,140,39,0.20399381816387177,False
90,134,44,0.2036873310804367,False
105,145,40,0.2036084085702896,False
33,130,97,0.20345452278852463,False
84,146,62,0.20340242087841034,False
41,144,103,0.20329824090003967,False
17,143,126,0.20329639911651612,False
70,131,61,0.2032054215669632,False
103,147,44,0.203195521235466,False
78,89,11,0.20306626707315445,False
32,138,106,0.20298401713371278,False
29,91,62,0.2020440638065338,False
37,156,119,0.20173879563808442,False
9,34,25,0.20166846215724946,False
134,143,9,0.20148858278989792,False
68,126,58,0.20143849551677703,False
120,126,6,0.2013110935688019,False
62,67,5,0.20129490792751312,False
41,59,18,0.2012775719165802,False
30,136,106,0.20102818459272384,False
50,147,97,0.20067714527249336,False
78,145,67,0.2002555623650551,False
114,124,10,0.20000154823064803,False
121,134,13,0.19981499910354614,False
71,84,13,0.19969436749815941,False
51,141,90,0.19946496188640594,False
76,122,46,0.19940482676029206,False
93,158,65,0.19935914129018784,False
50,89,39,0.199316868185997,False
134,141,7,0.1991424635052681,False
77,118,41,0.1990604043006897,False
121,142,21,0.1987451881170273,False
29,87,58,0.19866553246974944,False
55,93,38,0.19859184622764586,False
97,106,9,0.19857509136199952,False
21,110,89,0.19853407740592957,False
19,36,17,0.19824178367853165,False
90,136,46,0.19809983372688295,False
143,152,9,0.19774912297725677,False
101,132,31,0.1974772721529007,False
60,90,30,0.19724406003952027,False
3,51,48,0.1968815505504608,False
78,98,20,0.19679599404335021,False
66,112,46,0.1967606544494629,False
3,12,9,0.1966630659997463,False
11,67,56,0.19659982472658158,False
105,148,43,0.19654580801725388,False
108,124,16,0.19619132280349733,False
113,138,25,0.19606562405824662,False
12,121,109,0.19566426277160645,False
3,36,33,0.19554561972618104,False
17,117,100,0.19510846883058547,False
10,138,128,0.19510222375392913,False
58,124,66,0.19508298709988595,False
21,99,78,0.1950346738100052,False
48,89,41,0.1945060446858406,False
127,151,24,0.19439169466495515,False
1,70,69,0.19417858719825745,False
28,57,29,0.194111405313015,False
8,75,67,0.193812495470047,False
32,117,85,0.19374672919511796,False
76,152,76,0.19371188431978226,False
3,98,95,0.19308736473321914,False
27,85,58,0.19308629930019378,False
38,44,6,0.19302931278944016,False
73,132,59,0.1929020293056965,False
49,83,34,0.19280705489218236,False
91,148,57,0.19278322905302048,False
65,119,54,0.19277119040489196,False
23,141,118,0.19271232187747955,False
29,106,77,0.19243472516536714,False
40,90,50,0.19229264557361603,False
89,147,58,0.19164014160633086,False
16,142,126,0.1916074797511101,False
78,144,66,0.1909974366426468,False
63,151,88,0.1908819254487753,False
22,87,65,0.19085781574249266,False
70,141,71,0.19072057902812958,False
45,127,82,0.18987959772348403,False
67,76,9,0.1897299438714981,False
118,148,30,0.18963560946285724,False
17,148,131,0.18963311165571212,False
135,144,9,0.18949474543333053,False
28,142,114,0.18946895152330398,False
33,91,58,0.1892901986837387,False
69,80,11,0.18920245841145517,False
65,121,56,0.18905705511569976,False
22,116,94,0.18899496793746948,False
27,73,46,0.18895063698291778,False
6,133,127,0.18851464092731476,False
13,154,141,0.18804124966263772,False
60,124,64,0.18791080191731452,False
1,104,103,0.18779753446578978,False
132,151,19,0.18777310699224473,False
10,76,66,0.18755610585212706,False
1,74,73,0.18754277676343917,False
5,41,36,0.18753864616155624,False
114,129,15,0.18749774098396302,False
7,141,134,0.18746847063302993,False
8,13,5,0.1871744453907013,True
84,143,59,0.18653366565704346,False
131,144,13,0.18629786670207976,False
107,122,15,0.18613738417625428,False
71,85,14,0.1859184741973877,False
107,139,32,0.1856691598892212,False
16,102,86,0.1856427915394306,False
29,155,126,0.18560661971569062,False
36,116,80,0.18554872274398804,False
53,67,14,0.1854390025138855,False
37,53,16,0.1854088634252548,False
80,133,53,0.1853273406624794,False
24,84,60,0.18527535498142242,False
65,120,55,0.18520467579364777,False
113,118,5,0.18505964279174805,False
4,73,69,0.18501886427402497,False
67,127,60,0.18501236885786057,False
137,144,7,0.1849352091550827,False
76,159,83,0.18493118286132812,False
3,8,5,0.1849106639623642,False
47,103,56,0.18482415676116942,False
37,110,73,0.1847940869629383,False
83,101,18,0.18461147248744963,False
80,130,50,0.18456421792507172,False
113,154,41,0.1844508707523346,True
79,144,65,0.1841131016612053,False
75,156,81,0.184091192483902,False
80,88,8,0.1840081810951233,False
51,87,36,0.18397168964147567,False
38,106,68,0.18394498899579048,False
36,82,46,0.18392462730407716,False
34,83,49,0.1838902734220028,False
56,123,67,0.18383073806762695,False
56,61,5,0.18380075991153716,False
60,141,81,0.18344779461622238,False
50,144,94,0.18340301662683486,False
140,155,15,0.18304187208414077,False
128,137,9,0.18271189779043198,False
91,120,29,0.18204582929611207,False
17,44,27,0.18181223869323732,False
1,75,74,0.18157993406057357,False
80,139,59,0.18157097697257996,False
10,157,147,0.18120603561401366,False
66,132,66,0.18119398802518843,False
65,101,36,0.18065160363912583,False
10,155,145,0.179901322722435,False
8,15,7,0.1798777997493744,False
66,87,21,0.1795006737112999,False
32,139,107,0.17937504649162292,False
54,80,26,0.1792023092508316,False
37,88,51,0.17910681664943695,False
10,90,80,0.17874518185853958,False
87,117,30,0.17872070521116257,False
39,110,71,0.17855206839740276,False
36,67,31,0.17696369886398317,False
131,157,26,0.17696364521980285,False
10,83,73,0.17691631615161896,False
110,117,7,0.17685535550117493,False
94,131,37,0.1764822334051132,False
19,32,13,0.1764390967786312,False
114,137,23,0.17634238600730895,False
34,109,75,0.17633064091205597,False
108,144,36,0.176081283390522,False
33,146,113,0.17559186071157457,False
117,142,25,0.17535485178232194,False
71,140,69,0.17507055401802063,False
76,82,6,0.17503103315830232,False
5,94,89,0.17473646402359008,True
38,96,58,0.17471219897270202,False
84,98,14,0.17447083592414855,False
25,111,86,0.17431312501430513,False
26,90,64,0.1740659862756729,False
94,110,16,0.17395448982715606,False
39,159,120,0.173948210477829,False
51,129,78,0.17391477674245834,False
35,59,24,0.17361119091510774,False
58,143,85,0.17342981249094008,False
38,157,119,0.173149374127388,False
38,116,78,0.17292272821068763,False
7,34,27,0.1722650110721588,False
45,70,25,0.17222753763198853,False
94,109,15,0.17221142128109931,False
68,102,34,0.17180689573287963,False
119,152,33,0.17172240018844603,False
42,90,48,0.171564719080925,False
12,159,147,0.17150743901729584,False
105,120,15,0.17117061465978622,False
105,128,23,0.17111549712717533,False
79,151,72,0.17104981541633607,False
23,150,127,0.1708382785320282,False
106,141,35,0.17066191732883454,False
86,134,48,0.17030122578144075,False
42,61,19,0.16995067968964578,True
60,154,94,0.1697057619690895,False
17,155,138,0.1696620523929596,False
82,114,32,0.169656839966774,False
8,59,51,0.16942212507128715,False
74,99,25,0.16940394639968873,False
8,153,145,0.169391992688179,False
51,150,99,0.16939059793949127,False
112,155,43,0.16929121166467667,True
18,152,134,0.16926221847534179,False
106,125,19,0.16878753453493117,False
19,34,15,0.16878495067358018,False
135,140,5,0.16854795217514038,False
16,84,68,0.1684727519750595,False
30,39,9,0.16812423020601272,False
100,140,40,0.16778516322374343,False
3,159,156,0.16766459941864015,False
90,120,30,0.16748489290475846,False
45,58,13,0.16723496615886688,False
34,157,123,0.16703957915306092,False
93,151,58,0.16697498559951782,False
10,112,102,0.16680220738053322,False
53,88,35,0.16642557382583617,False
16,126,110,0.16639308184385299,False
87,144,57,0.16635488867759704,False
33,80,47,0.1657391171902418,False
87,122,35,0.16563063263893127,False
66,141,75,0.1655375599861145,False
58,100,42,0.16509656906127929,False
26,126,100,0.16494232192635536,False
20,127,107,0.16490850150585173,False
86,140,54,0.16459829360246658,False
39,131,92,0.16446272432804107,False
62,140,78,0.16444375962018967,False
48,141,93,0.1640937700867653,False
12,132,120,0.16407543420791626,False
56,67,11,0.16406537145376204,False
127,138,11,0.16384974345564843,False
117,159,42,0.163467113673687,False
13,39,26,0.1633789509534836,False
4,55,51,0.16273194849491118,False
37,69,32,0.16255452036857604,False
68,73,5,0.16249731183052063,False
4,128,124,0.16219923682510853,False
114,147,33,0.16180228888988496,False
60,128,68,0.16168134808540344,False
80,137,57,0.16166508495807647,False
53,66,13,0.16165634691715242,False
14,114,100,0.1610508993268013,False
93,130,37,0.16099900081753732,False
59,148,89,0.16082898229360582,False
147,152,5,0.1607873782515526,False
55,84,29,0.16073017865419387,False
39,124,85,0.16068151742219924,False
85,97,12,0.16062506586313247,False
10,94,84,0.1602368898689747,False
47,154,107,0.16018133014440536,False
38,140,102,0.1597239702939987,False
26,49,23,0.1595654159784317,False
3,134,131,0.15913592875003815,False
48,117,69,0.15875515714287758,False
77,86,9,0.15872759819030763,False
54,94,40,0.1586018532514572,False
8,94,86,0.15820970386266708,False
92,144,52,0.15819643512368203,False
25,69,44,0.15808325111865998,False
92,128,36,0.1580126080662012,False
16,60,44,0.15788948386907578,False
62,76,14,0.1577683284878731,True
66,147,81,0.15757570266723633,False
76,144,68,0.1575679063796997,False
118,131,13,0.15752513706684113,False
32,135,103,0.15752097517251967,False
11,69,58,0.15740943551063538,False
49,90,41,0.15732228457927705,False
30,138,108,0.15718562602996827,False
53,87,34,0.15689695477485657,False
100,128,28,0.1568728730082512,False
22,32,10,0.15681378096342086,False
134,146,12,0.156452015042305,False
3,79,76,0.15639939904212952,False
32,150,118,0.1562102258205414,False
23,88,65,0.15618498325347902,False
104,140,36,0.15616534203290938,False
8,99,91,0.15610613971948623,False
68,148,80,0.15602421760559082,False
84,102,18,0.15597698986530303,False
109,147,38,0.15563126653432846,False
45,72,27,0.15551381111145018,False
25,36,11,0.15534353721886873,False
23,143,120,0.15529247894883155,False
13,105,92,0.1552836537361145,False
30,154,124,0.15525060892105103,False
52,109,57,0.15524306893348694,False
17,38,21,0.15514461249113082,False
19,47,28,0.15510356575250625,False
45,110,65,0.15499385744333266,False
128,133,5,0.15498448610305787,True
116,127,11,0.15496434569358825,False
41,90,49,0.15492758005857468,False
47,80,33,0.15482695698738097,False
61,155,94,0.1547549396753311,False
32,82,50,0.15456475913524628,False
38,62,24,0.15443715900182725,False
65,94,29,0.15439251363277434,False
1,53,52,0.15437591224908828,False
40,91,51,0.1542457863688469,False
40,51,11,0.15408114194869996,False
26,46,20,0.1539379060268402,False
97,117,20,0.1538425788283348,False
9,19,10,0.1526229500770569,False
129,137,8,0.15244991183280945,False
19,157,138,0.15221102237701417,False
77,106,29,0.15219108983874322,False
16,63,47,0.15208476707339286,False
106,157,51,0.15172938853502274,False
90,148,58,0.15166692137718202,False
59,78,19,0.15159814357757567,False
116,145,29,0.15130039751529695,False
10,146,136,0.15120723396539687,False
54,101,47,0.15108908265829085,False
51,133,82,0.15097685158252716,False
125,143,18,0.15085198879241943,False
73,115,42,0.1507441893219948,False
49,117,68,0.15073026716709137,False
16,33,17,0.15072907507419586,False
131,148,17,0.15021965727210046,False
23,91,68,0.1501542955636978,False
51,62,11,0.1499747321009636,False
68,93,25,0.14987883865833282,False
62,116,54,0.14982584714889527,False
7,109,102,0.14981480389833451,False
56,146,90,0.14976470470428466,False
68,120,52,0.14967505782842636,False
92,100,8,0.1495621308684349,False
31,110,79,0.14946080893278121,False
47,68,21,0.14943802654743193,False
41,112,71,0.14915473461151124,False
60,70,10,0.14892489314079285,False
4,142,138,0.1487843722105026,False
50,158,108,0.14875856637954712,False
108,118,10,0.14871166944503783,False
61,143,82,0.14850443005561828,False
23,127,104,0.14846675246953964,False
90,143,53,0.14824310541152955,False
88,153,65,0.1482291117310524,False
25,47,22,0.14636081755161284,False
22,39,17,0.14632197916507722,False
24,143,119,0.1462354466319084,False
55,136,81,0.14623390808701514,False
29,73,44,0.1458589553833008,False
119,154,35,0.14584836810827256,False
13,118,105,0.14516754150390626,False
134,142,8,0.14505203515291215,False
18,114,96,0.1450281947851181,False
37,138,101,0.14490479230880737,False
53,68,15,0.14487017840147018,False
30,90,60,0.14481062293052674,False
97,111,14,0.1446705788373947,False
17,31,14,0.14441377967596053,False
67,105,38,0.14436998963356018,False
8,117,109,0.1443651407957077,False
15,51,36,0.1443039208650589,False
117,154,37,0.1438965231180191,False
85,104,19,0.14386112093925477,False
10,32,22,0.14383361265063285,False
69,121,52,0.14359851479530333,False
12,65,53,0.14330802112817764,False
26,116,90,0.14329611212015153,False
33,135,102,0.14318357557058334,False
3,25,22,0.14284730926156045,False
107,155,48,0.14261336252093315,False
34,72,38,0.1424304485321045,False
26,42,16,0.14116444289684296,False
132,152,20,0.1408531315624714,False
18,120,102,0.1408013105392456,False
66,144,78,0.14071133136749267,False
123,143,20,0.1407024919986725,False
128,144,16,0.1403273344039917,False
37,66,29,0.13980234265327454,False
9,90,81,0.13888026773929596,False
61,150,89,0.13878656178712845,False
116,123,7,0.13866159021854402,False
37,85,48,0.1386360466480255,False
98,128,30,0.13847480714321136,False
44,86,42,0.13835632428526878,False
51,140,89,0.138332861661911,False
79,110,31,0.13829579055309296,False
105,112,7,0.1378308616578579,False
33,119,86,0.1377733528614044,False
29,101,72,0.13730888962745666,False
17,65,48,0.13717118501663209,False
38,81,43,0.13716265186667442,False
52,156,104,0.137027245759964,False
13,133,120,0.13699755668640137,False
68,106,38,0.1369337797164917,False
76,134,58,0.13679227307438852,False
10,89,79,0.13678113073110582,False
69,157,88,0.13677126839756965,False
13,159,146,0.13663073033094406,False
50,159,109,0.13662156611680984,False
130,141,11,0.13596035838127135,False
77,101,24,0.13584620654582977,False
117,145,28,0.1358040004968643,False
9,45,36,0.13579755574464797,False
38,148,110,0.13552216738462447,False
66,148,82,0.13545830249786378,False
132,154,22,0.1354566991329193,False
53,97,44,0.13529576659202575,False
40,125,85,0.13499280214309692,False
21,60,39,0.13474995791912078,False
65,88,23,0.13465278148651122,False
9,87,78,0.13463869020342828,False
83,120,37,0.13457614183425903,False
8,68,60,0.13453703820705415,False
12,111,99,0.13435134589672088,False
48,87,39,0.13398742377758027,False
143,156,13,0.13374524787068368,False
18,67,49,0.13360902965068816,False
65,155,90,0.13344968147575856,False
128,138,10,0.13342187665402888,False
131,153,22,0.13332045525312425,False
117,124,7,0.1333107143640518,False
50,107,57,0.13293858543038367,False
47,85,38,0.1328240931034088,False
61,137,76,0.13258324712514877,False
75,121,46,0.13247767835855484,False
36,134,98,0.13235725238919258,False
115,147,32,0.13212790191173554,False
131,150,19,0.13208836391568185,False
137,142,5,0.13181164264678955,False
8,74,66,0.13177406489849092,False
4,123,119,0.13174328356981277,False
65,149,84,0.13161158561706543,False
38,112,74,0.1313170701265335,False
13,116,103,0.1312806699424982,False
4,156,152,0.13122327625751495,False
82,149,67,0.13098211139440535,False
84,106,22,0.13089542090892792,False
50,70,20,0.13044193089008332,False
16,47,31,0.1302546441555023,False
79,158,79,0.12988263368606567,False
3,100,97,0.12979230880737305,False
7,145,138,0.12966129332780837,False
26,83,57,0.12944205477833748,False
6,38,32,0.12919579446315765,False
85,154,69,0.12903720736503602,False
32,75,43,0.12890906929969786,False
19,66,47,0.12860852032899855,False
128,155,27,0.1284881852567196,False
121,149,28,0.12838923335075378,False
80,127,47,0.12820980250835418,False
67,131,64,0.128160360455513,False
37,116,79,0.12790197134017944,False
3,82,79,0.12783662378787994,False
3,33,30,0.12757444232702256,False
61,138,77,0.12740614712238313,False
88,124,36,0.12736752331256868,False
89,122,33,0.1273174002766609,False
128,145,17,0.12729704305529593,False
87,111,24,0.1271975763142109,False
3,56,53,0.12703498154878617,False
66,140,74,0.12678829059004784,False
61,98,37,0.12643036842346192,False
33,155,122,0.12629250288009644,False
52,137,85,0.12628776282072068,False
104,143,39,0.1262645110487938,False
106,111,5,0.12623995169997215,False
90,118,28,0.1260598212480545,False
45,153,108,0.12604521960020065,False
112,139,27,0.1258906215429306,False
51,71,20,0.12585666477680207,False
79,97,18,0.12577647864818572,False
29,83,54,0.12512305974960328,False
112,117,5,0.12470037043094635,False
83,126,43,0.12460948079824448,False
85,159,74,0.12456164211034775,False
66,71,5,0.12417533546686173,False
62,105,43,0.12412914484739304,False
85,109,24,0.12407195419073105,False
69,112,43,0.12405866831541061,False
138,156,18,0.12390620857477189,False
52,123,71,0.1237156182527542,False
8,86,78,0.123469178378582,False
103,146,43,0.12286198232322931,False
4,141,137,0.12256447672843933,False
81,154,73,0.1224745512008667,False
18,108,90,0.12222985327243804,False
25,152,127,0.12213686406612397,False
55,151,96,0.12194244861602783,False
147,154,7,0.12182201445102692,False
3,10,7,0.12179654613137245,False
56,80,24,0.12179514765739441,False
89,145,56,0.12172849476337433,False
133,142,9,0.1215309515595436,False
83,100,17,0.1211378425359726,False
20,74,54,0.12103835344314576,False
83,150,67,0.12089920192956924,False
68,159,91,0.1204474002122879,False
126,138,12,0.12026406228542327,False
73,158,85,0.12012250274419785,False
110,135,25,0.1198101669549942,False
104,127,23,0.11951459497213364,False
68,86,18,0.11913701891899109,False
10,135,125,0.11908021122217179,False
66,119,53,0.1190190464258194,False
116,121,5,0.11875415444374085,False
51,70,19,0.11848066076636314,False
51,155,104,0.1183206595480442,False
78,112,34,0.11820458173751831,False
100,139,39,0.11803789734840393,False
127,133,6,0.11802405714988709,False
1,18,17,0.11770873963832855,False
29,102,73,0.11756269484758378,False
102,137,35,0.11726179420948028,False
28,75,47,0.11722518801689148,False
3,52,49,0.11712588891386985,False
80,85,5,0.11711172461509704,False
8,66,58,0.11711042076349258,False
69,109,40,0.11644907891750336,False
109,131,22,0.1163731873035431,False
120,139,19,0.11624916046857833,False
70,89,19,0.11613276898860932,False
50,154,104,0.11590292975306511,False
30,159,129,0.11572170853614808,False
6,69,63,0.11568767130374909,False
39,74,35,0.11557955294847488,False
26,155,129,0.11520240902900696,False
111,119,8,0.11516161039471626,False
90,126,36,0.11511072516441345,False
19,126,107,0.11427810192108154,False
35,112,77,0.11412597298622132,False
3,87,84,0.11381909847259522,False
88,142,54,0.11371785253286362,False
18,79,61,0.11343913078308106,False
62,142,80,0.11323525309562683,False
75,108,33,0.11313580423593521,False
44,155,111,0.11289786100387574,False
38,60,22,0.11288502439856529,False
12,24,12,0.1128832995891571,False
32,148,116,0.11284556463360787,False
77,157,80,0.11282925754785537,False
16,147,131,0.11238935589790344,False
5,123,118,0.11236323788762093,False
49,129,80,0.11227117478847504,False
4,153,149,0.11223475188016892,False
3,64,61,0.11222827434539795,False
126,150,24,0.11210958361625671,False
83,142,59,0.11132491976022721,False
123,135,12,0.11120225414633751,False
69,108,39,0.11078152060508728,False
3,19,16,0.11047259569168091,False
103,115,12,0.11021247655153274,False
75,114,39,0.11020924746990204,False
67,90,23,0.11016862094402313,False
9,65,56,0.11014799624681473,False
68,90,22,0.1100035399198532,False
103,110,7,0.11000228822231292,False
26,74,48,0.10998632311820984,False
61,66,5,0.10978486537933349,False
23,114,91,0.10977068394422532,False
86,156,70,0.10973266810178757,False
74,120,46,0.1095733404159546,False
39,67,28,0.10949965119361878,False
1,77,76,0.10942603349685669,False
80,157,77,0.10907503366470336,False
73,149,76,0.10903391614556313,False
124,137,13,0.10894413888454438,False
6,152,146,0.10892502814531327,False
101,131,30,0.10888146758079528,False
13,71,58,0.10817340463399887,False
40,65,25,0.10796696525067091,False
58,99,41,0.10794518366456032,False
82,105,23,0.1076662927865982,False
53,110,57,0.10758118927478791,False
81,98,17,0.10754792094230652,False
92,104,12,0.10751263536512852,False
1,144,143,0.10720657482743264,False
133,155,22,0.10691828429698944,False
130,158,28,0.10691706687211991,False
77,124,47,0.10684127509593963,False
3,29,26,0.10649259388446808,False
34,45,11,0.10613874047994613,False
66,99,33,0.105839803814888,False
45,120,75,0.10566392242908478,False
20,150,130,0.10550622940063477,False
28,136,108,0.10544428825378419,False
124,156,32,0.10541340857744216,False
34,77,43,0.10443468987941742,False
132,139,7,0.10438506901264191,False
62,130,68,0.1042209506034851,False
85,98,13,0.10408316254615783,False
70,85,15,0.10365433841943741,False
28,35,7,0.10340706706047058,False
124,130,6,0.10335681959986687,False
3,136,133,0.10329416934400797,False
112,146,34,0.1032622992992401,False
34,154,120,0.10311162695288659,False
89,141,52,0.10291951000690461,False
41,58,17,0.10282490253448487,False
10,137,127,0.10280136987566948,False
10,34,24,0.10275570675730705,False
6,67,61,0.10272985547780991,False
108,132,24,0.10259852409362794,False
76,125,49,0.10251380205154419,False
90,145,55,0.10245169922709466,False
11,60,49,0.10235198438167573,False
38,79,41,0.10231256186962127,False
17,118,101,0.10190320909023284,False
61,142,81,0.10185602605342865,False
110,154,44,0.10174086391925811,True
39,107,68,0.10167841017246246,False
85,147,62,0.10163699090480804,False
56,144,88,0.10128146111965179,False
11,34,23,0.10121095776557923,False
30,35,5,0.10108266174793243,False
16,86,70,0.10103973271325231,False
80,118,38,0.1002671904861927,False
21,81,60,0.10000898689031601,False
40,148,108,0.10000340044498443,False
1,34,33,0.09999138712882996,False
38,105,67,0.09988686740398407,False
91,109,18,0.09967918172478676,False
20,116,96,0.09963752776384353,False
31,102,71,0.0996374949812889,False
97,155,58,0.09932714700698853,False
103,137,34,0.0991317443549633,False
73,117,44,0.09883909672498703,False
77,137,60,0.09862151220440865,False
53,137,84,0.0985581636428833,False
92,146,54,0.0984782874584198,False
51,114,63,0.09836472272872925,False
34,74,40,0.09830567091703415,False
86,109,23,0.09817280620336533,False
66,136,70,0.09768409729003906,False
114,151,37,0.09765580967068672,True
49,68,19,0.09753119796514512,False
25,101,76,0.09707601517438888,False
87,108,21,0.09702458679676056,False
79,111,32,0.09691276550292968,False
121,151,30,0.09683523178100586,False
58,157,99,0.09681148827075958,False
17,55,38,0.09680328965187072,False
67,79,12,0.09680275097489358,False
123,147,24,0.09664998427033425,False
143,159,16,0.09585023522377015,False
85,90,5,0.09577524662017822,False
50,84,34,0.09564088732004165,False
130,153,23,0.09414689540863037,False
87,101,14,0.09411509186029435,False
139,148,9,0.0939488597214222,False
116,154,38,0.09390217810869217,False
13,30,17,0.09360399097204208,False
128,149,21,0.09340708814561367,False
78,150,72,0.09251047000288963,False
92,129,37,0.09241964817047119,False
10,154,144,0.09235973358154297,False
81,118,37,0.0921542227268219,False
92,145,53,0.09160284101963043,False
56,73,17,0.09148373454809189,False
132,155,23,0.09142455756664276,False
110,129,19,0.09130635410547257,False
60,89,29,0.09081568568944931,False
39,53,14,0.09066294133663177,False
36,47,11,0.09051161892712116,False
23,55,32,0.09022411704063416,False
50,116,66,0.08917529881000519,False
5,76,71,0.08912235274910926,False
14,101,87,0.08876466155052185,False
84,123,39,0.08866512775421143,False
23,122,99,0.0882085144519806,False
94,125,31,0.08800172433257103,False
39,93,54,0.08790574967861176,False
60,105,45,0.08787826597690582,False
131,145,14,0.08781716525554657,False
130,150,20,0.08774414360523224,False
16,67,51,0.08748383522033691,False
51,75,24,0.08726698011159897,False
116,147,31,0.08714570552110672,False
141,158,17,0.08703373372554779,False
36,51,15,0.08693066760897636,False
58,74,16,0.08677025288343429,False
27,32,5,0.08670039176940918,False
33,90,57,0.08650850877165794,False
32,134,102,0.08647976815700531,False
101,111,10,0.08647322952747345,False
89,116,27,0.0860175222158432,False
75,111,36,0.08599716871976852,False
51,80,29,0.08591427877545357,False
13,20,7,0.08588273227214813,False
105,110,5,0.085792875289917,False
89,132,43,0.08536057025194169,False
43,154,111,0.08534765839576722,False
65,72,7,0.08507910668849945,False
16,71,55,0.08502098470926285,False
120,141,21,0.08480255603790283,False
31,108,77,0.08467607200145721,False
71,78,7,0.08428540527820587,False
18,72,54,0.08421798348426819,False
108,135,27,0.08419661819934846,False
11,123,112,0.0841038852930069,False
85,92,7,0.08408542722463608,False
23,123,100,0.0840401977300644,False
10,140,130,0.0839485302567482,False
19,148,129,0.0838924914598465,False
15,138,123,0.0837531954050064,False
84,118,34,0.08359272181987762,False
123,145,22,0.08356279134750366,False
65,73,8,0.08285482674837112,False
79,84,5,0.08284889161586761,False
65,139,74,0.08251811861991883,False
52,125,73,0.0824215903878212,False
29,52,23,0.08234338760375977,False
3,11,8,0.08216550946235657,False
35,133,98,0.08200127184391022,False
114,145,31,0.08188450336456299,False
77,127,50,0.08187257573008537,False
80,115,35,0.0817415952682495,False
12,153,141,0.0816853791475296,False
112,136,24,0.0816472128033638,False
47,75,28,0.08163347244262695,False
3,35,32,0.08159446120262145,False
112,148,36,0.08150819838047027,False
20,81,61,0.08114282488822937,False
6,53,47,0.08097498416900635,False
12,56,44,0.08090179562568664,False
41,48,7,0.08084653317928314,False
13,125,112,0.0808038018643856,False
39,72,33,0.08075921833515168,False
73,152,79,0.08071914091706275,False
42,114,72,0.08031167387962342,False
143,157,14,0.08028249591588973,False
101,147,46,0.0802716076374054,False
23,111,88,0.08017901629209519,False
12,103,91,0.07982942461967468,False
78,139,61,0.07960970848798751,False
51,102,51,0.07895652651786804,False
49,85,36,0.078874471783638,False
50,90,40,0.07883923500776291,False
33,66,33,0.07859227955341339,False
12,102,90,0.07857217378914357,False
104,154,50,0.07856184765696525,False
30,83,53,0.07853130996227264,False
103,112,9,0.07846761792898178,False
5,137,132,0.0784105971455574,False
13,23,10,0.07809461951255799,False
84,136,52,0.07807801067829132,False
77,142,65,0.07805478274822235,False
62,108,46,0.07804754972457886,False
27,130,103,0.0779562771320343,False
36,144,108,0.07790975421667098,False
38,120,82,0.07711840569972991,False
64,148,84,0.07666401267051696,False
117,134,17,0.07662828862667084,False
78,104,26,0.07659359276294708,False
116,129,13,0.07654312551021576,False
39,111,72,0.07646009922027588,False
10,20,10,0.07643021047115325,False
23,158,135,0.07611504048109055,False
11,157,146,0.07604196965694428,False
3,154,151,0.07563353925943375,False
44,99,55,0.07541437149047851,False
71,87,16,0.0753921166062355,False
13,29,16,0.0753247618675232,False
108,131,23,0.07524456977844238,False
18,60,42,0.07514137327671051,False
22,58,36,0.07488999664783477,False
73,123,50,0.07477350234985351,False
29,111,82,0.07412934005260467,False
92,148,56,0.07398754805326462,False
26,103,77,0.07394445836544036,False
64,88,24,0.0737133726477623,False
52,70,18,0.07365638613700867,False
124,131,7,0.07363066971302032,False
60,87,27,0.07360792607069015,False
3,26,23,0.07351424098014832,False
30,157,127,0.07336211502552033,False
11,128,117,0.07324611842632293,False
11,144,133,0.07294593155384063,False
1,140,139,0.07248320579528808,False
25,136,111,0.0723707914352417,False
24,71,47,0.07223252430558205,False
70,88,18,0.07199618816375733,False
64,82,18,0.07198723256587983,False
56,128,72,0.07164930328726768,False
4,124,120,0.07149088233709336,False
69,140,71,0.07139938175678254,False
42,85,43,0.07099547982215881,False
65,115,50,0.07062138617038727,False
41,106,65,0.07036239355802536,False
63,79,16,0.07035883516073227,False
10,48,38,0.07031788378953933,False
121,146,25,0.07028872072696686,False
77,147,70,0.0694962352514267,False
12,150,138,0.06944186389446258,False
83,145,62,0.06928837895393372,False
58,76,18,0.06922567039728164,False
72,87,15,0.06913182735443116,False
66,73,7,0.06899347752332688,False
38,129,91,0.06881897151470184,False
46,153,107,0.06877482235431671,False
98,109,11,0.06862113475799561,False
8,84,76,0.06860055476427078,False
16,117,101,0.06836200430989266,False
119,126,7,0.06825552731752396,False
73,109,36,0.06780115813016892,False
109,144,35,0.06759364232420921,False
33,134,101,0.06755291521549225,False
106,122,16,0.0674787238240242,False
75,136,61,0.06737349778413773,False
66,80,14,0.0667982503771782,False
91,155,64,0.06663520410656928,False
83,89,6,0.06658580005168915,False
68,144,76,0.06650159060955048,False
6,156,150,0.0664469614624977,False
32,39,7,0.06641297340393067,False
52,71,19,0.06621539145708084,False
70,158,88,0.06608887314796448,False
8,85,77,0.06585397422313691,False
13,28,15,0.06584933772683144,False
66,131,65,0.065716090798378,False
51,98,47,0.06571197509765625,False
13,87,74,0.06563652455806732,False
84,100,16,0.06563146710395813,False
2,66,64,0.06560663878917694,False
104,150,46,0.06548582017421722,False
33,149,116,0.06535831093788147,False
75,100,25,0.06527597308158875,False
90,106,16,0.06520033925771714,False
82,116,34,0.06508772671222687,False
107,121,14,0.06499067842960357,False
60,133,73,0.06496239304542542,False
2,150,148,0.06490989327430725,False
10,28,18,0.06483555436134339,False
15,102,87,0.06481989920139312,False
140,156,16,0.06480525061488152,False
109,151,42,0.06476231664419174,False
58,152,94,0.06458117812871933,False
74,159,85,0.06452896296977997,False
149,154,5,0.06447851210832596,False
33,98,65,0.06446290016174316,False
17,130,113,0.06443491876125336,False
42,73,31,0.06422165185213088,False
84,127,43,0.06399577409029007,False
6,124,118,0.063618965446949,False
69,144,75,0.0633870542049408,False
2,69,67,0.06305889189243316,False
26,135,109,0.06301550418138505,False
75,120,45,0.06301531493663788,False
119,155,36,0.06269198507070542,False
12,149,137,0.06265689283609391,False
25,57,32,0.06254910528659821,False
8,139,131,0.06243273764848709,False
28,116,88,0.062202426791191104,False
12,96,84,0.06199137270450592,False
114,144,30,0.061705192923545836,False
85,114,29,0.06137202084064484,False
3,45,42,0.06119040921330452,False
20,39,19,0.061179160699248315,False
39,94,55,0.06109887063503265,False
7,138,131,0.06102116405963898,False
119,131,12,0.060940288752317426,False
8,83,75,0.06091735512018204,False
38,73,35,0.060784808546304706,False
98,154,56,0.06065274626016617,False
5,71,66,0.06053117960691452,False
111,122,11,0.05988111346960068,False
39,157,118,0.05981267467141151,False
106,152,46,0.059722039103508,False
29,112,83,0.05944296717643738,False
6,155,149,0.05932114720344543,False
79,105,26,0.05912895947694778,False
99,152,53,0.058996863663196564,False
90,142,52,0.05839921683073044,False
67,80,13,0.05838281363248825,False
9,104,95,0.05833366215229034,False
9,32,23,0.05811487436294556,False
90,131,41,0.057924815267324445,False
4,112,108,0.05763460993766785,False
53,121,68,0.05762267857789993,False
41,78,37,0.057566802203655246,False
56,79,23,0.05752919316291809,False
1,82,81,0.05747225135564804,False
47,157,110,0.05730952471494675,False
10,110,100,0.05727172344923019,False
24,70,46,0.05721678510308266,False
24,103,79,0.05715654790401459,False
36,69,33,0.05672836899757385,False
88,149,61,0.05667801797389984,False
16,59,43,0.056492222100496294,False
77,140,63,0.05648808926343918,False
131,155,24,0.05641517490148544,False
51,127,76,0.05618295073509216,False
19,40,21,0.056160783767700194,False
71,157,86,0.05604153163731098,False
74,125,51,0.05575948059558868,False
64,83,19,0.05538717806339264,False
18,111,93,0.0553285077214241,False
58,101,43,0.05519232153892517,False
56,92,36,0.05501299798488617,False
36,101,65,0.05491028353571892,False
21,72,51,0.05448589846491814,False
102,107,5,0.05437160059809685,False
55,148,93,0.054253125190734865,False
106,121,15,0.05423571541905403,False
9,55,46,0.053913766890764235,False
4,116,112,0.05377754271030426,False
68,140,72,0.05373700857162476,False
29,115,86,0.05337802022695541,False
82,132,50,0.053377023339271544,False
62,75,13,0.0532269187271595,True
60,78,18,0.05319973528385162,False
20,154,134,0.05307850018143654,False
89,100,11,0.05287521034479141,False
28,111,83,0.052719447016716006,False
10,87,77,0.052695664763450625,False
126,157,31,0.05238455682992935,False
63,123,60,0.05235010981559753,False
8,151,143,0.052114513516426084,False
28,105,77,0.05204899162054062,False
87,149,62,0.05155535638332367,False
24,90,66,0.05153142809867859,False
9,107,98,0.05135077685117721,False
91,106,15,0.051262305676937105,False
3,114,111,0.051250141113996506,False
27,143,116,0.051141247153282166,False
10,23,13,0.050975650548934937,False
66,109,43,0.05076029151678085,False
3,58,55,0.050694717466831206,False
143,153,10,0.05053219348192215,False
69,147,78,0.050374184548854825,False
36,132,96,0.050354930013418196,False
11,33,22,0.05030510500073433,False
51,117,66,0.05000622868537903,False
12,109,97,0.049823707342147826,False
53,130,77,0.049463695287704466,False
45,142,97,0.04945787861943245,False
58,142,84,0.04933511018753052,False
68,124,56,0.04919029772281647,False
32,40,8,0.0491487979888916,False
120,152,32,0.04899751618504524,False
45,143,98,0.048959949612617494,False
112,126,14,0.04887679144740105,False
37,72,35,0.048758012056350705,False
124,152,28,0.04838050976395607,False
30,125,95,0.04801942929625511,False
42,97,55,0.0478845089673996,False
75,119,44,0.04785538017749787,False
25,92,67,0.04775480926036835,False
20,124,104,0.04763210117816925,False
73,101,28,0.04749371074140072,False
9,31,22,0.047483837604522704,False
37,130,93,0.04740133062005043,False
116,139,23,0.04723486006259918,False
13,107,94,0.04701819568872452,False
33,70,37,0.04688994735479355,False
64,97,33,0.04658098816871643,False
37,84,47,0.046469667553901674,False
108,123,15,0.046266299486160276,False
36,64,28,0.046160393953323366,False
10,65,55,0.045995484292507174,False
8,138,130,0.04548794627189636,False
8,48,40,0.04541830122470856,False
16,46,30,0.04505090862512588,False
102,141,39,0.0450372789055109,False
35,40,5,0.044626861810684204,True
70,83,13,0.04453372061252594,False
58,77,19,0.0444355309009552,False
65,136,71,0.04404547363519669,False
25,141,116,0.044015850871801376,False
10,81,71,0.043701004981994626,False
116,136,20,0.04346854016184807,False
125,133,8,0.04321039170026779,False
28,58,30,0.04300501048564911,False
36,119,83,0.04299230724573135,False
25,65,40,0.04281196445226669,False
18,78,60,0.042186629772186277,False
67,142,75,0.04206419289112091,False
76,109,33,0.041319213807582855,False
31,154,123,0.0412661075592041,False
65,75,10,0.041193431615829466,False
11,24,13,0.040992471575737,False
66,111,45,0.040767690539360045,False
67,115,48,0.040714089572429654,False
56,100,44,0.04068519324064255,False
78,117,39,0.040662406384944914,False
23,37,14,0.04057202935218811,False
60,97,37,0.040560781955718994,False
76,156,80,0.04051034450531006,False
16,155,139,0.040446138381958006,False
3,158,155,0.04028912335634231,False
18,92,74,0.040225079655647276,False
47,90,43,0.03992733433842659,False
124,138,14,0.03990720808506012,False
41,149,108,0.039798042923212054,False
63,148,85,0.03979683369398117,False
33,51,18,0.03944166898727417,False
81,157,76,0.03935706242918968,False
28,145,117,0.03925936222076416,False
40,104,64,0.03923075795173645,False
149,157,8,0.03918264359235764,False
106,119,13,0.038967274874448773,False
63,114,51,0.03825089260935784,False
26,80,54,0.03794307187199593,False
47,87,40,0.03746516108512878,False
100,131,31,0.03734701722860336,False
24,76,52,0.03730392083525658,False
67,126,59,0.03688309639692307,False
2,34,32,0.03674642741680145,False
14,128,114,0.036745396256446836,False
69,76,7,0.03668356984853745,False
27,128,101,0.036467981338500974,False
62,85,23,0.036302202939987184,False
66,88,22,0.03617312461137771,False
33,141,108,0.036068585515022275,False
11,40,29,0.036064678058028224,False
47,132,85,0.035937005281448366,False
72,114,42,0.03573625683784485,False
10,71,61,0.035723716020584106,False
11,88,77,0.035599297285079955,False
89,124,35,0.035566219314932826,False
74,119,45,0.0350739449262619,False
52,66,14,0.03498488664627075,False
88,129,41,0.034950890392065045,False
12,22,10,0.034935712814331055,False
71,116,45,0.03473716899752617,False
14,111,97,0.03423145562410355,False
110,118,8,0.03421693444252014,False
52,128,76,0.03407790064811707,False
58,126,68,0.03389976993203163,False
5,66,61,0.03383183181285858,False
68,123,55,0.0335465744137764,False
72,146,74,0.0333529144525528,False
3,119,116,0.03308488726615906,False
8,88,80,0.03283951580524445,False
111,143,32,0.032811359874904154,False
39,147,108,0.032559214532375334,False
26,120,94,0.0324029341340065,False
11,58,47,0.03220593333244324,False
77,94,17,0.03213182687759399,False
30,45,15,0.03181140869855881,False
29,129,100,0.03172278180718422,False
74,106,32,0.03130948394536972,False
58,159,101,0.0312346875667572,False
2,39,37,0.030649495124816895,False
4,58,54,0.030480071157217025,False
4,140,136,0.030410802364349364,False
26,78,52,0.0303384967148304,False
1,78,77,0.03027600347995758,False
147,157,10,0.03026292771100998,False
110,138,28,0.030260655283927917,False
76,120,44,0.03024827837944031,False
38,154,116,0.030138245224952696,False
26,114,88,0.030133596062660216,False
7,117,110,0.030098271369934083,False
104,144,40,0.02966945618391037,False
9,109,100,0.029104596376419066,False
33,154,121,0.028904995322227477,False
68,135,67,0.02863304764032364,False
65,143,78,0.028566591441631317,False
8,155,147,0.02848079949617386,False
52,85,33,0.028442469984292985,False
26,84,58,0.028419509530067444,False
136,151,15,0.028380340337753295,False
46,51,5,0.028196507692337038,False
98,147,49,0.028176015615463255,False
17,69,52,0.028037220239639282,False
47,54,7,0.027885576337575914,False
27,150,123,0.02773928493261337,False
31,142,111,0.02769898623228073,False
67,99,32,0.02744363099336624,False
90,146,56,0.027365561574697495,False
41,145,104,0.027288563549518585,False
30,64,34,0.0272476926445961,False
1,128,127,0.02704773247241974,False
6,131,125,0.026752957701683046,False
34,93,59,0.02625601813197136,False
23,63,40,0.025508588552474974,False
110,146,36,0.025421126186847685,False
5,130,125,0.025364914536476137,False
16,69,53,0.025312528014183044,False
131,138,7,0.025144529342651368,False
13,128,115,0.025065307319164277,False
69,127,58,0.02504063993692398,False
32,133,101,0.024872851371765137,False
34,105,71,0.024871538579463958,False
67,129,62,0.024853941798210145,False
58,139,81,0.024727222323417664,False
86,139,53,0.02422056794166565,False
57,105,48,0.024158963561058046,False
83,118,35,0.023848945274949074,False
81,135,54,0.023791807889938354,False
28,156,128,0.023715120553970338,False
71,114,43,0.023144811391830444,False
39,83,44,0.02312890887260437,False
74,140,66,0.02305018901824951,False
114,149,35,0.023046940006315707,False
29,84,55,0.022927829623222352,False
34,87,53,0.02275153696537018,False
34,116,82,0.022742921113967897,False
68,89,21,0.022556567192077638,False
102,114,12,0.021992315351963044,False
124,157,33,0.02134263813495636,False
23,112,89,0.021206030249595643,False
11,137,126,0.021202026307582854,False
102,108,6,0.021125397086143492,False
114,136,22,0.021103104948997496,False
130,139,9,0.020937708020210267,False
60,117,57,0.020116224884986877,False
48,83,35,0.020027390122413634,False
20,38,18,0.020007043331861495,False
4,135,131,0.019989540427923204,False
84,104,20,0.019210316240787506,False
32,154,122,0.01919293701648712,False
91,129,38,0.019157940149307252,False
69,75,6,0.01914426386356354,False
14,29,15,0.01894790828227997,False
74,146,72,0.018628445267677308,False
76,81,5,0.018608123064041138,False
16,92,76,0.018116748332977294,False
41,75,34,0.01793942153453827,False
4,47,43,0.017846785485744476,False
123,134,11,0.0177111878991127,False
51,128,77,0.017517782747745514,False
41,142,101,0.01741124242544174,False
78,121,43,0.017298421263694762,False
91,144,53,0.017253075912594795,False
23,80,57,0.017158012092113494,False
46,89,43,0.016677188873291015,False
38,113,75,0.016631804406642914,False
12,116,104,0.01651858016848564,False
92,116,24,0.016511395573616028,False
98,149,51,0.016339179873466492,False
47,136,89,0.016329100728034972,False
95,135,40,0.016259051859378815,False
4,33,29,0.016178497672080995,False
98,152,54,0.016170579195022582,False
23,151,128,0.016157763078808784,False
61,144,83,0.015923835337162018,False
22,149,127,0.015893453359603883,True
92,153,61,0.015794837474823,False
33,150,117,0.015441042184829713,False
71,153,82,0.015300819277763366,False
20,90,70,0.015298199653625489,False
82,87,5,0.014942282438278198,False
8,79,71,0.014876845479011535,False
66,78,12,0.014759831130504608,False
89,126,37,0.01464269906282425,False
58,78,20,0.014409452676773071,False
72,115,43,0.014199738204479218,False
14,119,105,0.01397661566734314,False
6,45,39,0.013722246885299683,False
98,110,12,0.013649332523345947,False
20,153,133,0.013611871004104614,False
42,72,30,0.013553914427757264,False
89,154,65,0.013517820835113525,False
127,148,21,0.013203471899032593,False
55,134,79,0.013164129853248597,False
73,121,48,0.013041405379772187,False
121,147,26,0.012979184091091157,False
46,142,96,0.012777285277843475,False
61,83,22,0.0126161590218544,False
16,49,33,0.012603285908699035,False
32,45,13,0.012583787739276885,False
53,109,56,0.012556050717830659,False
16,76,60,0.012344565987586976,False
47,143,96,0.01222916841506958,False
40,99,59,0.012161636352539062,False
40,84,44,0.011662667244672775,False
49,122,73,0.011635011062026024,False
77,104,27,0.011468148231506348,False
98,155,57,0.011332285404205323,False
39,98,59,0.011275188624858856,False
44,80,36,0.011130394041538238,False
17,36,19,0.011072924733161927,False
32,102,70,0.010879814624786377,False
16,24,8,0.01046382486820221,False
49,55,6,0.010363245010375976,False
28,38,10,0.01031208336353302,False
141,154,13,0.010156165063381194,False
19,135,116,0.010039597749710083,False
19,156,137,0.010038444399833679,False
10,77,67,0.009750285744667053,False
4,56,52,0.009624842554330826,False
6,64,58,0.009597434103488922,False
38,132,94,0.009556196630001068,False
17,102,85,0.009530417621135712,False
11,83,72,0.009470883011817931,False
12,131,119,0.009345370531082153,False
102,146,44,0.009040252864360809,False
16,26,10,0.009032947570085525,False
9,77,68,0.008980226516723634,False
3,41,38,0.008952224254608154,False
28,88,60,0.00883188471198082,False
92,139,47,0.008757181465625763,False
8,80,72,0.008748573809862136,False
94,147,53,0.008669385313987732,False
58,83,25,0.008625224232673645,False
4,72,68,0.008374181389808655,False
120,135,15,0.00793488770723343,False
123,149,26,0.0076974697411060335,False
53,145,92,0.007670354843139648,False
19,33,14,0.007281479239463806,False
84,132,48,0.007064419984817505,False
135,145,10,0.006956565380096436,False
79,131,52,0.006840401887893676,False
31,85,54,0.006785187125205994,False
53,131,78,0.006639592349529266,False
56,142,86,0.006532710790634155,False
124,153,29,0.006370578706264496,False
47,131,84,0.006285369396209717,False
44,63,19,0.006129078567028046,True
79,88,9,0.006033843755722046,False
53,124,71,0.0060230687260627745,False
105,126,21,0.006007605791091919,False
13,18,5,0.005416862666606903,False
16,128,112,0.005273222923278809,False
65,138,73,0.005243232846260071,False
65,103,38,0.005122615396976471,False
58,141,83,0.004794213175773621,False
24,102,78,0.004646869003772735,False
73,93,20,0.0045025691390037535,False
65,156,91,0.004489369690418243,False
55,103,48,0.004055196046829223,False
17,121,104,0.003979907929897308,False
20,72,52,0.003870910406112671,False
58,135,77,0.0037295266985893248,False
34,143,109,0.003706616163253784,False
71,109,38,0.0035023465752601624,False
144,156,12,0.0034143388271331786,False
2,27,25,0.0031498044729232786,False
9,88,79,0.003079630434513092,False
71,93,22,0.00274924635887146,False
87,147,60,0.0027401968836784363,False
75,143,68,0.002291369438171387,False
99,105,6,0.0021623224020004272,False
65,109,44,0.0020147427916526795,False
88,154,66,0.0019377022981643677,False
8,109,101,0.0017912209033966065,False
110,121,11,0.0017730817198753357,False
29,35,6,0.0016667351126670837,False
36,98,62,0.0015505939722061158,False
3,47,44,0.0014420121908187867,False
88,141,53,0.0013053536415100098,False
44,142,98,0.0011606916785240173,False
33,120,87,0.0009433567523956299,False
23,103,80,0.0007897034287452698,False
4,143,139,0.0007865533232688903,False
93,149,56,0.00044799670577049254,False
8,33,25,0.0002183571457862854,False
127,144,17,9.073615074157715e-05,False
13,146,133,7.002055644989014e-05,False
118,130,12,-0.00010459423065185547,False
3,73,70,-0.00023413747549057008,False
24,33,9,-0.00040585696697235105,False
112,143,31,-0.0006654620170593262,False
89,137,48,-0.0007125824689865112,False
39,76,37,-0.0008196175098419189,False
41,92,51,-0.0009578004479408264,True
30,128,98,-0.0011592522263526917,False
110,139,29,-0.0015528678894042968,False
28,128,100,-0.002015252411365509,False
23,94,71,-0.002070440351963043,False
13,95,82,-0.002191050350666046,False
48,157,109,-0.002650901675224304,False
72,142,70,-0.002677544951438904,False
30,50,20,-0.002680259943008423,False
55,141,86,-0.0027468502521514893,False
58,155,97,-0.0027866631746292113,False
20,107,87,-0.002848842740058899,False
36,124,88,-0.003211590647697449,False
106,138,32,-0.0032178372144699096,False
12,115,103,-0.0032520949840545653,False
28,47,19,-0.0034935683012008666,False
36,73,37,-0.003689411282539368,False
13,51,38,-0.0037265919148921967,False
2,86,84,-0.0038227379322052003,False
1,42,41,-0.003965048491954804,False
17,54,37,-0.0040992751717567446,False
14,154,140,-0.004123264551162719,False
120,158,38,-0.004203930497169495,False
92,107,15,-0.004323212802410126,False
77,159,82,-0.004350455105304718,False
130,155,25,-0.0044326305389404295,False
110,147,37,-0.004596799612045288,False
68,151,83,-0.0048144996166229245,False
34,118,84,-0.004887703061103821,False
16,99,83,-0.005036076903343201,False
88,130,42,-0.005080884695053101,False
55,108,53,-0.005130016058683395,False
12,117,105,-0.005464564263820648,False
92,131,39,-0.005519459024071693,False
83,138,55,-0.0058442167937755585,False
13,56,43,-0.0059452041983604435,False
48,147,99,-0.0065667152404785155,False
24,139,115,-0.006682929396629333,False
29,118,89,-0.0067025706171989444,False
5,39,34,-0.006733773648738861,False
58,131,73,-0.006972216069698334,False
29,38,9,-0.00723545178771019,False
109,130,21,-0.00728341955691576,False
15,135,120,-0.007354745268821716,False
93,157,64,-0.007539090514183044,False
66,146,80,-0.007676935195922852,False
47,127,80,-0.007710544764995575,False
82,100,18,-0.008082559704780579,False
10,148,138,-0.008176900446414948,False
123,153,30,-0.008216026425361633,False
34,151,117,-0.00854794792830944,False
10,19,9,-0.008896195888519287,False
80,156,76,-0.008915647491812706,False
41,132,91,-0.009144116938114167,False
3,112,109,-0.009240681678056717,False
37,117,80,-0.009382836520671844,False
29,98,69,-0.009874169528484345,False
16,108,92,-0.010629361867904663,False
108,134,26,-0.010883505642414092,False
48,74,26,-0.01113809049129486,False
111,139,28,-0.011227458715438843,False
92,99,7,-0.011271834373474121,False
85,101,16,-0.01128772497177124,False
16,36,20,-0.011345197260379792,False
45,92,47,-0.01192733198404312,False
30,140,110,-0.012011215090751648,False
25,135,110,-0.012045007944107056,False
51,151,100,-0.012172797322273254,False
51,91,40,-0.012790265679359435,False
147,153,6,-0.012908661365509033,False
42,107,65,-0.013054667413234711,False
6,29,23,-0.01324855089187622,False
92,103,11,-0.013268032670021057,False
33,126,93,-0.013328453898429871,False
83,116,33,-0.013509590178728104,False
107,148,41,-0.013692635297775268,False
51,147,96,-0.013734185695648193,False
82,104,22,-0.01380535662174225,False
10,80,70,-0.013946737349033355,False
34,51,17,-0.014113116264343261,False
47,84,37,-0.014177241921424865,False
16,39,23,-0.014579419791698457,False
10,45,35,-0.014638236165046692,False
22,154,132,-0.014640612900257111,False
13,81,68,-0.014727742969989776,False
12,151,139,-0.014904333651065827,False
134,152,18,-0.014914734661579132,False
146,152,6,-0.01518697589635849,False
13,88,75,-0.015298211574554443,False
4,145,141,-0.01536521315574646,False
6,137,131,-0.01572450399398804,False
108,154,46,-0.015818089246749878,False
70,123,53,-0.015884942561388015,False
111,145,34,-0.01594945788383484,False
46,149,103,-0.01609994173049927,False
4,122,118,-0.016123436391353607,False
71,98,27,-0.0161653071641922,False
73,80,7,-0.016245931386947632,False
86,155,69,-0.01635582000017166,False
13,148,135,-0.01636509448289871,False
8,41,33,-0.016413239389657976,False
110,152,42,-0.01696193218231201,False
11,146,135,-0.01700350046157837,False
84,138,54,-0.017014467716217042,False
12,137,125,-0.01720461994409561,False
87,135,48,-0.017457055300474165,False
139,153,14,-0.017497105151414873,True
70,120,50,-0.01752949655056,False
62,131,69,-0.017945806682109832,False
94,144,50,-0.017970068752765654,False
11,101,90,-0.01806773841381073,False
132,142,10,-0.018092632293701172,False
51,66,15,-0.018166918866336347,False
135,153,18,-0.018201498687267302,False
55,154,99,-0.018559029698371886,False
90,107,17,-0.018834158778190613,False
82,147,65,-0.018929030001163482,False
58,129,71,-0.019136530905961992,False
5,90,85,-0.019165897369384767,False
18,48,30,-0.019187049567699434,False
21,89,68,-0.019294974207878113,False
26,69,43,-0.019630494713783263,False
59,109,50,-0.01982121616601944,False
100,150,50,-0.01997077912092209,False
69,79,10,-0.02001766562461853,False
38,119,81,-0.020222166180610658,False
51,119,68,-0.02028026133775711,False
56,137,81,-0.02032817602157593,False
36,159,123,-0.02040170431137085,False
109,145,36,-0.020601794123649597,False
94,140,46,-0.02075454741716385,False
68,157,89,-0.02080545127391815,False
76,107,31,-0.021182651817798614,False
34,99,65,-0.02132086604833603,False
45,141,96,-0.02143174409866333,False
109,119,10,-0.02144385427236557,False
97,137,40,-0.02168670892715454,False
49,154,105,-0.021804803609848024,False
6,83,77,-0.02186647802591324,False
100,130,30,-0.02209502160549164,False
58,136,78,-0.022149577736854553,False
67,87,20,-0.022209665179252623,False
8,32,24,-0.022303283959627152,False
75,93,18,-0.02238333970308304,False
47,112,65,-0.022445976734161377,False
101,138,37,-0.022486872971057892,False
50,132,82,-0.022535836696624754,False
74,124,50,-0.022542423009872435,False
109,120,11,-0.02255750596523285,False
88,102,14,-0.02276749014854431,False
60,109,49,-0.02277911305427551,False
80,154,74,-0.022854171693325043,False
37,127,90,-0.022864764928817748,False
88,140,52,-0.023091764003038407,False
53,118,65,-0.023274687677621843,False
46,92,46,-0.02362259477376938,False
27,91,64,-0.023801036179065704,False
134,139,5,-0.023826456069946288,False
23,100,77,-0.023874229937791824,False
12,90,78,-0.023977415263652803,False
42,78,36,-0.024351400136947633,False
9,153,144,-0.024365296959877013,False
81,149,68,-0.024594996124505997,False
18,95,77,-0.024643909931182862,False
29,124,95,-0.024703888595104216,False
13,41,28,-0.024791140854358674,False
83,158,75,-0.024872845411300658,False
73,120,47,-0.024940800666809083,False
25,34,9,-0.02505611479282379,False
84,124,40,-0.02550035621970892,False
53,141,88,-0.02591971680521965,False
12,39,27,-0.025957375764846802,False
16,111,95,-0.026448123157024384,False
53,150,97,-0.02676846981048584,False
69,137,68,-0.02686719745397568,False
26,31,5,-0.027088098973035813,False
53,76,23,-0.02722701132297516,False
81,124,43,-0.027263400703668596,False
16,70,54,-0.027519645169377327,False
87,138,51,-0.02770315408706665,False
34,131,97,-0.027716052532196046,False
1,135,134,-0.027755814045667647,False
79,117,38,-0.02775990664958954,False
10,30,20,-0.027787144482135772,False
107,118,11,-0.02779306471347809,False
17,23,6,-0.028070385754108428,False
107,157,50,-0.028221503272652625,False
74,111,37,-0.02829556092619896,False
65,93,28,-0.028373199701309203,False
70,139,69,-0.02838066443800926,False
18,41,23,-0.02842419147491455,False
10,106,96,-0.02856481671333313,False
17,111,94,-0.028670121729373933,False
2,153,151,-0.02868966609239578,False
40,86,46,-0.028695584461092948,False
98,105,7,-0.028704065084457397,False
5,140,135,-0.028960949927568435,False
104,117,13,-0.028964556753635406,False
10,132,122,-0.02942779064178467,False
59,91,32,-0.02944473922252655,False
12,133,121,-0.02960326224565506,False
66,77,11,-0.02970937341451645,False
88,131,43,-0.02978469431400299,False
27,74,47,-0.030007248371839525,False
75,138,63,-0.030075803399086,False
2,121,119,-0.030108118057250978,False
103,157,54,-0.030655248463153838,False
90,114,24,-0.030729702115058898,False
2,23,21,-0.03082190752029419,False
7,73,66,-0.031190256774425506,False
65,135,70,-0.03155127316713333,False
56,83,27,-0.03178441524505615,False
70,156,86,-0.031907877326011656,False
94,106,12,-0.03200749307870865,False
25,129,104,-0.032430559396743774,False
32,91,59,-0.03284990191459656,False
63,147,84,-0.03300659954547882,False
78,140,62,-0.0330209955573082,False
56,112,56,-0.03314505629241467,False
2,8,6,-0.0337597519159317,False
74,143,69,-0.033832970261573794,False
73,126,53,-0.03384559154510498,False
18,128,110,-0.03397668898105621,False
56,106,50,-0.034087514877319335,False
22,147,125,-0.0341644361615181,False
6,102,96,-0.03426551818847656,False
110,116,6,-0.03432043641805649,False
3,138,135,-0.0346757784485817,False
16,94,78,-0.03495784103870392,False
50,102,52,-0.03498192876577377,False
6,123,117,-0.03500278741121292,False
33,109,76,-0.035438981652259824,False
52,116,64,-0.03543916493654251,False
23,84,61,-0.035470299422740936,False
65,108,43,-0.03573326319456101,False
91,114,23,-0.03577312231063843,False
36,154,118,-0.035833926498889924,False
28,42,14,-0.03592775762081146,False
61,102,41,-0.036006852984428406,False
48,82,34,-0.03601288646459579,False
99,146,47,-0.03611463457345963,False
148,157,9,-0.03623342216014862,False
113,131,18,-0.036906301975250244,False
30,142,112,-0.037075456231832504,False
67,147,80,-0.03715325742959976,False
77,130,53,-0.03719731271266937,False
1,106,105,-0.03722006287425757,False
75,118,43,-0.037571363151073456,False
81,94,13,-0.03785270005464554,False
50,58,8,-0.038123950362205505,False
12,143,131,-0.03815944604575634,False
9,137,128,-0.038283557444810865,False
26,40,14,-0.03838717192411423,False
136,153,17,-0.03846115618944168,False
4,11,7,-0.03874007910490036,False
7,130,123,-0.0387704610824585,False
68,155,87,-0.038900309801101686,False
41,95,54,-0.038925424218177795,True
123,152,29,-0.039260904490947726,False
121,138,17,-0.03945017904043198,False
109,132,23,-0.0394721731543541,False
24,159,135,-0.0395476907491684,False
6,73,67,-0.0400095209479332,False
56,139,83,-0.04032949507236481,False
36,125,89,-0.04036622941493988,False
3,69,66,-0.040688353776931765,False
45,106,61,-0.04082480520009994,False
133,148,15,-0.041119363903999326,False
92,137,45,-0.04116792380809784,False
9,134,125,-0.04145013839006424,False
90,152,62,-0.04145253673195839,False
101,119,18,-0.04146698713302612,False
60,104,44,-0.04162644743919373,False
52,67,15,-0.04166489541530609,False
110,123,13,-0.041666421294212344,False
112,159,47,-0.04211155772209167,False
120,147,27,-0.04218722097575665,False
40,140,100,-0.04246152937412262,False
52,90,38,-0.04275529831647873,False
34,68,34,-0.043056904524564746,False
98,148,50,-0.04307150393724442,False
5,73,68,-0.04307332187891007,False
37,119,82,-0.04316395223140716,False
108,128,20,-0.043642531335353854,False
135,150,15,-0.04368548095226288,False
32,132,100,-0.04397641867399216,False
108,137,29,-0.04417660534381866,False
101,114,13,-0.04420562982559204,False
29,110,81,-0.0442387543618679,False
21,56,35,-0.044502609968185426,False
26,68,42,-0.04465382993221283,False
48,159,111,-0.044797343015670774,False
6,59,53,-0.0448160320520401,False
2,98,96,-0.04522693157196045,False
58,102,44,-0.0452373594045639,False
66,86,20,-0.04524296224117279,False
64,122,58,-0.04535614848136902,False
16,134,118,-0.04577694535255432,False
77,92,15,-0.04578525424003601,False
56,63,7,-0.04597224742174148,False
48,103,55,-0.046270108222961424,False
40,55,15,-0.04644179344177246,False
29,75,46,-0.04645317643880844,False
13,140,127,-0.04656687378883362,False
116,155,39,-0.04661765769124031,False
48,63,15,-0.046876566112041475,False
45,118,73,-0.0471925288438797,False
18,157,139,-0.04754821360111237,False
50,105,55,-0.047629373520612715,False
65,157,92,-0.047872143983840945,False
103,123,20,-0.04797226488590241,False
13,26,13,-0.04811041057109833,False
53,144,91,-0.04823321253061295,False
46,139,93,-0.04830569624900818,False
29,48,19,-0.04833467751741409,False
38,49,11,-0.048372119665145874,False
81,106,25,-0.04850281774997711,False
119,146,27,-0.04910382516682148,False
86,124,38,-0.04924685657024384,False
6,51,45,-0.04938402622938156,False
91,118,27,-0.04951062873005867,False
19,121,102,-0.049525214731693266,False
2,85,83,-0.04968555569648743,False
4,121,117,-0.049966762959957126,False
39,86,47,-0.05019324198365212,True
21,43,22,-0.0502608522772789,False
70,144,74,-0.05037479400634766,False
41,86,45,-0.050391513109207156,False
39,142,103,-0.0504195898771286,False
80,90,10,-0.050831983983516696,False
6,68,62,-0.051229023933410646,False
17,128,111,-0.05165610909461975,False
96,111,15,-0.051759710907936095,False
60,123,63,-0.05185975134372711,False
88,139,51,-0.05196941196918488,False
120,130,10,-0.05203991681337357,False
104,129,25,-0.052157790213823316,False
4,150,146,-0.05256332457065582,False
105,143,38,-0.05265912264585495,False
9,103,94,-0.052760961651802066,False
102,145,43,-0.05330162942409515,False
6,33,27,-0.05330224260687828,False
62,156,94,-0.05351115539669991,False
108,153,45,-0.053638027608394624,False
4,64,60,-0.0536435067653656,False
16,73,57,-0.05375126600265503,False
93,143,50,-0.05377258658409119,False
101,152,51,-0.05381522327661514,False
92,154,62,-0.05384036749601364,False
56,74,18,-0.053915006667375566,False
65,105,40,-0.054016245901584624,False
3,133,130,-0.05412470102310181,False
10,84,74,-0.05419032722711563,False
98,134,36,-0.05432340055704117,False
16,150,134,-0.054364584386348724,False
124,141,17,-0.0544150248169899,False
1,36,35,-0.054450178146362306,False
60,136,76,-0.05448829680681229,False
110,155,45,-0.05470632687211037,True
51,142,91,-0.05474128797650337,False
12,138,126,-0.05504926890134811,False
104,134,30,-0.0551330178976059,False
116,146,30,-0.05572102293372154,False
19,149,130,-0.05572476740926504,False
111,146,35,-0.05594663918018341,False
26,136,110,-0.055954146385192874,False
9,123,114,-0.056116193532943726,False
45,68,23,-0.05614064633846283,False
39,135,96,-0.056352701783180234,False
15,158,143,-0.056353694200515746,False
88,100,12,-0.05648520737886429,False
2,82,80,-0.056616437435150144,True
52,119,67,-0.05667787939310074,False
6,141,135,-0.05667930841445923,False
52,155,103,-0.05677737593650818,False
111,127,16,-0.05700114220380783,False
78,151,73,-0.057192298024892806,False
36,150,114,-0.05727242082357407,False
75,148,73,-0.05754223018884659,False
127,135,8,-0.05776955857872963,False
56,130,74,-0.057834261655807497,False
87,98,11,-0.05806048735976219,False
44,81,37,-0.058090601861476895,False
39,70,31,-0.05880576968193054,False
6,140,134,-0.059140988439321515,False
37,154,117,-0.059314791858196256,False
50,76,26,-0.05941407382488251,False
38,122,84,-0.05945013463497162,False
12,135,123,-0.05947687029838562,False
5,145,140,-0.059547784924507144,False
131,151,20,-0.05964897274971008,False
45,154,109,-0.05969538614153862,False
58,67,9,-0.05976189374923706,False
43,135,92,-0.05985110402107239,False
37,79,42,-0.06036946475505829,False
5,106,101,-0.060478593409061435,False
19,30,11,-0.06049758791923523,False
85,155,70,-0.06066159754991531,False
19,83,64,-0.06067242324352264,False
45,93,48,-0.06079151704907417,False
104,135,31,-0.06107865944504738,False
62,79,17,-0.06116956286132336,False
36,77,41,-0.06120656132698059,False
2,149,147,-0.06127167642116547,False
21,132,111,-0.061300309002399446,False
56,98,42,-0.06135217249393463,False
14,135,121,-0.06142700016498566,False
2,133,131,-0.06151447966694832,False
117,140,23,-0.0615592323243618,False
99,134,35,-0.06161336898803711,False
58,156,98,-0.0619922012090683,False
15,76,61,-0.06237535625696182,False
6,27,21,-0.06237707734107971,False
97,103,6,-0.06262489594519138,False
8,61,53,-0.06285809725522995,False
118,123,5,-0.06300356686115265,False
78,108,30,-0.0633345052599907,False
76,150,74,-0.06341908425092697,False
66,106,40,-0.06344492435455322,False
24,67,43,-0.06360005736351013,False
28,134,106,-0.06364586353302001,False
122,149,27,-0.06376477479934692,False
14,121,107,-0.06380290687084197,False
22,112,90,-0.06380473524332046,False
81,109,28,-0.06400678753852844,False
83,143,60,-0.06406111866235734,False
87,127,40,-0.06428621709346771,False
9,116,107,-0.06446626335382462,False
11,98,87,-0.06495553851127625,False
82,158,76,-0.06523715257644654,False
90,157,67,-0.0654335305094719,False
50,129,79,-0.06550203561782837,False
5,33,28,-0.06553304046392441,False
67,83,16,-0.06557839214801789,False
30,67,37,-0.06571591794490814,False
66,133,67,-0.0657535582780838,False
115,134,19,-0.06601256802678108,False
30,99,69,-0.06608014702796935,False
17,134,117,-0.06613777875900269,False
33,89,56,-0.06615997925400734,False
107,142,35,-0.06616458594799042,False
31,54,23,-0.06634283065795898,False
8,82,74,-0.06637973189353943,False
58,150,92,-0.06644393801689148,False
6,96,90,-0.06645905077457429,True
71,92,21,-0.06675674021244049,False
121,130,9,-0.06681004762649537,False
87,132,45,-0.06687652468681335,False
19,77,58,-0.06718627214431763,False
18,51,33,-0.06723935604095459,False
16,29,13,-0.06724210232496261,False
56,154,98,-0.06766434609889985,False
120,125,5,-0.06777255162596703,False
115,146,31,-0.06778935492038726,False
10,122,112,-0.06784952878952026,False
16,145,129,-0.06786365807056427,False
64,117,53,-0.06800327152013778,False
64,106,42,-0.06837971210479736,False
50,137,87,-0.06842763125896453,False
13,122,109,-0.06880775541067123,False
67,82,15,-0.06882997006177902,False
49,59,10,-0.0689489871263504,False
45,67,22,-0.06898369640111923,False
38,114,76,-0.06932238787412644,False
137,153,16,-0.06962546855211257,True
58,154,96,-0.06970954537391663,False
123,150,27,-0.06986420601606369,False
82,119,37,-0.06994965970516205,False
121,150,29,-0.07000845186412334,False
110,142,32,-0.07008295059204102,False
116,122,6,-0.07010931223630905,False
34,150,116,-0.07022151947021485,False
2,36,34,-0.07025176361203193,False
111,118,7,-0.07028325647115707,False
80,119,39,-0.07042927145957947,False
58,121,63,-0.07054217457771302,False
75,145,70,-0.07060997635126114,False
29,143,114,-0.07062174081802368,False
90,100,10,-0.07072465866804123,False
28,137,109,-0.07083716094493867,False
94,108,14,-0.07090518772602081,False
136,152,16,-0.07092243805527687,False
8,64,56,-0.07101870328187943,False
75,88,13,-0.07109078913927078,False
64,145,81,-0.07109357863664627,False
17,66,49,-0.07140913605690002,False
112,145,33,-0.07170514054596425,False
80,110,30,-0.07173509895801544,False
17,30,13,-0.0721018448472023,False
9,148,139,-0.07252903580665589,False
8,93,85,-0.07261583805084229,False
2,55,53,-0.07272441387176513,False
82,134,52,-0.07302773147821426,False
4,24,20,-0.073300102353096,False
17,157,140,-0.07349535077810287,False
126,145,19,-0.07373243570327759,False
117,132,15,-0.07424767315387726,False
92,157,65,-0.07446612566709518,False
96,105,9,-0.07452551424503326,False
52,111,59,-0.0745283991098404,False
51,134,83,-0.07483417689800262,False
77,82,5,-0.0749118983745575,False
66,93,27,-0.07530432641506195,False
32,77,45,-0.07531373649835586,False
23,51,28,-0.0754525013267994,False
30,68,38,-0.07554360032081604,False
37,75,38,-0.07576381936669349,False
40,139,99,-0.0759126901626587,False
111,120,9,-0.07603976130485535,False
17,146,129,-0.07605726718902588,False
122,136,14,-0.07631212621927261,False
23,159,136,-0.07644639015197754,False
67,156,89,-0.076591157913208,False
154,159,5,-0.07695526778697967,False
108,150,42,-0.0769673764705658,False
50,57,7,-0.07699021846055984,False
73,111,38,-0.07745771408081055,False
135,147,12,-0.07754864543676376,False
54,100,46,-0.07767042219638824,False
78,125,47,-0.07781927436590194,False
31,47,16,-0.0778458684682846,False
46,141,95,-0.07808956801891327,False
3,30,27,-0.07831151485443115,False
66,89,23,-0.07867775708436966,False
45,97,52,-0.0787147969007492,False
71,76,5,-0.07877882719039916,False
12,93,81,-0.07896835803985595,False
23,155,132,-0.07971587777137756,False
126,139,13,-0.08010700941085816,False
64,135,71,-0.08027941584587098,False
74,127,53,-0.08076661825180054,False
56,119,63,-0.08080109804868699,False
146,158,12,-0.08092466369271278,False
56,150,94,-0.08103441894054413,False
16,27,11,-0.08115957975387574,False
83,93,10,-0.08135330080986022,False
8,37,29,-0.08168682307004929,False
45,87,42,-0.08179547525942325,False
33,132,99,-0.0818565770983696,False
39,114,75,-0.08190418928861617,False
34,89,55,-0.08214936107397079,False
64,71,7,-0.08215319216251374,False
78,157,79,-0.08228480517864227,False
40,56,16,-0.08230242729187012,False
72,116,44,-0.08253719508647919,False
60,98,38,-0.08301363289356231,False
7,71,64,-0.08344820737838746,False
123,154,31,-0.08344886749982834,False
36,145,109,-0.08348418474197387,False
77,85,8,-0.08351907432079315,False
81,105,24,-0.08361780419945716,False
62,152,90,-0.08370272144675255,False
40,109,69,-0.08416565954685211,False
72,109,37,-0.08420988246798515,False
28,72,44,-0.08465598821640015,False
5,136,131,-0.08489393591880798,False
34,119,85,-0.0849829524755478,False
13,77,64,-0.08512801826000213,False
12,145,133,-0.08530683815479279,False
30,40,10,-0.0853385403752327,False
107,151,44,-0.08554103076457978,False
28,94,66,-0.0856691136956215,False
125,138,13,-0.08583353608846664,False
46,54,8,-0.0859694391489029,False
28,110,82,-0.08597620129585266,False
105,129,24,-0.08601550608873368,False
119,158,39,-0.08603348135948181,False
115,129,14,-0.0864089697599411,False
74,138,64,-0.08644706457853317,False
42,144,102,-0.08654808402061462,False
76,133,57,-0.08671421110630036,False
18,97,79,-0.0867408737540245,False
25,134,109,-0.08682519197463989,False
68,114,46,-0.08695446848869323,False
73,130,57,-0.08705099225044251,False
98,125,27,-0.08705248981714249,False
98,116,18,-0.08752253949642182,False
148,155,7,-0.08755881786346435,False
62,128,66,-0.0876544713973999,False
36,72,36,-0.08769450262188912,False
59,106,47,-0.08776711821556091,False
72,134,62,-0.08793428242206573,False
40,70,30,-0.08794181644916535,False
10,92,82,-0.0880152702331543,False
86,122,36,-0.08806765079498291,False
36,113,77,-0.08811671137809754,False
64,142,78,-0.08816443085670471,False
67,119,52,-0.08818459361791611,False
65,146,81,-0.08820628821849823,False
105,137,32,-0.08827762305736542,False
103,130,27,-0.08839156478643417,False
27,138,111,-0.0884902983903885,False
8,149,141,-0.0886459656059742,False
91,102,11,-0.08887852132320403,False
74,109,35,-0.08891195058822632,False
87,114,27,-0.08901054859161377,False
105,152,47,-0.08926355317234994,False
22,96,74,-0.08939939141273498,False
40,45,5,-0.08941582478582859,False
81,133,52,-0.08957253098487854,False
5,55,50,-0.08965340852737427,False
59,76,17,-0.08967020511627197,False
38,94,56,-0.08980718851089478,False
102,118,16,-0.09048773050308227,False
23,81,58,-0.09052566140890121,False
29,60,31,-0.09055617451667786,False
39,154,115,-0.09056467115879059,False
46,112,66,-0.0906727135181427,False
8,107,99,-0.09068388417363167,False
70,77,7,-0.09078637659549713,False
30,130,100,-0.09097453951835632,False
50,110,60,-0.09143016636371612,False
23,58,35,-0.0914331004023552,False
140,153,13,-0.09193706512451172,False
60,137,77,-0.09227626472711563,False
25,38,13,-0.09228577017784119,False
29,136,107,-0.09242101907730102,False
70,116,46,-0.09250889420509338,False
125,139,14,-0.09260432720184326,False
73,94,21,-0.0928057000041008,False
73,150,77,-0.09282579123973847,False
94,152,58,-0.09288499057292939,False
64,79,15,-0.09296881929039955,False
54,155,101,-0.09301314353942872,False
5,84,79,-0.0931529775261879,False
36,106,70,-0.09338852167129516,False
6,66,60,-0.0935643758624792,False
30,146,116,-0.09369742386043071,False
12,52,40,-0.09383736848831177,False
48,118,70,-0.09395620822906495,False
121,154,33,-0.09396346583962441,False
17,93,76,-0.09422250762581826,False
7,28,21,-0.09437752515077591,False
13,34,21,-0.09439956322312355,False
132,150,18,-0.09472717195749283,False
17,24,7,-0.09477114975452423,False
26,110,84,-0.09477936886250973,False
138,145,7,-0.09488946944475174,False
16,110,94,-0.0950187772512436,False
45,151,106,-0.09519210904836654,False
99,154,55,-0.09529032930731773,False
75,106,31,-0.09533440768718719,False
13,96,83,-0.09569036066532136,False
39,108,69,-0.09601315557956695,False
47,142,95,-0.09607226103544235,False
74,152,78,-0.09607268571853637,False
80,104,24,-0.09633401930332183,False
15,146,131,-0.09636543095111846,False
114,125,11,-0.09664377272129059,False
35,110,75,-0.09683825373649597,False
38,72,34,-0.09691283851861954,False
70,107,37,-0.09709373116493225,False
38,128,90,-0.09717901572585105,False
36,68,32,-0.09718056172132492,False
53,159,106,-0.09723133593797684,False
75,135,60,-0.09746467471122741,False
11,77,66,-0.09751408100128174,False
109,137,28,-0.09768418371677398,False
68,97,29,-0.0976861596107483,False
39,128,89,-0.09772959649562836,False
86,107,21,-0.09787438660860062,False
56,138,82,-0.09807019531726838,False
87,126,39,-0.09826775267720222,False
70,108,38,-0.09844340533018112,False
44,146,102,-0.09845910221338272,False
66,114,48,-0.09856963455677033,False
25,62,37,-0.09859749674797058,False
75,87,12,-0.09888609051704407,False
33,73,40,-0.0989996314048767,False
19,139,120,-0.0990096814930439,False
2,41,39,-0.09945274293422698,False
47,94,47,-0.09954936727881432,False
3,32,29,-0.09959444403648376,False
50,145,95,-0.09973146617412568,False
19,64,45,-0.09995526075363159,False
59,68,9,-0.09998463690280915,False
72,118,46,-0.10009338408708572,False
53,151,98,-0.10015254095196724,False
47,71,24,-0.10030181929469109,False
10,75,65,-0.10031232237815857,False
71,106,35,-0.10043539553880691,False
88,134,46,-0.10046450048685074,False
44,132,88,-0.10058554708957672,False
32,142,110,-0.100606569647789,False
9,136,127,-0.10081740915775299,False
40,106,66,-0.10121532529592514,False
4,133,129,-0.10123029947280884,False
91,99,8,-0.10133793950080872,False
8,69,61,-0.10161847621202469,False
38,57,19,-0.10169335305690766,True
132,149,17,-0.10185894891619682,False
32,137,105,-0.10197902321815491,False
13,40,27,-0.10243872087448835,False
133,146,13,-0.10249002426862716,False
46,106,60,-0.10257739722728729,False
26,94,68,-0.1027329295873642,False
50,131,81,-0.10280748009681702,False
30,119,89,-0.10288782715797425,False
128,151,23,-0.10336212851107121,False
55,150,95,-0.10358296632766724,False
6,54,48,-0.10384698808193207,False
108,117,9,-0.1039142668247223,False
17,73,56,-0.10399101078510284,False
53,117,64,-0.10403438806533813,False
14,68,54,-0.10405268669128417,False
9,131,122,-0.10412673354148864,False
39,113,74,-0.10416257083415985,False
38,155,117,-0.10424965023994445,False
67,88,21,-0.1043866068124771,False
109,135,26,-0.10454028099775314,False
101,142,41,-0.10492421463131904,False
36,152,116,-0.10494451820850373,False
33,42,9,-0.10510447919368744,False
47,149,102,-0.1051284909248352,False
7,148,141,-0.10513173341751099,False
109,126,17,-0.10532340705394745,False
64,146,82,-0.10534129291772842,False
24,105,81,-0.10574372112751007,False
30,103,73,-0.10578255206346512,False
38,46,8,-0.10578282326459884,False
69,89,20,-0.10581908524036407,False
12,99,87,-0.10613277852535248,False
33,94,61,-0.10627541542053223,False
30,120,90,-0.10629059672355652,False
11,117,106,-0.10631676912307739,False
51,145,94,-0.10659588277339935,False
15,50,35,-0.10682881772518157,False
90,117,27,-0.10704810321331024,False
73,131,58,-0.10709920376539231,False
25,137,112,-0.10717337727546691,False
56,70,14,-0.10717880874872207,False
50,92,42,-0.10742429569363594,False
54,129,75,-0.10749207437038422,False
78,97,19,-0.1080155462026596,False
32,76,44,-0.10812512934207916,False
35,94,59,-0.10818070769309998,True
44,150,106,-0.10824422687292098,False
82,121,39,-0.10826665908098221,False
20,76,56,-0.10840558856725693,False
125,155,30,-0.10849219560623169,False
40,147,107,-0.10852844119071961,False
12,19,7,-0.10854613184928893,False
74,100,26,-0.10854940414428711,False
10,104,94,-0.10877809524536133,False
71,108,37,-0.1089779257774353,False
119,124,5,-0.10908526182174683,False
84,120,36,-0.10921394675970078,False
33,140,107,-0.1092918336391449,False
12,119,107,-0.1093624010682106,False
56,77,21,-0.10944235622882843,False
12,97,85,-0.10959345623850822,False
103,120,17,-0.10981302112340927,False
24,134,110,-0.10991656482219696,False
121,139,18,-0.11005690693855286,False
78,129,51,-0.11015114560723305,False
19,39,20,-0.11018286757171154,False
63,86,23,-0.11030985563993453,False
53,112,59,-0.11043449938297271,False
26,130,104,-0.11050431132316589,False
40,155,115,-0.11057135090231895,False
68,113,45,-0.11064660847187043,False
30,97,67,-0.11087378337979317,False
40,142,102,-0.11122882068157196,False
2,75,73,-0.1114452064037323,False
24,157,133,-0.11149124205112457,False
10,52,42,-0.11155696958303452,False
19,59,40,-0.11192662566900254,False
125,135,10,-0.11207757890224457,False
5,46,41,-0.11231704950332641,False
75,157,82,-0.11253001987934112,False
123,148,25,-0.11308352053165435,False
69,155,86,-0.11314196139574051,False
38,110,72,-0.11330034472048282,False
105,124,19,-0.11330082714557647,False
77,141,64,-0.11338104531168938,False
10,133,123,-0.11347744166851044,False
7,131,124,-0.11360402405261993,False
126,140,14,-0.11374931931495666,False
45,148,103,-0.11375026404857635,False
56,65,9,-0.1137667492032051,False
22,155,133,-0.11385945975780487,False
53,139,86,-0.11393758356571197,False
129,138,9,-0.11395120322704315,False
26,32,6,-0.11404885873198509,False
86,159,73,-0.11478944271802902,False
55,119,64,-0.11499113813042641,False
102,143,41,-0.11533581018447876,False
18,124,106,-0.115390545129776,False
17,76,59,-0.11540226880460977,False
49,147,98,-0.11587472558021546,False
60,68,8,-0.11592226922512054,False
50,80,30,-0.1161031812429428,False
9,70,61,-0.11646262779831887,False
55,98,43,-0.11650592386722565,False
24,112,88,-0.11681354939937591,False
1,64,63,-0.11690438985824585,False
21,150,129,-0.11691674888134003,False
45,51,6,-0.11698299646377563,False
68,125,57,-0.11750267520546913,False
82,120,38,-0.11759843155741692,False
72,157,85,-0.11781610995531082,False
54,145,91,-0.11791723966598511,False
39,75,36,-0.11792604923248291,False
25,117,92,-0.11795375049114228,False
5,59,54,-0.11804302036762238,False
36,156,120,-0.11878224164247513,False
141,157,16,-0.11885794550180435,False
47,86,39,-0.11895865499973297,False
49,140,91,-0.11896743327379226,False
23,98,75,-0.11900099366903305,False
20,143,123,-0.11905457377433777,False
4,85,81,-0.11908998787403106,False
50,121,71,-0.11919631510972976,False
9,98,89,-0.11961238086223602,False
87,99,12,-0.119617560505867,False
4,36,32,-0.1196488842368126,False
13,58,45,-0.11967968046665192,False
26,92,66,-0.11977711468935012,False
56,82,26,-0.11995724141597748,False
52,149,97,-0.12001884430646896,False
62,158,96,-0.12018385231494903,False
44,115,71,-0.12024772614240646,False
64,116,52,-0.1202756330370903,False
44,151,107,-0.12037183046340942,False
11,154,143,-0.12052124887704849,False
33,158,125,-0.12089000046253204,False
53,125,72,-0.12095948457717895,False
134,148,14,-0.12107192277908325,False
52,88,36,-0.12112175524234772,False
138,150,12,-0.12113142758607864,False
36,52,16,-0.12164159268140792,False
138,153,15,-0.12184890359640121,True
3,144,141,-0.12186558544635773,False
79,124,45,-0.1218729242682457,False
24,107,83,-0.12192585617303849,False
88,150,62,-0.12209407985210419,False
69,139,70,-0.1221360832452774,False
36,49,13,-0.12248287349939346,False
66,118,52,-0.122491654753685,False
29,37,8,-0.1225737065076828,False
66,157,91,-0.12266727685928344,False
90,102,12,-0.12278923690319062,False
70,80,10,-0.12280787527561188,False
36,71,35,-0.12311964631080627,False
4,111,107,-0.12313171476125717,True
50,55,5,-0.12319964468479157,False
9,139,130,-0.12358338832855224,False
19,124,105,-0.12364718168973923,False
37,148,111,-0.12372512817382812,False
39,101,62,-0.12372934222221374,False
46,72,26,-0.1237461432814598,False
111,135,24,-0.12384204119443894,False
10,56,46,-0.12388541847467423,False
50,111,61,-0.12413797974586487,False
126,146,20,-0.12443124502897263,False
12,51,39,-0.12448203563690186,False
81,107,26,-0.12493356466293334,False
32,114,82,-0.1250847101211548,False
84,152,68,-0.12511397004127503,False
93,144,51,-0.12513962090015412,False
79,153,74,-0.12518159300088882,False
121,133,12,-0.12532479763031007,False
102,144,42,-0.12546071410179138,False
98,129,31,-0.12547694593667985,False
8,129,121,-0.12556923553347588,False
101,155,54,-0.1255995139479637,False
83,117,34,-0.12585023641586304,False
26,70,44,-0.12589674741029738,False
13,92,79,-0.12597518265247346,False
10,121,111,-0.12612152695655823,False
14,116,102,-0.12624728679656982,False
57,159,102,-0.12638623714447023,False
96,133,37,-0.12642205953598024,False
16,30,14,-0.12644095346331596,False
26,39,13,-0.12664040848612784,False
118,144,26,-0.12748300284147263,False
14,59,45,-0.12751414775848388,False
7,102,95,-0.12769877761602402,False
93,112,19,-0.12814145386219025,False
5,42,37,-0.12826718688011168,False
86,126,40,-0.1287475846707821,False
19,37,18,-0.12888870239257813,False
92,124,32,-0.12905982434749602,False
113,146,33,-0.12921736836433412,False
12,91,79,-0.12923924680799245,False
13,138,125,-0.1294991232454777,False
96,103,7,-0.1295175164937973,False
124,145,21,-0.12961186915636064,False
24,109,85,-0.12965570539236068,False
89,98,9,-0.1298671096563339,False
58,138,80,-0.1302360013127327,False
61,147,86,-0.13029848784208298,False
52,124,72,-0.13034622818231584,False
17,32,15,-0.1303796350955963,False
64,84,20,-0.13058639466762542,False
71,111,40,-0.13064364194869996,False
78,142,64,-0.13068286031484605,False
36,138,102,-0.13069598525762557,False
19,112,93,-0.13070134222507476,False
99,118,19,-0.13084588348865508,False
61,103,42,-0.13085687160491943,False
118,127,9,-0.13088547587394714,False
11,140,129,-0.13098876774311066,False
90,121,31,-0.13107871636748314,False
125,142,17,-0.13127188384532928,False
36,127,91,-0.13129557967185973,False
82,150,68,-0.13130470365285873,False
46,69,23,-0.13150364011526108,False
92,151,59,-0.13165312111377717,False
55,116,61,-0.1317462220788002,False
90,127,37,-0.13176471441984178,False
1,32,31,-0.13177622109651566,False
3,124,121,-0.13204194977879524,False
75,122,47,-0.1322131335735321,False
45,57,12,-0.13230865001678466,False
25,150,125,-0.13253223299980163,False
41,120,79,-0.13259572684764862,False
65,116,51,-0.13263724744319916,False
37,87,50,-0.1326517179608345,False
73,81,8,-0.13282297253608705,False
98,159,61,-0.13283732533454895,False
76,147,71,-0.13288511335849762,False
109,114,5,-0.1329146832227707,False
8,145,137,-0.13295516967773438,False
84,117,33,-0.1329646222293377,False
21,38,17,-0.13335637152194976,False
90,133,43,-0.13354356586933136,False
71,146,75,-0.1337013140320778,False
106,135,29,-0.13425501249730587,False
94,117,23,-0.13435301296412944,False
111,116,5,-0.13442225158214569,False
24,125,101,-0.13462428152561187,False
8,116,108,-0.1346331372857094,False
39,139,100,-0.13490589261054992,False
97,151,54,-0.13495821952819825,False
77,117,40,-0.13504886925220488,False
107,132,25,-0.1351297076791525,False
84,89,5,-0.1352725952863693,False
76,149,73,-0.13579220324754715,False
72,147,75,-0.13579267412424087,False
11,147,136,-0.13590000569820404,False
70,82,12,-0.13607157468795777,False
93,136,43,-0.13614602386951447,False
88,113,25,-0.1361629396677017,False
8,95,87,-0.13617510199546815,False
72,111,39,-0.13624101877212524,False
17,149,132,-0.13625564202666282,False
35,102,67,-0.13663137555122376,False
130,151,21,-0.13666791021823882,False
13,108,95,-0.1368791028857231,False
41,87,46,-0.13688379526138306,False
3,80,77,-0.13689904063940048,False
70,152,82,-0.1369294136762619,False
38,138,100,-0.13694547936320306,False
4,115,111,-0.1370842546224594,False
38,76,38,-0.13716327399015427,False
14,84,70,-0.13718405812978746,False
53,84,31,-0.137239508330822,False
24,39,15,-0.13726351857185365,False
34,107,73,-0.13730627596378325,False
53,103,50,-0.13737550079822541,False
3,120,117,-0.1373899072408676,False
18,89,71,-0.13750160932540895,False
29,104,75,-0.13813661485910417,False
102,130,28,-0.13825978040695192,False
29,97,68,-0.1384295791387558,False
21,148,127,-0.1385992355644703,False
30,118,88,-0.13870379626750945,False
13,104,91,-0.13877060562372207,False
79,140,61,-0.1389847442507744,False
33,118,85,-0.13903378546237946,False
56,127,71,-0.13907680064439773,False
94,119,25,-0.13925651907920839,False
35,50,15,-0.1392770916223526,False
136,147,11,-0.13935123533010482,False
77,138,61,-0.13945532441139222,False
13,80,67,-0.1394589364528656,False
90,119,29,-0.13965482711791993,False
2,21,19,-0.13983940184116364,False
23,152,129,-0.13987371921539307,False
30,105,75,-0.14014946669340134,False
76,148,72,-0.1401526302099228,False
96,129,33,-0.14053688943386078,False
17,78,61,-0.14058056026697158,False
24,130,106,-0.14059841483831406,False
49,112,63,-0.14077405631542206,False
80,89,9,-0.1407793715596199,False
67,103,36,-0.14080902487039565,False
32,87,55,-0.14094661623239518,False
101,109,8,-0.1410531222820282,False
45,135,90,-0.1414424955844879,False
50,157,107,-0.1414983943104744,False
78,127,49,-0.14168726205825805,False
125,131,6,-0.1416906952857971,False
120,140,20,-0.14175609797239302,False
106,155,49,-0.14178513064980508,False
19,67,48,-0.1417927235364914,False
101,153,52,-0.14210446327924728,False
50,124,74,-0.14217282831668854,False
59,72,13,-0.14228917360305787,True
58,109,51,-0.1424265444278717,False
73,105,32,-0.1424868069589138,False
30,78,48,-0.1426633656024933,False
68,103,35,-0.14306102842092513,False
83,141,58,-0.1431060940027237,False
40,116,76,-0.143195890635252,False
41,89,48,-0.14324701428413392,False
24,68,44,-0.14340858459472655,False
83,106,23,-0.14351554922759532,False
34,69,35,-0.14372504651546478,False
23,33,10,-0.14374835342168807,False
36,137,101,-0.14376294016838073,False
39,57,18,-0.14381887018680573,True
21,59,38,-0.14407359063625336,False
1,30,29,-0.1441945642232895,False
38,66,28,-0.14425944685935974,False
75,154,79,-0.14427461549639703,False
72,117,45,-0.14432405233383178,False
9,58,49,-0.14441958963871002,False
30,55,25,-0.14473738074302672,False
7,75,68,-0.1447783499956131,False
106,147,41,-0.14483330082148313,False
85,94,9,-0.1448596566915512,False
1,23,22,-0.14486630409955978,False
39,99,60,-0.1450509734451771,False
123,136,13,-0.1451171189546585,False
82,90,8,-0.14533316493034362,False
2,105,103,-0.14573241174221038,False
42,91,49,-0.14586066454648972,False
53,86,33,-0.1458853155374527,False
20,71,51,-0.1461662232875824,False
82,108,26,-0.14626583009958266,False
67,77,10,-0.1463007241487503,False
118,139,21,-0.14639900624752045,False
7,114,107,-0.1467222288250923,False
73,90,17,-0.14675724357366562,False
38,86,48,-0.14680798053741456,False
138,157,19,-0.14708050191402436,False
16,133,117,-0.14714340269565582,False
79,94,15,-0.14720898121595383,False
65,127,62,-0.1473004400730133,False
23,134,111,-0.147376711666584,False
62,120,58,-0.14746834635734557,False
74,114,40,-0.1474833182990551,False
80,107,27,-0.14754093885421754,False
63,119,56,-0.14765555039048195,False
80,101,21,-0.1477906346321106,False
11,109,98,-0.14780673012137413,False
135,148,13,-0.14783474057912827,False
13,86,73,-0.1479501962661743,False
8,137,129,-0.1481865741312504,False
1,121,120,-0.14820514246821404,False
16,44,28,-0.14821277558803558,False
66,116,50,-0.14822005927562715,False
69,94,25,-0.14848008751869202,False
84,130,46,-0.14855864346027375,False
97,138,41,-0.14862403869628907,False
10,120,110,-0.14880682080984114,False
130,146,16,-0.1490061104297638,False
24,42,18,-0.1490418165922165,False
106,112,6,-0.14908189717680215,False
47,83,36,-0.14915349707007408,False
15,34,19,-0.14922493696212769,False
31,107,76,-0.14946903586387633,False
76,138,62,-0.14952160641551018,False
77,134,57,-0.14997170567512513,False
73,139,66,-0.15015511699020861,False
49,142,93,-0.15016261488199234,False
36,70,34,-0.1502322621643543,False
34,134,100,-0.15041976422071457,False
86,92,6,-0.1505550414323807,False
133,145,12,-0.1505787879228592,False
37,145,108,-0.15075299516320229,False
8,57,49,-0.1507568344473839,False
58,103,45,-0.1507749196141958,False
55,127,72,-0.15121856033802034,False
101,129,28,-0.15134620666503906,False
29,90,61,-0.15168732292950154,False
15,24,9,-0.1517016053199768,False
66,127,61,-0.15174295306205748,False
91,158,67,-0.15176679491996764,False
24,131,107,-0.15197651386260985,False
9,75,66,-0.15221449434757234,False
26,101,75,-0.1527562767267227,False
4,139,135,-0.1530548244714737,False
17,100,83,-0.15308372676372528,False
73,154,81,-0.15323929712176323,False
69,90,21,-0.1532902717590332,False
10,40,30,-0.1533327266573906,False
69,151,82,-0.15344301015138626,False
6,56,50,-0.15351804494857788,False
4,152,148,-0.15360123813152313,False
72,138,66,-0.1536687884479761,False
72,98,26,-0.1536986768245697,False
86,97,11,-0.15408862829208375,False
11,110,99,-0.15409623980522155,False
66,117,51,-0.15410411953926087,False
61,110,49,-0.1542494624853134,False
11,158,147,-0.1543080136179924,False
10,42,32,-0.15435842275619507,False
58,144,86,-0.15455265790224076,False
9,38,29,-0.15475270748138428,False
67,94,27,-0.15512969642877578,False
98,130,32,-0.15516494102776052,False
59,107,48,-0.15517502427101135,False
105,116,11,-0.1553724303841591,False
53,83,30,-0.15548750162124633,False
33,103,70,-0.15549243986606598,False
112,157,45,-0.15582894831895827,False
14,50,36,-0.15596055686473848,False
73,114,41,-0.1559792660176754,False
109,115,6,-0.1560033679008484,False
84,121,37,-0.1560201585292816,False
12,23,11,-0.1560311049222946,False
19,104,85,-0.15618512779474258,False
34,156,122,-0.15630852729082106,False
8,71,63,-0.15632533878087998,False
10,72,62,-0.15634333491325378,False
105,118,13,-0.15634922534227372,False
75,110,35,-0.15650624334812163,False
115,138,23,-0.15658205449581147,False
10,109,99,-0.15706962794065477,False
66,82,16,-0.15707558020949364,False
38,127,89,-0.15730351507663726,False
77,131,54,-0.1574891224503517,False
87,118,31,-0.15752396881580352,False
27,135,108,-0.15755042880773545,False
126,155,29,-0.1576682835817337,False
17,68,51,-0.15784867405891417,False
26,55,29,-0.15792980343103408,False
12,86,74,-0.15830775946378708,False
59,93,34,-0.15846082270145417,False
66,92,26,-0.15866976827383042,False
3,67,64,-0.15884253978729249,False
3,110,107,-0.15889288038015364,True
72,82,10,-0.1589424878358841,False
11,136,125,-0.15902143120765685,False
46,98,52,-0.15903378129005433,False
55,147,92,-0.1592249870300293,False
8,54,46,-0.15932839512825012,False
51,143,92,-0.1595601685345173,False
103,117,14,-0.1597084468230605,False
116,151,35,-0.15983366966247559,True
80,159,79,-0.1599295526742935,False
102,120,18,-0.1601499140262604,False
33,53,20,-0.16016577184200287,False
61,146,85,-0.16016943454742433,False
5,116,111,-0.16036807894706726,False
24,152,128,-0.160369211435318,False
16,65,49,-0.16065093278884887,False
73,136,63,-0.1607704922556877,False
4,53,49,-0.1608472138643265,False
37,112,75,-0.1608726918697357,False
40,83,43,-0.16090168356895446,False
102,135,33,-0.1610363781452179,False
13,97,84,-0.1610666774213314,False
26,73,47,-0.16108159422874452,False
126,142,16,-0.16154071539640427,False
60,103,43,-0.16162268221378326,False
76,154,78,-0.16186986416578292,False
119,136,17,-0.1619008243083954,False
25,140,115,-0.1622297689318657,False
18,83,65,-0.16223191916942598,False
26,76,50,-0.16228694394230841,False
69,120,51,-0.16251047551631928,False
36,131,95,-0.16254305019974707,False
70,157,87,-0.1627171292901039,False
24,69,45,-0.1630662739276886,False
74,80,6,-0.16307078599929808,False
51,89,38,-0.1630835458636284,False
73,135,62,-0.16309835910797119,False
6,142,136,-0.16320567578077316,False
47,98,51,-0.16322021186351776,False
85,102,17,-0.16345861554145813,False
144,158,14,-0.16350185573101045,False
78,149,71,-0.16356724947690965,False
29,135,106,-0.16373856514692306,False
84,115,31,-0.16377568989992142,False
108,143,35,-0.16380391716957093,False
86,105,19,-0.16386828422546387,False
8,26,18,-0.16405679043382407,False
117,136,19,-0.16409311443567276,False
15,80,65,-0.164280666410923,False
55,124,69,-0.16432597041130065,False
58,63,5,-0.16447722725570202,False
26,138,112,-0.16448754966259002,False
9,68,59,-0.16459392458200456,False
51,101,50,-0.1645965225994587,False
61,134,73,-0.1647621735930443,False
75,109,34,-0.16481348425149916,False
5,50,45,-0.16493608951568603,False
85,108,23,-0.16499532163143157,False
19,155,136,-0.16501865908503532,False
63,75,12,-0.16512468159198762,True
78,116,38,-0.1653375580906868,False
90,112,22,-0.16545296013355254,False
76,132,56,-0.1654631093144417,False
73,147,74,-0.1655627705156803,False
82,156,74,-0.16569569930434228,False
68,152,84,-0.16596700251102448,False
42,128,86,-0.16615405976772307,False
14,103,89,-0.16621334701776505,False
64,153,89,-0.16638842225074768,False
30,145,115,-0.16674112975597383,False
17,103,86,-0.16690116226673127,False
17,62,45,-0.16722747981548308,False
48,150,102,-0.16726164817810057,False
91,113,22,-0.16728590428829193,False
17,135,118,-0.16745705157518387,False
20,34,14,-0.16758470833301545,False
34,108,74,-0.16765502095222473,False
63,91,28,-0.16774868220090866,False
4,59,55,-0.16820880770683289,False
97,147,50,-0.16824371963739396,False
74,135,61,-0.16825353354215622,False
71,101,30,-0.16834019124507904,False
80,125,45,-0.16839799284934998,False
32,47,15,-0.16846188008785248,False
5,109,104,-0.16855540052056311,False
99,149,50,-0.16858467012643813,False
40,124,84,-0.1688968390226364,False
64,118,54,-0.16896357834339143,False
107,152,45,-0.169300577044487,False
92,97,5,-0.1693083956837654,False
29,58,29,-0.16938338465988637,False
64,149,85,-0.1694352686405182,False
53,119,66,-0.16946996748447418,False
30,102,72,-0.16950688660144805,False
88,93,5,-0.16956330239772796,False
12,53,41,-0.16956485360860823,False
65,154,89,-0.16957014352083205,False
52,129,77,-0.16958906650543212,False
103,125,22,-0.1696067549288273,False
17,58,41,-0.16968634128570556,False
16,66,50,-0.1697230353951454,False
74,126,52,-0.16980552673339844,False
4,81,77,-0.16996812224388122,False
133,147,14,-0.17022343948483468,False
3,23,20,-0.1703219898045063,False
34,48,14,-0.17035799622535705,False
13,102,89,-0.1705786630511284,False
71,90,19,-0.17076790630817412,False
36,128,92,-0.17098503671586512,False
39,68,29,-0.17105636261403562,False
13,64,51,-0.17107197791337966,False
68,147,79,-0.1711215354502201,False
76,104,28,-0.17114386558532715,False
53,154,101,-0.17130351513624192,False
17,88,71,-0.1713646113872528,False
31,38,7,-0.17138812243938445,False
87,105,18,-0.17140606492757798,False
107,159,52,-0.17156119346618653,False
42,89,47,-0.17159285247325898,False
11,151,140,-0.17173565924167633,False
66,91,25,-0.1717863254249096,False
49,54,5,-0.1719492793083191,False
7,129,122,-0.172018164396286,False
8,67,59,-0.17215945124626159,False
59,82,23,-0.17219968661665916,False
80,124,44,-0.17239107191562653,False
48,67,19,-0.1725211262702942,False
38,117,79,-0.17259475514292716,False
72,104,32,-0.17262546792626382,False
69,135,66,-0.17265567779541016,False
56,62,6,-0.17266082018613815,False
18,101,83,-0.17267709225416183,False
136,149,13,-0.17282427623867988,False
115,140,25,-0.17296342849731444,False
16,51,35,-0.17300605848431588,False
50,150,100,-0.17330355644226075,False
74,101,27,-0.17340085953474044,False
51,110,59,-0.1736523240804672,False
62,155,93,-0.17370039969682693,False
25,139,114,-0.17372726052999496,False
23,60,37,-0.17376521676778794,False
91,151,60,-0.17380957193672658,False
44,148,104,-0.17387188076972962,False
96,143,47,-0.1739322155714035,False
3,21,18,-0.17399872988462448,False
83,94,11,-0.174091637134552,False
8,65,57,-0.17419180423021316,False
38,65,27,-0.17422002106904982,False
42,150,108,-0.1743547022342682,False
3,42,39,-0.1743943765759468,False
69,93,24,-0.1744667910039425,False
13,103,90,-0.17447685897350312,False
65,90,25,-0.17461818754673003,False
12,37,25,-0.1746930807828903,False
4,10,6,-0.17487818747758865,False
101,110,9,-0.17490245997905732,False
71,150,79,-0.17513020634651183,False
79,152,73,-0.17513624727725982,False
83,157,74,-0.1752485990524292,False
38,87,49,-0.1757071852684021,False
69,91,22,-0.17573641538619994,False
78,90,12,-0.17579710781574248,False
106,116,10,-0.17599818259477615,False
101,121,20,-0.17603186666965484,False
6,138,132,-0.17603445202112197,False
44,83,39,-0.1762910321354866,False
34,126,92,-0.17636558115482331,False
74,91,17,-0.1765248268842697,False
84,135,51,-0.17656728327274324,False
39,117,78,-0.1767098516225815,False
58,149,91,-0.1770010769367218,False
35,106,71,-0.17703676223754883,False
104,149,45,-0.17708011865615844,False
19,91,72,-0.1771528512239456,False
137,148,11,-0.1771799087524414,False
102,148,46,-0.1773124784231186,False
91,116,25,-0.1774786923080683,False
18,33,15,-0.1775712251663208,False
36,78,42,-0.17773781418800355,False
16,136,120,-0.17782544791698457,False
32,106,74,-0.17783072143793105,False
57,97,40,-0.17784755527973176,False
29,130,101,-0.1778951793909073,False
139,154,15,-0.17792300432920455,True
117,152,35,-0.1780034512281418,False
50,135,85,-0.17809469401836395,False
25,83,58,-0.17813961654901506,False
29,76,47,-0.1782295174896717,False
76,88,12,-0.17824349403381348,False
10,136,126,-0.17838685512542723,False
25,75,50,-0.17846787273883818,False
83,115,32,-0.17862151563167572,False
1,45,44,-0.1786269173026085,False
97,132,35,-0.17870595455169677,False
109,129,20,-0.17874263525009154,False
33,151,118,-0.17876772880554198,False
8,121,113,-0.17877085842192172,False
56,131,75,-0.1788236904889345,False
79,115,36,-0.17901573777198793,False
73,108,35,-0.17901954650878907,False
70,147,77,-0.1795153647661209,False
126,149,23,-0.17957822978496552,False
22,130,108,-0.17967991679906845,False
56,115,59,-0.17971533089876174,False
41,76,35,-0.17974575459957123,False
25,86,61,-0.17993266731500626,False
4,87,83,-0.17999617159366607,False
69,99,30,-0.18015193343162536,False
105,133,28,-0.18043504655361176,False
26,137,111,-0.18059032037854195,False
17,74,57,-0.1807737324386835,False
81,132,51,-0.18105004131793975,False
77,119,42,-0.1811029590666294,False
81,89,8,-0.18114074170589448,False
46,157,111,-0.18121961653232574,False
12,30,18,-0.18124527633190154,False
50,56,6,-0.18152025938034058,False
132,153,21,-0.1817448940128088,False
3,101,98,-0.18188941180706025,False
136,150,14,-0.18200744688510895,False
115,144,29,-0.18210434019565583,False
61,73,12,-0.18251249194145203,True
59,130,71,-0.18280047178268433,False
30,51,21,-0.18288271874189377,False
37,67,30,-0.18291903734207154,False
90,110,20,-0.18309363275766372,False
134,154,20,-0.1831835139542818,False
3,50,47,-0.18357656747102738,False
63,142,79,-0.18363481760025024,False
49,105,56,-0.1841179460287094,False
80,146,66,-0.18449800461530685,False
17,104,87,-0.1846783399581909,False
18,110,92,-0.18470714688301088,False
32,116,84,-0.18483206480741501,False
15,97,82,-0.1848544329404831,True
29,127,98,-0.1848682329058647,False
66,150,84,-0.18494288474321366,False
138,148,10,-0.1850536484271288,False
32,104,72,-0.18526558503508567,False
18,116,98,-0.18531675934791564,False
37,121,84,-0.1853680543601513,False
152,157,5,-0.18544015884399415,False
4,32,28,-0.1855751693248749,False
21,47,26,-0.18568892627954484,False
37,65,28,-0.1858032763004303,False
20,93,73,-0.1858594696968794,False
48,142,94,-0.185869200527668,False
92,122,30,-0.18594371378421784,False
76,155,79,-0.18597560822963716,False
8,102,94,-0.18622617274522782,False
18,75,57,-0.1862735778093338,False
116,126,10,-0.18631761223077775,False
123,151,28,-0.18633595556020738,False
40,74,34,-0.18635703921318053,False
47,144,97,-0.18635950088500977,False
84,149,65,-0.18637624755501747,False
97,144,47,-0.18655361384153366,False
48,112,64,-0.1867621559649706,False
50,65,15,-0.18679819107055665,False
28,115,87,-0.18680885732173919,False
17,26,9,-0.18684036433696746,False
23,49,26,-0.18684662878513336,False
24,128,104,-0.1872340351343155,False
9,40,31,-0.18747017085552214,False
115,152,37,-0.1878516346216202,False
59,120,61,-0.18785756081342697,False
55,123,68,-0.18789819460362195,False
88,137,49,-0.18806012645363807,False
39,153,114,-0.18814490512013435,False
70,149,79,-0.18830552250146865,False
34,75,41,-0.18839001655578613,False
17,139,122,-0.18842698633670807,False
47,134,87,-0.1884324312210083,False
61,77,16,-0.18844441771507264,False
33,77,44,-0.18859097063541413,False
58,117,59,-0.1887143597006798,False
59,110,51,-0.18882872313261032,False
11,153,142,-0.18897299468517303,False
58,110,52,-0.18901649601757525,False
39,96,57,-0.18912351727485657,False
28,78,50,-0.18935699313879012,False
38,136,98,-0.1893617630004883,False
38,108,70,-0.18942966535687447,False
13,47,34,-0.18945155441761016,False
51,84,33,-0.18962478786706924,False
2,40,38,-0.18973365128040315,False
128,152,24,-0.1898174911737442,False
18,65,47,-0.18988191783428193,False
75,105,30,-0.1900505691766739,False
76,113,37,-0.19014221727848052,False
47,121,74,-0.19021935649216176,False
52,103,51,-0.1903010368347168,False
11,105,94,-0.1903270184993744,False
37,111,74,-0.19043323397636414,False
5,110,105,-0.19059215486049652,True
80,91,11,-0.19070967435836791,False
10,147,137,-0.19084837138652802,False
80,136,56,-0.19138050377368926,False
10,21,11,-0.19155821502208709,False
85,156,71,-0.1916529655456543,False
85,120,35,-0.19224775731563568,False
20,55,35,-0.19228468239307403,False
7,143,136,-0.19242584556341172,False
86,147,61,-0.19257348775863647,False
119,132,13,-0.19259789437055588,False
28,150,122,-0.19260242581367493,False
56,89,33,-0.19266483783721924,False
10,139,129,-0.1927149400115013,False
54,153,99,-0.19286279380321503,False
28,39,11,-0.1928986370563507,False
70,138,68,-0.1930600196123123,False
110,137,27,-0.19327315986156463,False
20,31,11,-0.19328806400299073,False
8,53,45,-0.1935537964105606,False
64,81,17,-0.19373227506875992,False
33,131,98,-0.193796369433403,False
74,97,23,-0.19381959848105906,False
3,71,68,-0.1938389301300049,False
131,141,10,-0.19391462206840515,False
66,103,37,-0.19443765580654143,False
44,58,14,-0.19455201923847198,False
9,105,96,-0.19455498307943345,False
16,130,114,-0.194589327275753,False
75,151,76,-0.1948014110326767,False
70,135,65,-0.19522977694869043,False
47,140,93,-0.19534713178873062,False
2,30,28,-0.19557420611381532,False
34,102,68,-0.1956595793366432,False
16,135,119,-0.1958741068840027,False
26,75,49,-0.195928592979908,False
112,135,23,-0.1959771156311035,False
6,70,64,-0.19598757922649385,False
38,43,5,-0.19598826467990876,False
46,57,11,-0.19631489217281342,False
66,158,92,-0.19652574509382248,False
88,138,50,-0.19661891758441924,False
84,90,6,-0.1966553211212158,False
49,135,86,-0.19675645977258682,False
68,156,88,-0.1970167115330696,False
44,70,26,-0.19714673459529877,False
87,92,5,-0.19718679040670395,False
41,82,41,-0.19721246957778932,False
30,85,55,-0.19744508266448973,False
94,112,18,-0.19755000099539757,False
9,78,69,-0.19755634814500808,False
114,122,8,-0.19768618941307067,False
64,130,66,-0.19782480895519255,False
84,122,38,-0.19791117906570435,False
63,95,32,-0.1982043206691742,False
36,45,9,-0.19824691861867905,False
118,151,33,-0.1985214114189148,False
48,154,106,-0.1985873594880104,False
29,103,74,-0.19866108819842337,False
85,130,45,-0.19885501973330974,False
14,30,16,-0.1988745301961899,False
127,158,31,-0.19889239817857743,False
77,105,28,-0.19891533851623536,False
76,108,32,-0.19893214106559753,False
58,145,87,-0.19895102977752685,False
73,143,70,-0.19899289980530738,False
52,150,98,-0.19907190501689911,False
69,83,14,-0.1991529181599617,False
33,122,89,-0.19917029440402984,False
42,65,23,-0.19918063580989837,False
78,85,7,-0.1992174468934536,False
59,133,74,-0.19929344058036805,False
68,98,30,-0.19935902953147888,False
41,73,32,-0.19943759292364122,False
38,51,13,-0.199595907330513,False
56,110,54,-0.1996238000690937,False
85,134,49,-0.19970977753400804,False
56,75,19,-0.19981602653861047,False
82,135,53,-0.19983747452497483,False
87,94,7,-0.19997691512107849,False
21,49,28,-0.20003452003002167,False
13,157,144,-0.20017777979373932,False
39,121,82,-0.20038510113954544,False
77,132,55,-0.20042319297790528,False
11,142,131,-0.20044723451137542,False
30,58,28,-0.20049042254686356,False
39,149,110,-0.2010057032108307,False
101,154,53,-0.2012423872947693,False
56,68,12,-0.20125773847103118,False
78,124,46,-0.20141481906175612,False
80,135,55,-0.20144835412502288,False
108,138,30,-0.2014550119638443,False
104,148,44,-0.20152152925729752,False
53,105,52,-0.20187958776950837,False
76,143,67,-0.2021328926086426,False
91,157,66,-0.20224647223949432,False
64,107,43,-0.202458518743515,False
19,134,115,-0.2024621084332466,False
41,141,100,-0.2025778502225876,False
5,142,137,-0.20264387428760527,False
37,92,55,-0.20275087654590607,False
67,114,47,-0.20283372402191163,False
10,39,29,-0.20294665694236755,False
105,136,31,-0.20294678807258607,False
29,51,22,-0.20301232784986495,False
30,149,119,-0.2033097565174103,False
48,104,56,-0.20352875143289567,False
13,106,93,-0.2035812184214592,False
17,129,112,-0.20378535613417625,False
85,152,67,-0.20382923260331154,False
94,159,65,-0.20392366051673888,False
121,132,11,-0.20430605113506317,False
80,99,19,-0.20434665977954863,False
26,102,76,-0.20440130978822707,False
70,146,76,-0.2045019119977951,False
94,122,28,-0.20453329980373383,False
7,120,113,-0.2047634869813919,False
46,159,113,-0.20477358400821685,False
87,151,64,-0.20482540726661683,False
11,68,57,-0.2048903599381447,False
106,149,43,-0.20498101711273192,False
17,107,90,-0.20499390363693237,False
18,80,62,-0.20513863116502762,False
63,109,46,-0.2051720917224884,False
17,140,123,-0.20538389831781387,False
27,121,94,-0.20545682609081267,False
74,115,41,-0.20559139400720597,False
75,131,56,-0.205691459774971,False
42,155,113,-0.20593692660331725,False
103,143,40,-0.20612886250019075,False
89,109,20,-0.20624028742313386,False
27,82,55,-0.20625259280204772,False
117,130,13,-0.20677733570337295,False
2,120,118,-0.20682473182678224,False
3,81,78,-0.20695578828454017,False
83,149,66,-0.20703230798244476,False
10,58,48,-0.2070721924304962,False
79,137,58,-0.2073031384497881,False
93,118,25,-0.2074003517627716,False
11,16,5,-0.20770050287246705,False
67,106,39,-0.207756844162941,False
56,78,22,-0.20777757465839386,False
55,138,83,-0.20781962424516678,False
83,88,5,-0.20806753784418106,False
74,90,16,-0.20839986205101013,False
5,102,97,-0.2084839254617691,False
98,151,53,-0.20863208100199698,False
77,88,11,-0.20881395861506463,False
36,107,71,-0.20890153646469117,False
8,63,55,-0.20891141295433044,False
70,94,24,-0.20893721282482147,False
94,104,10,-0.20896204710006713,False
22,141,119,-0.2090064600110054,False
10,17,7,-0.20925225168466569,False
71,99,28,-0.20930394530296326,False
22,56,34,-0.209558866918087,False
52,157,105,-0.20972177684307097,False
77,120,43,-0.21008129715919494,False
13,50,37,-0.21031209880020468,False
35,139,104,-0.21084130331873893,False
28,83,55,-0.2109863430261612,False
38,153,115,-0.21105865240097046,False
83,128,45,-0.21112753748893737,False
17,86,69,-0.2113123804330826,False
106,150,44,-0.21148073226213454,False
46,152,106,-0.21152170598506928,False
54,154,100,-0.2115649774670601,False
17,89,72,-0.21164124011993407,False
36,74,38,-0.211834055185318,False
1,158,157,-0.21197936832904815,False
89,152,63,-0.2124001830816269,False
8,72,64,-0.2124268501996994,False
36,130,94,-0.21251411736011505,False
110,150,40,-0.21253065168857574,False
28,153,125,-0.21263568997383117,False
23,48,25,-0.2128166638314724,False
28,133,105,-0.2131258100271225,False
6,127,121,-0.21340288519859313,False
35,132,97,-0.2134553536772728,False
45,156,111,-0.21345744132995606,False
98,112,14,-0.21346501857042313,False
34,81,47,-0.213693705201149,False
3,55,52,-0.21391175091266632,False
26,154,128,-0.2139403060078621,False
40,73,33,-0.21408182606101037,False
7,29,22,-0.21430349051952363,False
85,107,22,-0.2144122153520584,False
101,135,34,-0.21466601118445397,False
100,111,11,-0.21481120139360427,False
56,155,99,-0.21504867300391198,False
102,112,10,-0.2150644302368164,False
33,121,88,-0.21508144587278366,False
36,87,51,-0.21510052680969238,False
30,42,12,-0.215599125623703,False
11,134,123,-0.2156396210193634,False
15,28,13,-0.21592714190483092,False
73,122,49,-0.21605379581451417,False
13,60,47,-0.21614772379398345,False
76,116,40,-0.21621022373437881,False
94,141,47,-0.21626598834991456,False
50,71,21,-0.21645871698856353,False
103,141,38,-0.21647608727216722,False
68,84,16,-0.21669452041387557,False
62,151,89,-0.21669779419898988,False
25,50,25,-0.21678381860256196,False
121,152,31,-0.21696213707327844,False
136,154,18,-0.21702851317822933,False
51,56,5,-0.2170539155602455,False
82,127,45,-0.21713433414697647,False
9,54,45,-0.21731744110584258,False
107,146,39,-0.21751648373901844,False
119,125,6,-0.217665646225214,False
21,64,43,-0.21768300533294677,False
89,135,46,-0.21779434084892274,False
31,41,10,-0.2179038405418396,False
10,18,8,-0.21791101694107057,False
29,105,76,-0.21793242990970613,False
45,84,39,-0.21805717945098876,False
126,143,17,-0.2180600643157959,False
42,105,63,-0.21825728118419646,False
28,103,75,-0.2183525323867798,False
83,102,19,-0.21853742003440857,False
62,124,62,-0.21887878179550171,False
17,141,124,-0.21888163238763808,False
9,72,63,-0.21888553202152253,False
29,57,28,-0.2189733386039734,False
62,145,83,-0.21910288631916047,False
9,145,136,-0.21935265734791756,False
6,117,111,-0.21937644183635713,False
18,23,5,-0.21956438571214676,False
47,129,82,-0.21957951486110688,False
88,127,39,-0.21969205141067505,False
66,104,38,-0.219798893481493,False
35,71,36,-0.22002205550670623,False
48,73,25,-0.22002458572387695,False
101,128,27,-0.22006447613239288,False
7,30,23,-0.22034167349338532,False
36,139,103,-0.22043285369873047,False
87,154,67,-0.22043820917606355,False
91,152,61,-0.2205585680902004,False
37,82,45,-0.22065855860710143,False
8,89,81,-0.22070335522294043,False
10,130,120,-0.22075868844985963,False
3,89,86,-0.22078027129173278,False
27,101,74,-0.2211350679397583,False
100,124,24,-0.22116224765777587,False
73,124,51,-0.22121159434318544,False
123,141,18,-0.2212332844734192,False
88,119,31,-0.22125869393348693,False
36,121,85,-0.2213472068309784,False
44,77,33,-0.22189521566033363,False
30,81,51,-0.22193917781114578,False
51,94,43,-0.22206546664237975,False
89,94,5,-0.22215439081192018,False
85,142,57,-0.22253938317298888,False
11,66,55,-0.22256758213043212,False
63,145,82,-0.22259019911289216,False
64,111,47,-0.22262201756238936,False
143,158,15,-0.22265994548797607,False
59,97,38,-0.22288539707660676,False
77,135,58,-0.22296163067221642,False
99,130,31,-0.2231123700737953,False
36,111,75,-0.2231684722006321,False
21,48,27,-0.22326842769980432,False
5,150,145,-0.22330226600170136,False
53,132,79,-0.22346223071217536,False
146,155,9,-0.22355589270591736,False
17,42,25,-0.22362443506717683,False
104,142,38,-0.22363615036010742,False
3,96,93,-0.22367426753044128,False
10,15,5,-0.2239004760980606,False
8,55,47,-0.2241898685693741,False
45,81,36,-0.22429544925689698,False
6,60,54,-0.2243031844496727,False
18,56,38,-0.2244785726070404,False
16,32,16,-0.22464824020862578,False
2,9,7,-0.22492818534374237,False
109,146,37,-0.22494057938456535,False
66,81,15,-0.22533493041992186,False
3,95,92,-0.22541674375534057,False
55,130,75,-0.22542449533939363,False
7,116,109,-0.22544806599617004,False
64,143,79,-0.2255907267332077,False
101,150,49,-0.2256140686571598,False
6,71,65,-0.2256663531064987,False
80,148,68,-0.22576556652784346,False
38,75,37,-0.22577442824840546,False
124,132,8,-0.2258002132177353,False
34,130,96,-0.22589508891105653,False
63,127,64,-0.22600819617509843,False
6,11,5,-0.22606312334537507,False
85,140,55,-0.2262632817029953,False
47,116,69,-0.22634177207946776,False
4,70,66,-0.22634263038635255,False
44,159,115,-0.22641867399215698,False
81,141,60,-0.22645197212696075,False
14,151,137,-0.22647365629673005,False
114,121,7,-0.22672156244516373,False
31,59,28,-0.22673712074756622,False
17,59,42,-0.2268417477607727,False
34,132,98,-0.2271780524402857,False
59,113,54,-0.22719548642635345,False
10,66,56,-0.22758608609437941,False
89,157,68,-0.2277194544672966,False
33,148,115,-0.22790093272924422,False
3,17,14,-0.22809338718652725,False
10,158,148,-0.2281555101275444,False
54,148,94,-0.22832250893115996,False
103,111,8,-0.22833378314971925,False
91,108,17,-0.228340183198452,False
11,125,114,-0.22841267399489878,False
91,117,26,-0.22860165387392045,False
109,138,29,-0.22872330769896507,False
49,149,100,-0.22873296588659286,False
55,131,76,-0.2294645205140114,False
11,90,79,-0.2295931786298752,False
56,152,96,-0.22974734641611577,False
128,154,26,-0.22976963669061662,False
34,59,25,-0.22981600761413573,False
128,142,14,-0.23007340729236603,False
106,117,11,-0.230156372487545,False
60,79,19,-0.23032645285129547,False
25,60,35,-0.23037098944187165,False
16,85,69,-0.2304810829460621,False
17,142,125,-0.23079835325479509,False
46,151,105,-0.2312929317355156,False
8,134,126,-0.23134792745113372,False
40,145,105,-0.23146670460700988,False
9,156,147,-0.23168300241231918,False
61,104,43,-0.23191479444503785,False
128,136,8,-0.23213588893413545,False
17,56,39,-0.2324373885989189,False
80,128,48,-0.2324611246585846,False
109,139,30,-0.23249953091144562,False
34,128,94,-0.2325337141752243,False
83,159,76,-0.23254360556602477,False
80,112,32,-0.23261701464653015,False
49,58,9,-0.23286755457520486,False
95,100,5,-0.23316937386989595,True
77,116,39,-0.2332356572151184,False
4,44,40,-0.2333271786570549,False
29,99,70,-0.23336466401815414,False
38,104,66,-0.23378250896930694,False
33,99,66,-0.23394995406270028,False
16,140,124,-0.23400389701128005,False
66,98,32,-0.23405652344226838,False
74,118,44,-0.23433267027139665,False
38,115,77,-0.23446540236473085,False
49,101,52,-0.23461307287216188,False
77,91,14,-0.2349208801984787,False
66,125,59,-0.2350074291229248,False
51,92,41,-0.23507788851857186,False
48,121,73,-0.23535210341215135,False
62,74,12,-0.23536307960748673,False
92,138,46,-0.23573555052280426,False
20,87,67,-0.2358214646577835,False
77,150,73,-0.23587631583213806,False
17,47,30,-0.23596835136413574,False
16,154,138,-0.23604045063257217,False
37,114,77,-0.2365008682012558,False
12,36,24,-0.23653457760810853,False
58,146,88,-0.23656904101371765,False
86,152,66,-0.23676748126745223,False
21,73,52,-0.23684369772672653,False
49,151,102,-0.23715532198548317,False
36,53,17,-0.23738482743501663,False
7,150,143,-0.23758483678102493,False
13,65,52,-0.2376709386706352,False
38,102,64,-0.23779945224523544,False
9,142,133,-0.2378152184188366,False
10,41,31,-0.23801756352186204,False
68,122,54,-0.23826296925544738,False
125,150,25,-0.2382828563451767,False
72,125,53,-0.23836331069469452,False
36,155,119,-0.2384093791246414,False
105,111,6,-0.2384737566113472,False
17,80,63,-0.23851911425590516,False
11,82,71,-0.23867487162351608,False
22,106,84,-0.2389289379119873,False
58,111,53,-0.2393336445093155,False
41,52,11,-0.23948766887187958,False
94,114,20,-0.23957083895802497,False
33,102,69,-0.239656563103199,False
78,123,45,-0.23980978429317473,False
73,99,26,-0.24000563770532607,False
24,62,38,-0.24007664620876312,False
91,141,50,-0.24026193022727965,False
92,114,22,-0.24059490785002707,False
9,93,84,-0.2406383901834488,False
11,152,141,-0.2406998857855797,False
87,110,23,-0.24072543680667877,False
58,79,21,-0.2409253090620041,False
86,106,20,-0.24104355424642562,False
50,87,37,-0.24116063565015794,False
32,56,24,-0.2412610709667206,False
19,114,95,-0.24154889658093454,False
80,145,65,-0.24184844493865967,False
44,129,85,-0.24194671511650084,False
32,156,124,-0.24206013828516007,False
50,86,36,-0.24210100807249546,False
31,144,113,-0.2421281933784485,False
82,148,66,-0.2422609582543373,False
12,140,128,-0.24229485392570496,False
118,134,16,-0.242607182264328,False
88,148,60,-0.242627814412117,False
53,69,16,-0.24273541420698166,True
54,140,86,-0.24292840361595153,False
74,84,10,-0.24295481145381928,False
97,129,32,-0.24311391562223433,False
14,25,11,-0.2432249180972576,False
105,119,14,-0.2432876855134964,False
78,109,31,-0.24339902848005296,False
118,146,28,-0.2436336100101471,False
72,99,27,-0.24377949833869933,False
30,79,49,-0.24407953172922134,False
32,41,9,-0.24408622086048126,False
42,132,90,-0.24410644620656968,False
116,131,15,-0.24417624771595,False
81,148,67,-0.2443766325712204,False
47,81,34,-0.244405135512352,False
84,139,55,-0.24443532824516295,False
106,132,26,-0.2444447547197342,False
41,47,6,-0.24460008144378662,False
16,31,15,-0.24464758187532426,False
40,135,95,-0.24469971358776094,False
91,110,19,-0.244706030189991,False
25,106,81,-0.2447528749704361,False
81,87,6,-0.2448993742465973,False
53,98,45,-0.24497123062610626,False
9,69,60,-0.24502892941236495,False
72,132,60,-0.2451289862394333,False
38,63,25,-0.24519457370042802,False
34,121,87,-0.24559538811445236,False
41,88,47,-0.2456698089838028,False
14,118,104,-0.24575505256652833,False
78,143,65,-0.24588902443647384,False
36,84,48,-0.24601178467273713,False
33,38,5,-0.24605423659086229,False
124,134,10,-0.24606967270374297,False
11,92,81,-0.24625708013772965,False
7,135,128,-0.24632587432861328,False
11,36,25,-0.24634705632925033,False
2,56,54,-0.24638429284095764,False
24,153,129,-0.2464458554983139,False
34,78,44,-0.2465700775384903,False
17,109,92,-0.24657232463359832,False
50,81,31,-0.246715185046196,False
30,57,27,-0.24718766659498215,False
76,84,8,-0.24726085215806962,False
25,55,30,-0.24732384979724883,False
61,148,87,-0.2475666344165802,False
105,156,51,-0.24774774610996247,False
46,150,104,-0.24774843752384185,False
103,145,42,-0.2477860026061535,False
8,70,62,-0.24801819622516633,False
1,56,55,-0.2481178253889084,False
70,124,54,-0.2481272030621767,False
99,117,18,-0.24847731590270997,False
28,53,25,-0.24888455271720886,False
72,137,65,-0.24893611669540405,False
40,138,98,-0.24901580214500427,False
48,99,51,-0.2494153141975403,False
124,129,5,-0.24955955594778062,False
111,129,18,-0.24960779957473278,False
6,49,43,-0.2496391735970974,False
121,135,14,-0.249829438328743,False
66,100,34,-0.24996591210365296,False
10,27,17,-0.250252890586853,False
14,153,139,-0.25080973505973814,False
16,53,37,-0.25087979063391685,False
18,52,34,-0.2509459599852562,False
29,142,113,-0.25106608122587204,False
50,153,103,-0.25127271711826327,False
49,97,48,-0.25131791532039643,False
98,136,38,-0.25147362127900125,False
79,86,7,-0.2515106931328773,False
13,98,85,-0.2517121911048889,False
114,119,5,-0.2519901663064957,False
25,35,10,-0.2522925704717636,False
118,157,39,-0.25241551995277406,False
10,53,43,-0.2526135765016079,False
145,155,10,-0.25261847078800204,False
30,110,80,-0.2526398330926895,False
65,106,41,-0.25316901206970216,False
93,120,27,-0.2532310515642166,False
126,141,15,-0.2533112198114395,False
51,88,37,-0.2533249456435442,False
63,73,10,-0.25344748347997664,False
94,137,43,-0.25380663871765136,False
55,118,63,-0.25384582579135895,False
93,150,57,-0.2539984554052353,False
6,75,69,-0.2543113067746162,False
32,111,79,-0.25455131828784944,False
64,104,40,-0.25462591722607614,False
24,32,8,-0.2551344156265259,False
86,125,39,-0.2551740169525146,False
6,106,100,-0.25521038472652435,False
71,139,68,-0.25541604310274124,False
84,114,30,-0.2555233806371689,False
122,137,15,-0.255544912815094,False
16,55,39,-0.2555473282933235,False
53,155,102,-0.25556572526693344,False
70,137,67,-0.2555689916014671,False
32,129,97,-0.2555956065654755,False
39,103,64,-0.2557250916957855,False
83,105,22,-0.25596958547830584,False
45,103,58,-0.25629465356469155,False
34,103,69,-0.2563016444444656,False
87,116,29,-0.25645204782485964,False
102,147,45,-0.2565138712525368,False
31,51,20,-0.25652057975530623,False
17,124,107,-0.2567449748516083,False
108,152,44,-0.2569672644138336,False
76,92,16,-0.2569951832294464,False
91,140,49,-0.257024297118187,False
60,129,69,-0.25711799710989,False
19,85,66,-0.25714467018842696,False
64,124,60,-0.2572356551885605,False
8,132,124,-0.25748406499624255,False
2,51,49,-0.2575595811009407,False
69,97,28,-0.25779120326042176,False
16,139,123,-0.2578310191631317,False
6,132,126,-0.25786655470728875,False
13,43,30,-0.25794488489627837,False
99,147,48,-0.25797957330942156,False
120,131,11,-0.2580263316631317,False
6,78,72,-0.25819653943181037,False
52,82,30,-0.2582944005727768,False
6,42,36,-0.2583035737276077,False
57,158,101,-0.2584582969546318,False
76,137,61,-0.2585671439766884,False
104,138,34,-0.2586682870984077,False
84,154,70,-0.25868048816919326,False
26,109,83,-0.2587373949587345,False
90,108,18,-0.2588147193193436,False
16,50,34,-0.25892186611890794,False
22,69,47,-0.25926315784454346,False
19,132,113,-0.2593737006187439,False
107,154,47,-0.259545786678791,False
12,18,6,-0.26005945801734925,False
33,45,12,-0.26043758988380433,False
71,119,48,-0.2604838266968727,False
5,153,148,-0.26068185418844225,False
25,98,73,-0.2607035726308823,False
108,121,13,-0.2608362227678299,False
15,29,14,-0.2609425514936447,False
29,148,119,-0.26125709488987925,False
21,87,66,-0.261282716691494,False
76,110,34,-0.2617804199457169,False
130,154,24,-0.2621382102370262,False
41,66,25,-0.2622694194316864,False
114,134,20,-0.2622940331697464,False
23,92,69,-0.2623152807354927,False
98,138,40,-0.262508238106966,False
120,134,14,-0.2626042038202286,False
51,149,98,-0.26279849261045457,False
52,92,40,-0.26281825825572014,False
98,111,13,-0.26313464865088465,False
144,154,10,-0.2633351504802704,False
3,63,60,-0.26344047784805297,False
45,50,5,-0.2634663701057434,False
101,149,48,-0.2635347247123718,False
16,131,115,-0.2636113941669464,False
36,90,54,-0.26380723938345907,False
28,104,76,-0.2638186991214752,False
28,114,86,-0.2639750599861145,False
62,129,67,-0.2640884153544903,False
4,149,145,-0.26409938633441926,False
110,151,41,-0.2641099411994219,False
50,68,18,-0.2642657458782196,False
7,155,148,-0.26428514569997785,False
52,60,8,-0.26448689550161364,False
90,98,8,-0.26451229602098464,False
105,141,36,-0.26456151232123376,False
114,126,12,-0.2647214591503143,False
30,56,26,-0.26480519128963353,False
42,55,13,-0.2649571269750595,False
97,139,42,-0.26500024497509,False
129,135,6,-0.26503453254699705,False
64,80,16,-0.26503594070672987,False
19,110,91,-0.26504153609275816,False
98,143,45,-0.26504349112510683,False
7,33,26,-0.2650726497173309,False
100,149,49,-0.26523872315883634,False
85,113,28,-0.26529451459646225,False
46,88,42,-0.26550410091876986,False
5,37,32,-0.26566953361034396,False
48,145,97,-0.2660441994667053,False
30,47,17,-0.2660673439502716,False
77,152,75,-0.2662805557250977,False
23,117,94,-0.2664034977555275,False
5,67,62,-0.2666814535856247,False
17,125,108,-0.26687746942043306,False
35,87,52,-0.26692750453948977,False
40,153,113,-0.2669441193342209,False
13,91,78,-0.266946017742157,False
29,133,104,-0.267050164937973,False
37,136,99,-0.26720794290304184,False
50,91,41,-0.26728655397892,False
16,138,122,-0.2673319146037102,False
18,155,137,-0.26735895574092866,False
16,80,64,-0.26736098527908325,False
17,71,54,-0.26739960759878156,False
112,144,32,-0.2676877148449421,False
48,62,14,-0.2677361987531185,False
46,123,77,-0.2677688553929329,False
2,154,152,-0.26780698001384734,False
118,135,17,-0.26789694651961327,False
21,75,54,-0.26797903180122373,False
38,130,92,-0.26842950135469434,False
29,62,33,-0.26843062937259676,False
55,135,80,-0.2684445157647133,False
71,135,64,-0.2684927463531494,False
28,154,126,-0.2688379719853401,False
49,84,35,-0.26896376609802247,False
45,145,100,-0.26896959245204927,False
37,59,22,-0.26909696459770205,False
118,154,36,-0.26914740204811094,False
52,91,39,-0.2692377507686615,False
26,106,80,-0.26944431066513064,False
12,59,47,-0.269765143096447,False
33,108,75,-0.26979321539402007,False
116,128,12,-0.26982156932353973,False
102,129,27,-0.26989258229732516,False
49,120,71,-0.2700801506638527,False
8,105,97,-0.27026681527495383,False
73,125,52,-0.27031634002923965,False
86,111,25,-0.2705520689487457,False
121,156,35,-0.27071657329797744,False
6,48,42,-0.2707685522735119,False
55,152,97,-0.2709876373410225,False
79,99,20,-0.27107696831226347,False
88,111,23,-0.2711290068924427,False
124,139,15,-0.27131894081830976,False
77,98,21,-0.2715310208499432,False
37,76,39,-0.27178084328770635,False
15,155,140,-0.2718103021383286,False
65,112,47,-0.2718874026089907,False
49,150,101,-0.27192729339003563,False
39,152,113,-0.27221672236919403,False
6,63,57,-0.27225347235798836,False
9,83,74,-0.2722660042345524,False
68,119,51,-0.27260264158248904,False
73,91,18,-0.2726527601480484,False
47,152,105,-0.27265709936618804,False
62,141,79,-0.2729030653834343,False
126,156,30,-0.2730171248316765,False
22,55,33,-0.27336643934249877,False
92,115,23,-0.2733825758099556,False
18,53,35,-0.27352661788463595,False
9,111,102,-0.27380659282207487,False
94,121,27,-0.2738729164004326,False
107,138,31,-0.2740684375166893,False
70,118,48,-0.2740887746214867,False
94,146,52,-0.27410649657249453,False
122,142,20,-0.27415879964828493,False
69,154,85,-0.27427955716848373,False
97,109,12,-0.2743536621332169,False
79,138,59,-0.27450813353061676,False
20,83,63,-0.2745819568634033,False
1,54,53,-0.2746999353170395,False
74,94,20,-0.2747486189007759,False
94,153,59,-0.27475210577249526,False
129,157,28,-0.2747931912541389,False
115,149,34,-0.2747973073273897,True
7,151,144,-0.2749756023287773,True
58,64,6,-0.2753507554531097,False
4,119,115,-0.2754715830087662,False
92,118,26,-0.2755164846777916,False
9,151,142,-0.2755508482456207,False
23,121,98,-0.27562704086303713,False
125,152,27,-0.2758065670728683,False
46,135,89,-0.27606780380010604,False
11,104,93,-0.27617810368537904,False
29,71,42,-0.2762854129076004,False
6,151,145,-0.276347279548645,False
4,40,36,-0.2765549749135971,False
20,134,114,-0.27655749171972277,False
136,143,7,-0.2765620365738869,False
44,154,110,-0.2765755742788315,False
7,76,69,-0.2767296820878983,False
32,63,31,-0.2767521619796753,False
65,141,76,-0.27683601081371306,False
49,79,30,-0.27684775590896604,False
49,124,75,-0.2771662689745426,False
12,55,43,-0.27718716859817505,False
104,133,29,-0.27724936604499817,False
84,119,35,-0.277630078792572,False
68,116,48,-0.27776273861527445,False
13,141,128,-0.27777742184698584,False
93,138,45,-0.2779111981391907,False
109,124,15,-0.277935665845871,False
111,131,20,-0.27804078459739684,False
122,141,19,-0.2788266524672508,False
103,152,49,-0.2788952350616455,False
68,101,33,-0.2792003951966763,False
150,155,5,-0.2792746126651764,False
32,108,76,-0.27928807586431503,False
90,104,14,-0.27935982644557955,False
58,147,89,-0.27964881956577303,False
93,117,24,-0.27983233481645586,False
59,152,93,-0.2798879981040955,False
125,137,12,-0.279906365275383,False
80,132,52,-0.2800056181848049,False
71,102,31,-0.28011674582958224,False
36,108,72,-0.2803292512893677,False
80,94,14,-0.2803303375840187,False
107,135,28,-0.28036660254001616,False
108,119,11,-0.2807287029922009,False
10,111,101,-0.28079460114240645,False
76,140,64,-0.2809486597776413,False
58,80,22,-0.28095697462558744,False
56,140,84,-0.28102291077375413,False
75,150,75,-0.28108529895544054,False
6,109,103,-0.28119157664477823,False
98,121,23,-0.2812444880604744,False
40,114,74,-0.2813202917575836,False
18,140,122,-0.2814070001244545,False
34,58,24,-0.28156847059726714,False
36,147,111,-0.2815751150250435,False
26,112,86,-0.28171687573194504,False
73,78,5,-0.2817209132015705,False
12,75,63,-0.28174407929182055,False
49,86,37,-0.2818946108222008,False
90,103,13,-0.28190351128578184,False
42,119,77,-0.28209359720349314,False
96,116,20,-0.28210833966732024,False
70,153,83,-0.28218374997377393,False
80,138,58,-0.28238309621810914,False
66,135,69,-0.2824012219905853,False
36,99,63,-0.28257299661636354,False
127,146,19,-0.2830304458737373,False
69,131,62,-0.283041013777256,False
42,108,66,-0.2831515997648239,False
20,51,31,-0.28343903124332426,False
12,104,92,-0.28347807824611665,False
17,50,33,-0.2840363968163729,False
117,153,36,-0.28413197100162507,False
101,136,35,-0.28433273136615755,False
29,119,90,-0.28440032005310056,False
27,118,91,-0.28457458019256593,False
103,159,56,-0.28461082875728605,False
23,126,103,-0.2847735986113548,False
73,157,84,-0.28488984480500223,False
72,83,11,-0.2851071640849113,False
40,60,20,-0.28529203236103057,True
32,128,96,-0.2853319883346558,False
75,153,78,-0.2853334166109562,False
42,54,12,-0.28533750772476196,False
43,98,55,-0.285401713848114,True
72,152,80,-0.2854169592261314,False
11,97,86,-0.28557522147893905,False
4,26,22,-0.2857752561569214,False
19,147,128,-0.285883229970932,False
14,117,103,-0.2859304189682007,False
60,99,39,-0.28600676357746124,False
68,108,40,-0.28601599149405954,False
69,82,13,-0.28610484302043915,False
116,130,14,-0.2862578690052032,False
3,140,137,-0.28637199848890305,False
19,65,46,-0.2863997995853424,False
76,85,9,-0.28643550500273707,False
68,146,78,-0.28668054938316345,False
13,93,80,-0.28681626692414286,False
14,83,69,-0.2868330180644989,False
60,83,23,-0.2868591070175171,False
112,152,40,-0.28688807263970373,True
39,132,93,-0.2869852468371391,False
5,147,142,-0.2871886849403381,False
31,147,116,-0.2872097879648209,False
32,52,20,-0.2874859422445297,False
19,122,103,-0.2876002311706543,False
52,143,91,-0.2876124791800976,False
48,97,49,-0.28763037770986555,False
107,143,36,-0.2876739799976349,False
22,142,120,-0.2876789152622223,False
67,104,37,-0.2876793250441551,False
39,136,97,-0.28772335350513456,False
4,129,125,-0.2877634152770042,False
24,75,51,-0.28776587918400764,False
92,147,55,-0.28783359527587893,False
51,132,81,-0.28790942281484605,False
129,152,23,-0.2879162013530731,False
77,90,13,-0.2879696488380432,False
23,157,134,-0.2883774623274803,False
6,58,52,-0.28839824050664903,False
90,125,35,-0.2884999245405197,False
8,77,69,-0.28855993449687956,False
95,124,29,-0.28862671852111815,False
88,125,37,-0.28864176869392394,False
13,150,137,-0.28880277574062346,False
9,135,126,-0.28915496468544005,False
33,114,81,-0.2891900986433029,False
15,57,42,-0.28919054567813873,False
33,129,96,-0.2893059626221657,False
92,112,20,-0.28935502395033835,False
23,101,78,-0.28946215808391573,False
52,147,95,-0.2895574808120728,False
45,144,99,-0.2896072417497635,False
40,117,77,-0.28961003124713897,False
60,113,53,-0.28969150483608247,False
106,136,30,-0.2899122595787048,False
24,36,12,-0.29052170515060427,False
44,152,108,-0.29058925807476044,False
5,18,13,-0.2906559377908707,False
79,135,56,-0.290738633275032,False
72,154,82,-0.2908713802695274,False
91,127,36,-0.29089162200689317,False
76,145,69,-0.2910550832748413,False
72,97,25,-0.29112517535686494,False
46,90,44,-0.2911411702632904,False
12,35,23,-0.291176438331604,False
58,82,24,-0.29141885340213775,False
37,97,60,-0.291472989320755,False
33,110,77,-0.2916893169283867,False
63,108,45,-0.2917468503117561,False
46,130,84,-0.2918806433677673,False
83,135,52,-0.29198214411735535,False
19,106,87,-0.2920296460390091,False
5,105,100,-0.2920323483645916,False
145,159,14,-0.2920626521110535,False
84,108,24,-0.2921246200799942,False
55,143,88,-0.2922764033079147,False
11,32,21,-0.2923037767410278,False
72,156,84,-0.2923313483595848,False
9,64,55,-0.2923614837229252,False
27,49,22,-0.2923631750047207,False
21,142,121,-0.29263935983181,False
13,110,97,-0.29291675770655273,False
24,58,34,-0.29293003082275393,False
44,133,89,-0.29295889735221864,False
22,127,105,-0.29298985600471494,False
50,66,16,-0.29306439608335494,False
17,53,36,-0.2932190954685211,False
50,82,32,-0.2932723119854927,False
76,111,35,-0.29328313320875166,False
26,132,106,-0.2934552237391472,False
114,120,6,-0.29357979223132136,False
56,132,76,-0.2936937689781189,False
70,119,49,-0.2937365971505642,False
55,86,31,-0.29383317977190015,False
121,128,7,-0.2941760875284672,False
44,117,73,-0.29426968693733213,False
83,112,29,-0.29525543600320814,False
134,147,13,-0.2953436255455017,False
40,132,92,-0.2956027865409851,False
16,41,25,-0.29585760831832886,False
8,106,98,-0.29587718546390535,False
90,135,45,-0.29592561945319173,False
4,74,70,-0.29595120400190356,False
56,158,102,-0.29623154997825624,False
44,147,103,-0.2965541869401932,False
12,141,129,-0.2970337525010109,False
7,16,9,-0.29712318629026413,False
17,127,110,-0.2971958234906197,False
5,89,84,-0.2975723881274462,False
79,116,37,-0.2976159930229187,False
60,139,79,-0.29769633859395983,False
7,50,43,-0.2980141222476959,False
83,153,70,-0.2980191074311733,False
24,94,70,-0.2980206996202469,False
40,144,104,-0.2982541501522064,False
49,66,17,-0.29837214946746826,False
58,108,50,-0.2985401153564453,False
62,83,21,-0.29869756996631625,False
37,155,118,-0.29880916476249697,False
39,120,81,-0.298834627866745,False
38,64,26,-0.2990187406539917,False
86,98,12,-0.2991981491446495,False
42,156,114,-0.2992055296897888,False
49,121,72,-0.2993408337235451,False
127,134,7,-0.2994338274002075,False
72,129,57,-0.29968854784965515,False
125,156,31,-0.29969078600406646,False
91,98,7,-0.2997669577598572,False
31,109,78,-0.29981978237628937,False
1,35,34,-0.29998317658901213,False
72,78,6,-0.30009560883045194,False
75,125,50,-0.30011144280433655,False
37,124,87,-0.30014245957136154,False
90,130,40,-0.3001962170004845,False
82,102,20,-0.30053437501192093,False
46,78,32,-0.3009233593940735,False
53,106,53,-0.3009966254234314,False
53,78,25,-0.30108967423439026,False
55,104,49,-0.3015358507633209,False
6,87,81,-0.3018178857862949,False
118,149,31,-0.3021000295877457,False
9,62,53,-0.30242294520139695,False
57,73,16,-0.30250720530748365,False
2,92,90,-0.3025076791644096,False
69,116,47,-0.30268827080726624,False
21,131,110,-0.30270196199417115,False
30,107,77,-0.30294604524970054,False
47,117,70,-0.30305696874856947,False
39,64,25,-0.30312336832284925,False
77,136,59,-0.30314238369464874,False
31,103,72,-0.3033048450946808,False
35,90,55,-0.3033316507935524,False
6,74,68,-0.30353486388921735,False
133,151,18,-0.3035490497946739,False
92,120,28,-0.3035789832472801,False
109,125,16,-0.3037678003311157,False
102,126,24,-0.30377799868583677,False
53,73,20,-0.30393993109464645,False
103,109,6,-0.30401645600795746,False
48,120,72,-0.30407797247171403,False
3,54,51,-0.30414297580718996,False
59,117,58,-0.30416221767663953,False
74,107,33,-0.30422179996967313,False
8,120,112,-0.3043954476714134,False
49,128,79,-0.30447716563940047,False
55,105,50,-0.3044783025979996,False
75,90,15,-0.3046415954828262,False
78,135,57,-0.3046730697154999,False
42,53,11,-0.30467514842748644,False
20,40,20,-0.3047322899103165,False
12,54,42,-0.3047391980886459,False
108,149,41,-0.30478337705135344,False
37,74,37,-0.3050899416208267,False
118,133,15,-0.3052325457334518,False
99,108,9,-0.3053231298923492,False
71,89,18,-0.30568353533744813,False
80,108,28,-0.3058537557721138,False
18,63,45,-0.30590920746326444,False
44,72,28,-0.3059923693537712,False
62,73,11,-0.30629957616329195,False
24,66,42,-0.3063094273209572,False
125,154,29,-0.30668463855981826,False
118,124,6,-0.30678749084472656,False
58,114,56,-0.3070183515548706,False
27,114,87,-0.30707106590270994,False
3,74,71,-0.30709734559059143,False
35,74,39,-0.3073449730873108,False
37,51,14,-0.30748475790023805,False
56,114,58,-0.3077264055609703,False
44,119,75,-0.3077623650431633,False
17,105,88,-0.30791003704071046,False
16,62,46,-0.30798574090003966,False
26,61,35,-0.3080456703901291,False
65,151,86,-0.3081543043255806,False
15,63,48,-0.308179796487093,False
73,82,9,-0.30825802981853484,False
51,157,106,-0.3085117071866989,False
20,58,38,-0.3085135012865067,False
125,145,20,-0.30864046663045885,False
73,155,82,-0.3087959535419941,False
78,155,77,-0.30895851030945776,False
83,155,72,-0.30902794003486633,False
10,134,124,-0.30903986394405364,False
9,89,80,-0.30910881608724594,False
86,114,28,-0.3091488927602768,False
10,37,27,-0.30930390655994416,False
67,146,79,-0.30950351655483244,False
60,127,67,-0.30952911972999575,False
53,146,93,-0.30973503589630125,False
15,141,126,-0.3097444951534271,False
2,87,85,-0.30985797122120856,False
38,142,104,-0.3098579928278923,False
64,114,50,-0.31003246605396273,False
21,117,96,-0.3104858726263046,True
28,56,28,-0.31060071289539337,False
64,121,57,-0.3107017010450363,False
30,86,56,-0.310858952999115,False
27,76,49,-0.3108863428235054,False
71,118,47,-0.3110328331589699,False
71,117,46,-0.31137978434562685,False
53,138,85,-0.3115269035100937,False
6,35,29,-0.3116993397474289,False
89,136,47,-0.31171799674630163,False
33,71,38,-0.3117476165294647,False
133,157,24,-0.31205268278717996,True
19,58,39,-0.3120576038956642,False
80,97,17,-0.31210019439458847,False
61,101,40,-0.3123258173465729,False
39,100,61,-0.3125283882021904,False
24,108,84,-0.31262015998363496,False
97,120,23,-0.31264397501945496,False
129,146,17,-0.31277229487895963,False
52,84,32,-0.3131176263093948,False
56,134,78,-0.31313482485711575,False
1,73,72,-0.3133255451917648,False
38,100,62,-0.3135134935379028,False
74,92,18,-0.31356144696474075,False
76,94,18,-0.313633231818676,False
131,156,25,-0.3136559069156647,False
103,116,13,-0.3136865086853504,False
52,152,100,-0.3136870801448822,False
47,156,109,-0.3137202724814415,False
96,151,55,-0.3138810873031616,False
10,93,83,-0.31416759490966795,False
130,152,22,-0.3142156332731247,False
48,127,79,-0.31426878869533537,False
68,107,39,-0.31429857164621355,False
39,143,104,-0.3144592583179474,False
73,107,34,-0.31451092660427094,False
48,75,27,-0.31473998427391053,False
88,152,64,-0.31489391475915907,False
27,147,120,-0.31501226127147675,True
117,138,21,-0.3150639280676842,False
86,154,68,-0.3151695504784584,False
11,29,18,-0.31520111858844757,False
17,43,26,-0.3152507275342941,False
8,96,88,-0.31544962525367737,False
82,142,60,-0.3155308663845062,False
45,114,69,-0.31558036208152773,False
86,120,34,-0.3155966937541962,False
67,112,45,-0.31568807996809484,False
30,143,113,-0.31576292514801024,False
57,98,41,-0.3159469246864319,False
76,97,21,-0.31595962047576903,False
16,61,45,-0.3159913241863251,False
104,121,17,-0.3160826116800308,False
62,134,72,-0.3161597639322281,False
10,128,118,-0.3163154825568199,False
79,125,46,-0.3163370668888092,False
73,151,78,-0.31647097021341325,False
82,154,72,-0.3165812402963638,False
1,80,79,-0.3166509434580803,False
4,66,62,-0.31666608303785326,False
88,120,32,-0.31698012053966523,False
27,116,89,-0.31703819781541825,False
4,30,26,-0.31708774119615557,False
87,141,54,-0.31715688705444334,False
24,135,111,-0.3171750009059906,False
65,129,64,-0.31718014776706693,False
121,136,15,-0.31740271747112275,False
74,93,19,-0.31747680306434634,False
20,138,118,-0.3176803097128868,False
111,126,15,-0.317706698179245,False
37,106,69,-0.3177320219576359,False
84,107,23,-0.3178166769444942,False
13,131,118,-0.31808402165770533,False
51,73,22,-0.31836793906986716,False
101,120,19,-0.31842086017131804,False
122,144,22,-0.3184987783432007,False
6,90,84,-0.3186296850442886,False
8,157,149,-0.3187289237976074,False
4,71,67,-0.31879131197929383,False
12,142,130,-0.31899178922176363,False
55,92,37,-0.3190099269151688,False
36,65,29,-0.3190100222826004,False
8,87,79,-0.3194423705339432,False
7,127,120,-0.3194543346762657,False
12,118,106,-0.31946270614862443,False
28,157,129,-0.3195115655660629,False
16,148,132,-0.31960115060210226,False
124,146,22,-0.31977956667542456,False
68,92,24,-0.3199035167694092,False
55,77,22,-0.31992357075214384,False
63,126,63,-0.31998555064201356,False
8,60,52,-0.31999837756156924,False
5,51,46,-0.3201370880007744,False
11,78,67,-0.32013784572482107,False
117,126,9,-0.3201624423265457,False
2,114,112,-0.3205429047346115,False
22,53,31,-0.32055184841156004,False
59,154,95,-0.32057432234287264,False
16,40,24,-0.3206604242324829,False
20,142,122,-0.32073809802532194,False
56,111,55,-0.32077193185687064,False
91,138,47,-0.3208131864666939,False
12,88,76,-0.321060723811388,False
89,127,38,-0.32116818726062774,False
75,140,65,-0.3212487161159515,False
89,103,14,-0.32139708995819094,False
44,137,93,-0.32162073254585266,False
13,73,60,-0.32163087129592893,False
59,69,10,-0.32172457575798036,False
94,132,38,-0.3218778491020203,False
6,85,79,-0.32197936028242113,False
79,126,47,-0.32243686467409133,False
131,152,21,-0.3225846618413925,False
122,143,21,-0.32264390885829924,False
13,75,62,-0.3227369040250778,False
40,123,83,-0.3227577269077301,False
32,90,58,-0.32281718850135804,False
19,72,53,-0.3228681117296219,False
48,125,77,-0.32310568988323213,False
65,117,52,-0.3231705129146576,False
52,89,37,-0.3234052985906601,False
2,42,40,-0.3235408678650856,False
113,139,26,-0.32361733317375185,False
72,126,54,-0.3237261563539505,False
30,87,57,-0.32385524809360505,False
15,32,17,-0.32394098341464994,False
73,96,23,-0.3241924852132797,False
74,139,65,-0.3242381900548935,False
4,31,27,-0.3243397459387779,False
18,39,21,-0.3244697093963623,False
112,133,21,-0.3246042221784592,False
70,90,20,-0.3246810376644135,False
9,60,51,-0.3247738242149353,False
69,146,77,-0.3248119652271271,False
67,128,61,-0.3249019831418991,False
115,120,5,-0.3249782145023346,False
52,130,78,-0.3249917082488537,False
66,94,28,-0.3250619828701019,False
12,92,80,-0.3251470118761063,False
61,90,29,-0.3255621179938316,False
2,131,129,-0.3256047457456589,False
35,98,63,-0.32567663341760633,False
42,151,109,-0.32600251138210296,False
105,123,18,-0.3262409195303917,False
22,70,48,-0.32624356299638746,False
102,151,49,-0.32632646560668943,False
40,119,79,-0.3263969153165817,False
88,151,63,-0.3265183508396149,False
4,34,30,-0.32660054713487624,False
106,148,42,-0.32666213512420655,False
22,145,123,-0.32685787230730057,False
28,70,42,-0.32705470770597456,False
32,85,53,-0.3270639911293983,False
48,70,22,-0.3270917318761349,False
106,118,12,-0.32714016288518905,False
130,157,27,-0.3271654412150383,False
15,25,10,-0.3271859288215637,False
13,78,65,-0.32730294317007064,False
2,76,74,-0.32730858623981474,False
44,67,23,-0.3273266449570656,False
40,89,49,-0.32736848294734955,False
13,59,46,-0.3276253566145897,False
31,43,12,-0.3279236078262329,False
58,120,62,-0.32813405245542526,False
2,115,113,-0.3282874315977097,False
20,132,112,-0.32834260165691376,False
33,153,120,-0.32840466499328613,False
49,78,29,-0.32847235202789304,False
2,70,68,-0.32849728167057035,False
81,123,42,-0.32850501835346224,False
72,122,50,-0.32862268686294555,False
100,117,17,-0.3287066578865051,False
48,128,80,-0.3288428321480751,False
6,107,101,-0.32890393286943437,False
112,129,17,-0.32893701642751694,False
63,92,29,-0.3291882827877998,False
4,158,154,-0.32920505553483964,False
126,154,28,-0.32931610122323035,False
80,126,46,-0.32950628995895387,False
85,110,25,-0.3296853333711624,False
82,153,71,-0.3297454923391342,False
13,90,77,-0.3298505961894989,False
113,137,24,-0.3298520565032959,False
38,139,101,-0.32986147366464136,False
20,103,83,-0.32990889251232147,False
3,94,91,-0.3299926698207855,False
56,129,73,-0.3300083737820387,False
67,97,30,-0.3300483822822571,False
86,131,45,-0.3301757097244263,False
72,84,12,-0.33022617995738984,False
21,155,134,-0.33024962693452836,False
15,23,8,-0.3303559720516205,False
11,84,73,-0.3304885447025299,False
112,123,11,-0.3306268468499184,False
22,111,89,-0.3308590531349182,False
99,129,30,-0.3311161160469055,False
111,124,13,-0.33113180547952653,False
9,96,87,-0.3313155293464661,False
91,150,59,-0.33162650763988494,False
3,66,63,-0.33168407827615737,False
30,73,43,-0.3318612664937973,False
59,121,62,-0.3318703517317772,False
56,72,16,-0.33187255859375,False
74,104,30,-0.3322304733097553,False
122,134,12,-0.33240645229816435,False
131,140,9,-0.3324102073907852,False
54,128,74,-0.33254537284374236,False
3,60,57,-0.33269824683666227,False
32,53,21,-0.3328368902206421,False
146,153,7,-0.3330160915851593,False
86,103,17,-0.3330491423606873,False
11,138,127,-0.3330633506178856,False
8,103,95,-0.3331822708249092,False
128,148,20,-0.3336446076631546,False
55,102,47,-0.3337738782167435,False
109,118,9,-0.333855003118515,False
9,71,62,-0.33406488299369813,False
99,107,8,-0.33431242108345033,False
112,120,8,-0.33484801054000857,False
38,78,40,-0.33547584563493726,False
67,135,68,-0.3355572551488876,False
58,116,58,-0.3356076866388321,False
88,143,55,-0.3356653094291687,False
34,113,79,-0.3357220470905304,False
108,156,48,-0.3360570460557938,False
75,130,55,-0.3361877590417862,False
41,107,66,-0.3362155079841614,False
119,139,20,-0.3363522708415985,False
7,82,75,-0.3364766061306,False
122,140,18,-0.33694244623184205,False
18,159,141,-0.33700244724750517,False
68,138,70,-0.3371854364871979,False
93,139,46,-0.3372156828641891,False
60,72,12,-0.33733411133289337,True
74,150,76,-0.3374690219759941,False
34,80,46,-0.33751442804932597,False
127,142,15,-0.3377401530742645,False
3,135,132,-0.33778286874294283,False
7,106,99,-0.3379987686872482,False
93,109,16,-0.3380042798817158,False
32,97,65,-0.33810405284166334,False
4,50,46,-0.3383235201239586,False
22,135,113,-0.33839963674545287,False
56,64,8,-0.3384933486580849,False
19,116,97,-0.3390884198248386,False
70,110,40,-0.3392333537340164,False
6,147,141,-0.3392519950866699,False
12,85,73,-0.3392583802342415,False
59,116,57,-0.33931042728945615,False
91,121,30,-0.339372943341732,False
46,67,21,-0.339606474339962,False
100,123,23,-0.3399046637117863,False
114,157,43,-0.3401028819382191,False
52,146,94,-0.34025751799345016,False
21,26,5,-0.3406399771571159,False
6,34,28,-0.3406491823494434,False
4,61,57,-0.34072108566761017,False
44,138,94,-0.34074688255786895,False
102,158,56,-0.34075213968753815,False
23,124,101,-0.3408743470907211,False
8,135,127,-0.3409020498394966,False
65,87,22,-0.3410809651017189,False
73,153,80,-0.34125795364379885,False
48,134,86,-0.3414354886859655,False
1,31,30,-0.34154954850673674,False
1,38,37,-0.3416202634572983,False
11,89,78,-0.3417553588747978,False
64,75,11,-0.3422790914773941,False
90,139,49,-0.342531681060791,False
83,125,42,-0.3425355449318886,False
7,128,121,-0.34253921508789065,False
4,65,61,-0.34254985153675077,False
22,34,12,-0.34270121306180956,False
75,101,26,-0.34276093989610673,False
109,153,44,-0.3427780017256737,False
5,152,147,-0.34299532175064085,False
41,124,83,-0.34303351268172266,False
39,150,111,-0.3431564822793007,False
25,48,23,-0.34347317218780515,False
1,134,133,-0.3436137780547142,False
100,152,52,-0.34362142980098725,False
12,64,52,-0.34366574883461,False
151,158,7,-0.3437609188258648,False
115,125,10,-0.34376348853111266,False
91,143,52,-0.3437895402312279,False
88,128,40,-0.34389677718281747,False
25,157,132,-0.34390957951545714,False
109,123,14,-0.34392296671867373,False
101,117,16,-0.3439352184534073,False
10,26,16,-0.3442273810505867,False
94,142,48,-0.34431548714637755,False
2,11,9,-0.34453586041927337,False
31,143,112,-0.34455988705158236,False
125,136,11,-0.34460851848125457,False
31,140,109,-0.3447208970785141,False
29,50,21,-0.34472561478614805,False
119,142,23,-0.344765380397439,False
59,88,29,-0.34479373693466187,False
80,103,23,-0.3450394794344902,False
9,15,6,-0.3450518101453781,False
106,131,25,-0.34515852481126785,False
20,135,115,-0.3452564388513565,False
67,143,76,-0.34539137184619906,False
69,133,64,-0.3457185015082359,False
13,44,31,-0.3457203656435013,False
75,144,69,-0.34573678970336913,False
80,92,12,-0.3458956845104694,False
14,58,44,-0.34606880843639376,False
118,125,7,-0.3461437910795212,False
37,109,72,-0.3462106943130493,False
29,64,35,-0.34632906317710876,False
55,89,34,-0.34644564986228943,False
5,83,78,-0.3464864052832127,False
102,116,14,-0.3464985370635986,False
77,122,45,-0.3465027004480362,False
61,141,80,-0.3467441588640213,False
65,125,60,-0.34678658843040466,False
38,135,97,-0.3468066804111004,False
22,50,28,-0.3469394236803055,False
11,56,45,-0.3470669873058796,False
148,154,6,-0.34716586023569107,False
76,91,15,-0.34731884449720385,False
16,151,135,-0.3473212644457817,False
52,120,68,-0.34745633602142334,False
48,90,42,-0.3475854903459549,False
19,103,84,-0.3476190209388733,False
111,142,31,-0.34770856201648714,False
23,97,74,-0.3482630789279938,False
11,127,116,-0.348456509411335,False
10,64,54,-0.3486706234514713,False
83,139,56,-0.348928764462471,False
113,142,29,-0.3491044342517853,False
71,154,83,-0.34928455054759977,False
64,138,74,-0.3493005782365799,False
5,28,23,-0.3494760811328888,False
55,67,12,-0.3496659457683563,False
27,92,65,-0.3496659487485886,False
106,120,14,-0.3500815063714981,False
52,108,56,-0.35011559575796125,False
85,111,26,-0.3502681478857994,False
56,156,100,-0.35039311051368716,False
47,67,20,-0.3504171520471573,False
83,147,64,-0.3505219671875238,False
123,139,16,-0.3505522608757019,False
64,154,90,-0.3505651459097862,False
23,93,70,-0.3505765348672867,False
56,84,28,-0.3506022125482559,False
62,111,49,-0.35067943632602694,False
92,119,27,-0.3506976678967476,False
8,97,89,-0.350981006026268,False
65,144,79,-0.3509984970092773,False
52,61,9,-0.3510800302028656,False
12,108,96,-0.3511591568589211,False
59,157,98,-0.3513764664530754,False
85,117,32,-0.3518010273575783,False
95,138,43,-0.35180375427007676,False
57,155,98,-0.3520845681428909,False
125,147,22,-0.35230554044246676,False
50,156,106,-0.352373443543911,False
79,143,64,-0.3523808419704437,False
25,116,91,-0.3525448560714722,False
75,124,49,-0.35257545709609983,False
17,29,12,-0.35261629819869994,False
98,107,9,-0.35273079127073287,False
124,150,26,-0.3528048902750015,False
74,158,84,-0.3529779136180878,False
109,117,8,-0.35302312672138214,False
117,129,12,-0.353230981528759,False
7,21,14,-0.35331447422504425,False
14,72,58,-0.35340609699487685,False
36,120,84,-0.35386880673468113,False
96,154,58,-0.3543353140354156,False
20,88,68,-0.35433902144432067,False
2,12,10,-0.35440673828125,False
57,128,71,-0.354476098716259,False
7,13,6,-0.35469493493437765,False
61,156,95,-0.3548971742391586,False
91,147,56,-0.3550348296761513,False
122,148,26,-0.3550619214773178,False
6,98,92,-0.3551314026117325,False
2,101,99,-0.3552796244621277,False
17,147,130,-0.35544231086969375,False
114,153,39,-0.3555733248591423,False
81,116,35,-0.3557199589908123,False
97,126,29,-0.3559161931276321,True
94,143,49,-0.3562569051980972,False
65,140,75,-0.3562851265072823,False
49,119,70,-0.3565025329589844,False
76,157,81,-0.35695747584104537,False
127,157,30,-0.35701539516448977,False
7,142,135,-0.3575092852115631,False
5,117,112,-0.357514825463295,False
19,51,32,-0.3576378583908081,False
10,33,23,-0.3578255377709866,False
16,109,93,-0.3578541696071625,False
51,104,53,-0.3579926609992981,False
71,155,84,-0.35801454782485964,False
73,100,27,-0.3582016557455063,False
10,85,75,-0.3585085839033127,False
31,149,118,-0.3587092742323875,False
30,108,78,-0.35872184187173844,False
103,138,35,-0.35891269594430925,False
79,87,8,-0.3589754715561867,False
116,137,21,-0.3590134188532829,False
14,129,115,-0.35941425114870074,False
8,58,50,-0.35942507460713385,False
30,94,64,-0.35951278656721114,False
20,110,90,-0.3595684662461281,False
54,99,45,-0.3595808118581772,False
4,13,9,-0.35965364780277015,False
36,149,113,-0.35971520096063614,False
4,16,12,-0.36008147299289706,False
35,116,81,-0.3602236106991768,False
64,77,13,-0.3602407693862915,False
74,148,74,-0.3603008151054382,False
128,139,11,-0.36030490398406984,False
38,97,59,-0.3603258982300758,False
50,108,58,-0.36062097176909447,False
28,73,45,-0.36067662537097933,False
102,131,29,-0.3606922924518585,False
32,86,54,-0.36074444502592085,False
8,143,135,-0.3609012931585312,False
30,77,47,-0.3611431963741779,False
110,134,24,-0.3614197373390198,False
21,52,31,-0.3615022122859955,False
55,97,42,-0.3615807443857193,False
137,149,12,-0.36170023381710054,False
77,109,32,-0.3617738872766495,False
15,43,28,-0.3618415892124176,False
34,76,42,-0.3619008481502533,False
74,153,79,-0.36195726990699767,False
27,64,37,-0.3621714860200882,False
3,59,56,-0.36220011562108995,False
68,139,71,-0.36225423216819763,False
69,100,31,-0.36248786449432374,False
26,124,98,-0.36255154609680174,False
22,150,128,-0.36255325824022294,False
7,152,145,-0.36257061958312986,False
53,92,39,-0.36266625821590426,False
129,139,10,-0.36281641013920307,False
59,131,72,-0.3628878131508827,False
19,70,51,-0.3630120038986206,False
97,131,34,-0.36304991543292997,False
43,81,38,-0.36307426989078523,False
97,154,57,-0.3631327345967293,False
84,93,9,-0.3634587049484253,False
9,157,148,-0.3634773910045624,False
41,122,81,-0.36350959837436675,False
99,124,25,-0.36365205347537993,False
28,121,93,-0.3638747036457062,False
76,128,52,-0.3641385793685913,False
12,78,66,-0.3643145725131035,False
59,146,87,-0.36434061229228976,False
57,116,59,-0.3643745630979538,False
8,56,48,-0.3644349709153175,False
32,99,67,-0.36443730294704435,False
32,64,32,-0.36480517089366915,False
103,156,53,-0.3648452013731003,False
76,158,82,-0.36512214243412017,False
68,153,85,-0.3653044462203979,False
90,153,63,-0.36538329571485517,False
10,86,76,-0.36576672196388244,False
58,65,7,-0.36577459760010245,False
112,119,7,-0.36591936647892,False
49,111,62,-0.36614202708005905,False
13,82,69,-0.3661573499441147,False
33,152,119,-0.3661786675453186,False
9,29,20,-0.36627528071403503,False
16,127,111,-0.3663018137216568,False
118,141,23,-0.36649188250303266,False
26,41,15,-0.36650725156068803,False
30,132,102,-0.3666262045502663,False
37,93,56,-0.3667118579149246,False
58,90,32,-0.3667747139930725,False
27,107,80,-0.36739256978034973,False
50,139,89,-0.36753699034452436,False
106,128,22,-0.3676184043288231,False
1,147,146,-0.3676217794418335,False
6,31,25,-0.36771491914987564,False
27,57,30,-0.36778015196323394,False
1,99,98,-0.36828109696507455,False
21,83,62,-0.36833779513835907,False
38,151,113,-0.3684510335326195,False
113,125,12,-0.36866583824157717,False
48,105,57,-0.36874374747276306,False
12,74,62,-0.3688730001449585,False
83,146,63,-0.3689916133880615,False
75,129,54,-0.3691136471927166,False
103,149,46,-0.36941891610622407,False
124,155,31,-0.36944564878940583,False
30,41,11,-0.3697772830724716,False
74,82,8,-0.3699186384677887,False
30,114,84,-0.3700198858976364,False
128,143,15,-0.37005695104599,False
4,101,97,-0.3703964024782181,False
77,128,51,-0.370502345263958,False
65,128,63,-0.3705101743340492,False
56,91,35,-0.37056118696928025,False
9,102,93,-0.37078426480293275,False
81,138,57,-0.37103234231472015,False
9,59,50,-0.3711453825235367,False
97,127,30,-0.37159269750118257,False
18,82,64,-0.372246453166008,False
43,128,85,-0.3723463535308838,False
13,25,12,-0.3724953390657902,False
61,97,36,-0.37250821441411974,False
27,40,13,-0.37259313464164734,False
56,118,62,-0.3726141929626465,False
73,116,43,-0.3729586243629456,False
26,51,25,-0.3729770243167877,False
107,116,9,-0.3732136279344559,False
56,85,29,-0.3732645198702812,False
3,156,153,-0.37333541810512544,False
30,60,30,-0.37347911596298217,False
65,82,17,-0.3735330730676651,False
122,158,36,-0.37377426624298093,False
56,105,49,-0.37377701252698897,False
80,109,29,-0.37377970665693283,False
41,54,13,-0.3738848179578781,False
26,86,60,-0.37394122779369354,False
111,130,19,-0.3739691287279129,False
80,150,70,-0.374104256182909,False
66,107,41,-0.3743218705058098,False
18,36,18,-0.3743250034749508,False
14,134,120,-0.37439036518335345,False
13,79,66,-0.3744253069162369,False
11,76,65,-0.3745389744639397,False
3,99,96,-0.3746913462877274,False
107,119,12,-0.3753479838371277,False
42,80,38,-0.375358647108078,False
63,132,69,-0.3754140719771385,False
82,92,10,-0.3754352077841759,False
59,128,69,-0.37544204890727995,False
112,118,6,-0.3755056351423264,False
65,80,15,-0.37555031329393385,False
8,36,28,-0.3756220430135727,False
68,118,50,-0.37564718797802926,False
27,106,79,-0.37573421001434326,False
77,113,36,-0.37599846422672273,False
38,68,30,-0.3760106600821018,False
9,91,82,-0.3761237561702728,False
35,73,38,-0.37612934708595275,False
59,141,82,-0.3762016862630844,False
8,30,22,-0.3764356389641762,False
45,78,33,-0.37647958993911745,False
3,61,58,-0.37654671669006345,False
33,97,64,-0.37664081901311874,False
52,93,41,-0.3767427086830139,False
17,82,65,-0.376826174557209,False
91,153,62,-0.37701988518238067,False
40,131,91,-0.37707873955369,False
37,60,23,-0.37740968763828275,False
73,137,64,-0.37771734297275544,False
8,122,114,-0.3777214974164963,False
51,113,62,-0.37790460884571075,False
50,140,90,-0.37794155552983283,False
67,91,24,-0.3780006647109985,False
68,121,53,-0.3781312435865402,False
37,123,86,-0.3781737178564072,False
66,96,30,-0.3781955733895302,False
35,142,107,-0.3785330981016159,False
9,73,64,-0.3785498231649399,False
71,77,6,-0.37861195802688596,False
9,74,65,-0.37869770675897596,False
17,85,68,-0.37879981100559235,False
84,116,32,-0.3789361216127872,False
76,119,43,-0.37911523282527926,False
1,46,45,-0.3791866898536682,False
40,52,12,-0.3792402923107147,False
21,36,15,-0.3793289870023727,False
63,144,81,-0.3794206976890564,False
78,107,29,-0.37942868918180467,False
14,109,95,-0.37962609976530076,False
9,39,30,-0.37983834743499756,False
10,144,134,-0.38004034459590913,False
58,105,47,-0.3801644295454025,False
25,155,130,-0.38029224164783954,False
51,107,56,-0.38036139607429503,False
73,146,73,-0.38037207573652265,False
54,90,36,-0.3806461304426193,False
29,114,85,-0.3809785544872284,False
31,150,119,-0.3811530739068985,False
48,58,10,-0.38131683841347697,False
32,78,46,-0.3813526749610901,False
30,131,101,-0.3814801275730133,False
138,147,9,-0.38149662129580975,False
43,108,65,-0.38182054460048676,False
27,100,73,-0.38182348012924194,False
17,106,89,-0.3819179028272629,False
18,58,40,-0.38241944164037706,False
55,156,101,-0.3825465559959412,False
89,106,17,-0.3827253237366676,False
13,94,81,-0.38281944394111633,False
50,109,59,-0.38282441198825834,False
22,51,29,-0.38305249661207197,False
69,114,45,-0.3832468271255493,False
63,136,73,-0.38336329236626626,False
26,88,62,-0.38349015414714815,False
65,118,53,-0.38380001336336134,False
13,49,36,-0.38389349579811094,False
21,106,85,-0.38394551873207095,False
59,144,85,-0.38409133404493334,False
42,141,99,-0.3843211352825165,False
23,105,82,-0.38438777029514315,False
36,123,87,-0.3845698893070221,False
29,54,25,-0.38464734256267546,False
20,108,88,-0.38467971980571747,False
44,79,35,-0.38471569865942,False
29,150,121,-0.38477268517017366,False
53,74,21,-0.38523670136928556,False
17,81,64,-0.3853812277317047,False
21,134,113,-0.3854439876973629,False
129,158,29,-0.38567527160048487,False
13,83,70,-0.38598175197839735,False
10,107,97,-0.38599964380264284,False
25,94,69,-0.3860655128955841,False
67,85,18,-0.3860795542597771,False
13,66,53,-0.38632932305336,False
121,129,8,-0.3863711804151535,False
34,123,89,-0.3864976942539215,False
49,103,54,-0.38652502596378324,False
6,153,147,-0.38658406138420104,False
50,60,10,-0.3866511836647987,False
4,136,132,-0.3866687759757042,False
74,151,77,-0.3867462515830994,False
87,120,33,-0.3867625594139099,False
12,76,64,-0.38690935671329496,False
69,129,60,-0.386957448720932,False
71,113,42,-0.3869799643754959,False
54,114,60,-0.387097030878067,False
17,75,58,-0.38726235926151276,False
6,44,38,-0.38729627802968025,False
31,112,81,-0.3876045346260071,False
97,110,13,-0.3876281052827835,False
21,71,50,-0.387656906247139,False
33,100,67,-0.38770858347415926,False
81,150,69,-0.38783931732177734,False
50,77,27,-0.38785687610507014,False
22,43,21,-0.38788291811943054,False
45,53,8,-0.3879816770553589,False
80,147,67,-0.3880224794149399,False
89,105,16,-0.38803732991218565,False
78,130,52,-0.38831188529729843,False
86,102,16,-0.3883661597967148,False
116,156,40,-0.3884058468043804,False
85,93,8,-0.38857309222221376,False
19,142,123,-0.3886809378862381,False
150,156,6,-0.38870311975479127,False
20,86,66,-0.38884695768356325,False
92,127,35,-0.3889074116945267,False
64,159,95,-0.388992878049612,False
27,112,85,-0.3890790343284607,False
91,142,51,-0.3892728880047798,False
50,151,101,-0.38934694826602934,False
102,117,15,-0.38935985416173935,False
28,84,56,-0.38987926207482815,False
146,159,13,-0.39026278257369995,False
118,138,20,-0.39031667113304136,False
55,65,10,-0.3903829723596573,False
61,153,92,-0.390438038110733,False
36,62,26,-0.3906359992921352,False
102,154,52,-0.39070949107408526,False
116,132,16,-0.39082169607281686,False
56,107,51,-0.39099123179912565,False
56,135,79,-0.391160848736763,False
58,112,54,-0.3912468045949936,False
58,151,93,-0.39131684601306915,False
41,118,77,-0.3914681877940893,False
80,111,31,-0.3915297850966454,False
48,119,71,-0.39188016802072523,False
7,17,10,-0.3920173242688179,False
40,108,68,-0.3920809954404831,False
22,102,80,-0.39211471676826476,False
99,141,42,-0.3923270538449287,False
74,98,24,-0.3924987241625786,False
9,57,48,-0.3927794486284256,False
74,141,67,-0.39299269318580626,False
108,145,37,-0.3931364297866821,False
91,115,24,-0.3932101488113403,False
129,145,16,-0.3935089141130447,False
38,53,15,-0.3935260266065598,False
27,90,63,-0.3935562565922737,False
102,140,38,-0.3936357006430626,False
104,123,19,-0.3936399340629578,False
45,108,63,-0.3938241809606552,False
121,137,16,-0.3939976140856743,False
45,90,45,-0.39421586468815806,False
64,155,91,-0.39431332647800443,False
33,50,17,-0.39433645606040957,False
72,100,28,-0.39436280727386475,False
22,95,73,-0.3944049715995789,False
88,126,38,-0.39448260366916654,False
12,147,135,-0.39457578510046004,False
36,133,97,-0.3946129195392132,False
94,135,41,-0.39468995332717893,False
29,78,49,-0.39471729546785356,False
30,53,23,-0.39497307389974595,False
26,79,53,-0.39507574439048765,False
2,148,146,-0.3951738357543945,False
12,31,19,-0.3953357130289078,False
145,156,11,-0.3954798191785812,False
121,131,10,-0.3955942302942276,False
104,109,5,-0.3958764523267746,False
20,75,55,-0.39590327739715575,False
40,133,93,-0.39595324695110323,False
44,103,59,-0.39604584872722626,False
32,72,40,-0.3960636526346207,False
11,103,92,-0.3960922688245773,False
10,16,6,-0.3961186185479164,False
21,98,77,-0.39616350531578065,False
72,110,38,-0.3962260685861111,False
33,68,35,-0.3965117305517197,False
99,136,37,-0.39655580222606657,False
78,134,56,-0.39656223356723785,False
17,94,77,-0.3966669335961342,False
55,129,74,-0.3969490811228752,False
62,107,45,-0.39704853147268293,False
4,37,33,-0.3972301557660103,False
90,147,57,-0.39734518602490426,False
27,43,16,-0.39748955965042115,False
17,72,55,-0.3980835467576981,False
53,89,36,-0.3984828248620033,False
36,109,73,-0.3986400872468948,False
49,139,90,-0.3987461119890213,False
4,109,105,-0.39889179542660713,True
101,118,17,-0.3990097090601921,False
88,112,24,-0.39935858845710753,False
34,135,101,-0.39938413426280023,False
117,128,11,-0.39953861236572263,False
11,23,12,-0.3995774507522583,False
6,91,85,-0.3999119460582733,False
47,108,61,-0.4001117289066315,False
44,141,97,-0.40022418797016146,False
22,131,109,-0.4002310872077942,False
63,146,83,-0.4005127623677254,False
44,109,65,-0.40068222507834433,False
46,93,47,-0.40069176256656647,False
28,123,95,-0.40069605112075807,False
143,155,12,-0.40090798735618594,False
40,146,106,-0.40116492584347724,False
46,66,20,-0.4013934165239334,False
43,54,11,-0.4014610528945923,False
34,115,81,-0.4016966879367828,False
36,153,117,-0.4019774407148361,False
54,67,13,-0.4023478165268898,False
74,128,54,-0.4023672342300415,False
53,91,38,-0.4024263143539429,False
38,99,61,-0.40252809822559354,False
21,84,63,-0.402547313272953,False
142,158,16,-0.40279874950647354,False
68,134,66,-0.40284144282341006,False
25,121,96,-0.40290331840515137,False
129,142,13,-0.40319382548332217,False
104,118,14,-0.4032356757670641,False
21,30,9,-0.4032680571079254,False
10,82,72,-0.4033298850059509,False
109,121,12,-0.403404925391078,False
91,123,32,-0.4034648358821869,False
27,56,29,-0.40360120236873626,False
20,64,44,-0.4040257357060909,False
52,140,88,-0.40449235439300535,False
65,81,16,-0.40458356142044066,False
4,23,19,-0.40469489693641664,False
58,118,60,-0.40483513474464417,False
108,114,6,-0.40495012179017065,False
115,128,13,-0.4049657732248306,False
72,133,61,-0.40499229431152345,False
102,115,13,-0.40501577854156495,False
102,111,9,-0.405017563700676,False
51,112,61,-0.4051135450601578,False
40,111,71,-0.40527518689632414,False
37,63,26,-0.40529781579971313,False
3,115,112,-0.40533694326877595,False
85,127,42,-0.40539137125015257,False
46,110,64,-0.4055066153407097,False
27,103,76,-0.4057560577988625,False
101,107,6,-0.40591515600681305,False
25,31,6,-0.40605027973651886,False
36,136,100,-0.40625995993614195,False
11,130,119,-0.4062709614634514,False
65,130,65,-0.4067800872027874,False
65,131,66,-0.4069111794233322,False
102,125,23,-0.40721034705638887,False
31,69,38,-0.4072309136390686,False
59,150,91,-0.40732440650463103,False
58,137,79,-0.4073778450489044,False
49,144,95,-0.4073853701353073,False
51,109,58,-0.40745515897870066,False
12,95,83,-0.4074616640806198,False
65,133,68,-0.40749933421611784,False
82,131,49,-0.4075485594570637,False
9,125,116,-0.40760757923126223,False
26,118,92,-0.40788149684667585,False
25,39,14,-0.4078871548175812,False
13,126,113,-0.40815756656229496,False
52,148,96,-0.40840020701289176,False
57,75,18,-0.4084449529647827,False
55,139,84,-0.4087595880031586,False
19,158,139,-0.4088101714849472,False
45,139,94,-0.4089769199490547,False
22,144,122,-0.4090095281600952,False
28,101,73,-0.4090770997107029,False
64,157,93,-0.4092871204018593,False
94,138,44,-0.40943682193756104,False
51,60,9,-0.40944644808769226,False
102,109,7,-0.40985872596502304,False
51,154,103,-0.41040681302547455,False
36,43,7,-0.41054545938968656,False
29,80,51,-0.410593231767416,False
98,122,24,-0.4106121212244034,False
81,117,36,-0.41065354347229005,False
23,142,119,-0.41098582148551943,False
29,93,64,-0.41110166609287263,False
35,65,30,-0.4111418843269348,False
91,135,44,-0.41117078363895415,False
51,67,16,-0.411198827624321,False
54,70,16,-0.41126088201999667,False
3,147,144,-0.4113060563802719,False
87,142,55,-0.4113747149705887,False
44,114,70,-0.4119019567966461,False
13,76,63,-0.4119141213595867,False
41,134,93,-0.41195712983608246,False
101,148,47,-0.4119748741388321,False
85,136,51,-0.4119903177022934,False
51,138,87,-0.41208782568573954,False
13,70,57,-0.41213692612946035,False
57,66,9,-0.41249138563871385,False
18,147,129,-0.41264474131166934,False
11,17,6,-0.41279529631137846,False
60,110,50,-0.41313728839159014,False
112,138,26,-0.41332450658082964,False
115,136,21,-0.4134062506258488,False
63,72,9,-0.41341819763183596,False
11,80,69,-0.41342650949954984,False
34,96,62,-0.4135577082633972,False
25,130,105,-0.4136153504252434,False
72,107,35,-0.4136688232421875,False
16,129,113,-0.4138020694255829,False
80,155,75,-0.4138582289218903,False
29,41,12,-0.4139251172542572,False
57,70,13,-0.41394237279891966,False
43,95,52,-0.4141885578632355,True
15,142,127,-0.414271867275238,False
40,75,35,-0.41448488235473635,False
61,123,62,-0.4144949853420258,False
39,129,90,-0.41468178629875185,False
26,122,96,-0.4148599565029144,False
36,85,49,-0.41488160043954847,False
69,124,55,-0.41496207416057584,False
13,113,100,-0.4150153577327728,False
10,44,34,-0.4150737076997757,False
34,133,99,-0.41516049206256866,False
5,24,19,-0.41547696590423583,False
29,92,63,-0.4156805157661438,False
101,141,40,-0.41585761308670044,False
29,140,111,-0.4159612387418747,False
146,156,10,-0.4162233591079712,False
66,95,29,-0.4162328869104385,False
69,110,41,-0.4163214474916458,False
82,144,62,-0.4163495510816574,False
98,131,33,-0.4163574159145355,False
37,115,78,-0.4165603995323181,False
49,56,7,-0.4167152106761932,False
52,58,6,-0.4169362515211105,False
15,87,72,-0.417007714509964,False
13,111,98,-0.41720391660928724,False
60,138,78,-0.41725675389170647,False
12,58,46,-0.4172630414366722,False
5,29,24,-0.41756307780742646,False
95,111,16,-0.4176234990358353,False
99,139,40,-0.4178898293524981,False
86,150,64,-0.41816342175006865,False
58,134,76,-0.41833643093705175,False
56,148,92,-0.41838628649711607,False
39,104,65,-0.41865439265966414,False
103,135,32,-0.41872953027486803,False
109,150,41,-0.41874203085899353,False
2,32,30,-0.41879000067710875,False
120,129,9,-0.41883263289928435,False
34,158,124,-0.4189966648817062,False
56,101,45,-0.4191416949033737,False
51,152,101,-0.4191905468702316,False
9,37,28,-0.41927717477083204,False
51,121,70,-0.4195130169391632,False
52,132,80,-0.4196793526411057,False
116,153,37,-0.4198420405387878,False
88,114,26,-0.42002454996109007,False
16,156,140,-0.4202677711844444,False
51,146,95,-0.4204219043254852,False
94,111,17,-0.420531764626503,False
64,91,27,-0.4205755427479744,False
91,156,65,-0.4205890119075775,False
29,67,38,-0.4206960454583168,False
8,76,68,-0.42069822549819946,False
3,53,50,-0.42084315717220305,False
45,109,64,-0.4209757834672928,False
11,64,53,-0.4209934752434492,False
24,104,80,-0.42101233303546903,False
22,29,7,-0.421128523349762,False
72,103,31,-0.4214046001434326,False
64,103,39,-0.4214498892426491,False
88,109,21,-0.4214541554450989,False
151,157,6,-0.4216188579797745,False
45,74,29,-0.42174765318632124,False
58,98,40,-0.4220640636980534,False
83,123,40,-0.4223998308181763,False
20,56,36,-0.4224501445889473,False
7,88,81,-0.4224744811654091,False
40,154,114,-0.4229590892791748,False
124,151,27,-0.42314267009496687,False
45,138,93,-0.4231457844376564,False
32,109,77,-0.42326158881187437,False
68,100,32,-0.42355910688638687,False
13,33,20,-0.42367869317531587,False
73,103,30,-0.4237471714615822,False
12,67,55,-0.4237971633672714,False
65,107,42,-0.4239797741174698,False
67,101,34,-0.42412900924682617,False
7,121,114,-0.4243213027715683,False
46,146,100,-0.42446517646312715,False
55,159,104,-0.42454168349504473,False
75,117,42,-0.4246261194348335,False
108,147,39,-0.42472667060792446,False
36,96,60,-0.42482969760894773,False
23,72,49,-0.4248948201537132,False
71,132,61,-0.42550272643566134,False
98,135,37,-0.42571196854114535,False
46,55,9,-0.4259445548057556,False
77,107,30,-0.42620773538947104,False
17,84,67,-0.4262658029794693,False
48,153,105,-0.42647722363471985,False
54,98,44,-0.4265323281288147,False
69,77,8,-0.42692288756370544,False
26,89,63,-0.42697866559028624,False
24,154,130,-0.42710758447647096,False
81,155,74,-0.42719337344169617,False
81,121,40,-0.42721996903419496,False
78,128,50,-0.42779762893915174,False
90,138,48,-0.42806312143802644,False
48,135,87,-0.428337986767292,False
64,127,63,-0.42836961448192595,False
106,139,33,-0.42850351631641387,False
96,142,46,-0.4285055696964264,False
69,153,84,-0.42879262268543245,False
63,102,39,-0.4291821658611298,False
16,48,32,-0.4293623805046082,False
49,87,38,-0.42938998341560364,False
59,134,75,-0.4294000446796417,False
41,97,56,-0.4294105626642704,False
8,131,123,-0.4294373944401741,False
41,51,10,-0.4294576942920685,False
3,117,114,-0.42969430088996885,False
36,93,57,-0.4296995118260384,False
74,132,58,-0.4298584431409836,False
49,157,108,-0.43002108931541444,False
23,50,27,-0.43006971180438996,False
55,110,55,-0.43008791506290434,False
13,155,142,-0.43014790415763854,False
13,114,101,-0.43029374331235887,False
139,157,18,-0.4303072653710842,False
17,39,22,-0.4303482100367546,False
42,145,103,-0.4304689794778824,False
12,17,5,-0.4305102203041315,False
11,85,74,-0.43052597939968107,False
52,78,26,-0.4307528458535671,False
17,46,29,-0.4309187263250351,False
101,113,12,-0.4309529274702072,False
4,94,90,-0.43107503056526186,True
5,85,80,-0.4311098039150238,False
120,151,31,-0.43123468160629275,False
124,158,34,-0.43134400248527527,False
8,44,36,-0.4313465476036072,False
7,66,59,-0.43135496228933334,False
97,142,45,-0.4315077863633633,False
16,81,65,-0.4315570183098316,False
45,137,92,-0.43156237006187437,False
91,154,63,-0.4315712139010429,False
66,121,55,-0.4317022882401943,False
136,158,22,-0.4317504271864891,False
88,105,17,-0.4317589528858662,False
54,64,10,-0.43212819695472715,False
48,126,78,-0.4321467399597168,False
138,151,13,-0.43224456906318665,False
34,86,52,-0.43237428069114686,False
79,156,77,-0.43257497251033783,False
12,82,70,-0.43264317214488984,False
104,137,33,-0.4327838599681854,False
126,148,22,-0.43289250284433367,False
1,57,56,-0.4329286992549896,False
98,108,10,-0.43293854892253875,False
24,55,31,-0.43294844031333923,False
90,154,64,-0.43299936652183535,False
14,76,62,-0.4332512766122818,False
35,53,18,-0.43360340893268584,False
42,69,27,-0.433791846036911,False
79,132,53,-0.4340764135122299,False
17,41,24,-0.4341035783290863,False
56,90,34,-0.43424621820449827,False
55,64,9,-0.4342557262629271,False
7,108,101,-0.4344218909740448,False
41,152,111,-0.43448190242052076,False
85,153,68,-0.43448480814695356,False
7,58,51,-0.43449677228927613,False
12,79,67,-0.4347250729799271,False
24,30,6,-0.43487913608551027,False
40,88,48,-0.4349386960268021,False
78,91,13,-0.43508015275001527,False
16,52,36,-0.43527180701494217,False
18,117,99,-0.43546085953712466,False
6,47,41,-0.4354916363954544,False
4,67,63,-0.4356021746993065,False
54,84,30,-0.43574927747249603,False
66,90,24,-0.4357811093330383,False
99,116,17,-0.43582435995340346,False
20,109,89,-0.4360443642362952,False
41,147,106,-0.4364486075937748,False
4,83,79,-0.43655765652656553,False
110,143,33,-0.43675569593906405,False
87,123,36,-0.4368093490600586,False
12,27,15,-0.43692654073238374,False
60,107,47,-0.4370267242193222,False
126,135,9,-0.4372578799724579,False
51,97,46,-0.4373854011297226,False
32,67,35,-0.43747503086924555,False
78,84,6,-0.43760162591934204,False
14,36,22,-0.4377557188272476,False
100,156,56,-0.43776054978370665,False
29,59,30,-0.4378007620573044,False
92,130,38,-0.43824200630187987,False
27,156,129,-0.43829872608184817,False
50,148,98,-0.43838195502758026,False
35,42,7,-0.4384069636464119,False
19,138,119,-0.4388065427541733,False
22,30,8,-0.43888664841651914,False
18,151,133,-0.43897587060928345,False
129,150,21,-0.4389906167984009,False
44,121,77,-0.43904219567775726,False
71,94,23,-0.43904598951339724,False
26,81,55,-0.43923978954553605,False
71,86,15,-0.4394625902175903,False
54,121,67,-0.439548859000206,False
56,102,46,-0.43978786170482637,False
60,131,71,-0.4398544356226921,False
72,135,63,-0.4401332139968872,False
16,28,12,-0.440405935049057,False
16,38,22,-0.4404071390628815,False
49,75,26,-0.44041737616062165,False
94,130,36,-0.4408411800861359,False
10,142,132,-0.44172791838645936,False
29,117,88,-0.4418590620160103,False
66,152,86,-0.44190816655755044,False
15,137,122,-0.4419682413339615,False
13,19,6,-0.4421597868204117,False
34,79,45,-0.44221256822347643,False
106,137,31,-0.44238533452153206,False
73,129,56,-0.4424607828259468,False
69,122,53,-0.44252827763557434,False
16,112,96,-0.4426120951771736,False
129,143,14,-0.44268270432949064,False
50,138,88,-0.4429461985826492,False
23,129,106,-0.44316470474004743,False
4,120,116,-0.44322914630174637,False
68,131,63,-0.44336155205965044,False
40,72,32,-0.44341815654188393,False
19,120,101,-0.44363645017147063,False
63,131,68,-0.44396182596683503,False
48,122,74,-0.4442921817302704,False
93,159,66,-0.4442931652069092,False
103,136,33,-0.44437347799539567,False
7,147,140,-0.444458432495594,False
45,56,11,-0.4445439979434013,False
65,91,26,-0.4445456489920616,False
121,157,36,-0.44486061334609983,False
68,136,68,-0.44492119178175926,False
40,57,17,-0.44508893191814425,True
26,105,79,-0.4450934126973152,False
105,151,46,-0.44510711133480074,False
65,142,77,-0.4451326459646225,False
111,147,36,-0.4452911574393511,False
6,118,112,-0.4453920006752014,False
30,66,36,-0.4454270213842392,False
38,70,32,-0.4455123767256737,False
36,140,104,-0.44551814049482347,False
49,67,18,-0.44557905197143555,False
5,22,17,-0.44562090933322906,False
123,129,6,-0.4457344368100166,False
62,135,73,-0.4459096912294626,False
42,66,24,-0.4459276497364044,False
34,136,102,-0.44596427828073504,False
42,148,106,-0.44609073251485826,False
36,129,93,-0.4461301490664482,False
65,134,69,-0.44640023708343507,False
87,128,41,-0.4466013625264168,False
17,138,121,-0.44672592878341677,False
51,159,108,-0.4467390775680542,False
25,127,102,-0.44692063629627227,False
112,132,20,-0.44701780676841735,False
7,146,139,-0.44709527492523193,False
67,154,87,-0.4471031170338392,False
80,106,26,-0.4471909999847412,False
44,130,86,-0.4472161680459976,False
21,139,118,-0.44733278155326844,False
31,67,36,-0.4476409763097763,False
109,127,18,-0.44839161485433576,False
125,132,7,-0.4486046075820923,False
33,82,49,-0.44871502220630644,False
8,73,65,-0.44873264580965044,False
126,137,11,-0.4487625561654568,False
133,139,6,-0.44878399223089216,False
2,128,126,-0.44894781708717346,False
11,70,59,-0.448979789018631,False
23,53,30,-0.4490107104182243,False
24,43,19,-0.4490132570266724,False
27,157,130,-0.44908809661865234,False
11,112,101,-0.4490902334451675,False
1,37,36,-0.44910972714424136,False
120,148,28,-0.4491855278611183,False
56,99,43,-0.4493985079228878,False
26,36,10,-0.4494237057864666,False
21,86,65,-0.4494684234261513,False
63,124,61,-0.44982710033655166,False
37,140,103,-0.44984267055988314,False
37,153,116,-0.4498933494091034,False
39,102,63,-0.4499079823493958,False
30,76,46,-0.4499171391129494,False
79,108,29,-0.4499930918216705,False
40,77,37,-0.4500733532011509,False
40,143,103,-0.4504807621240616,False
12,134,122,-0.4506143152713776,False
24,65,41,-0.4508594751358032,False
4,35,31,-0.45091221034526824,False
22,41,19,-0.45110554099082945,False
142,157,15,-0.4511408060789108,False
87,100,13,-0.45119485557079314,False
85,115,30,-0.4513904571533203,False
32,121,89,-0.4514210492372513,False
121,148,27,-0.4514995366334915,False
70,151,81,-0.4517317622900009,False
16,96,80,-0.45189943015575407,False
44,98,54,-0.45200923830270767,False
16,106,90,-0.4521099627017975,False
100,107,7,-0.4521517276763916,False
90,150,60,-0.4521784454584122,False
14,79,65,-0.45239765048027036,False
13,132,119,-0.4526092350482941,False
61,151,90,-0.45271341502666473,False
25,112,87,-0.4528781071305275,False
23,140,117,-0.45304993689060213,False
57,130,73,-0.4530526638031006,False
28,81,53,-0.45322312116622926,False
86,100,14,-0.4532258868217468,False
46,73,27,-0.453339746594429,False
16,90,74,-0.4533583432435989,False
2,125,123,-0.4537400662899017,False
102,119,17,-0.45374282225966456,False
24,56,32,-0.45381923019886017,False
60,77,17,-0.45445514023303984,False
16,98,82,-0.4547726422548294,False
43,146,103,-0.45505407750606536,False
18,135,117,-0.45532941818237305,False
68,142,74,-0.45534502863883974,False
34,124,90,-0.45541508942842485,False
99,151,52,-0.4554346278309822,False
50,142,92,-0.455443924665451,False
42,75,33,-0.4555135674774647,False
81,142,61,-0.45578224658966066,False
2,118,116,-0.4558877915143967,False
48,143,95,-0.4563912332057953,False
61,118,57,-0.45664757341146467,False
109,116,7,-0.4567504197359085,False
46,132,86,-0.45685707330703734,False
54,135,81,-0.4570115089416504,False
52,100,48,-0.4570362687110901,False
88,97,9,-0.4570808827877045,False
87,113,26,-0.4572487875819206,False
11,38,27,-0.45725513696670533,False
33,46,13,-0.45729107558727267,False
70,125,55,-0.45741625428199767,False
72,131,59,-0.4575053960084915,False
8,101,93,-0.4577167272567749,False
59,79,20,-0.4578263252973557,False
9,138,129,-0.45793095119297506,False
32,93,61,-0.45803635716438296,False
57,69,12,-0.4581029832363129,False
54,66,12,-0.45814498960971833,False
117,125,8,-0.4581939309835434,False
50,106,56,-0.45824078619480135,False
65,110,45,-0.4587681099772453,False
13,36,23,-0.45887902155518534,False
22,82,60,-0.45888579934835433,False
80,123,43,-0.4589259922504425,False
13,54,41,-0.4590165585279465,False
10,78,68,-0.4593851715326309,False
32,69,37,-0.45965365692973137,False
24,87,63,-0.45971608757972715,False
71,81,10,-0.4600767880678177,False
76,151,75,-0.4605912730097771,False
84,157,73,-0.4606356382369995,False
77,112,35,-0.4606845200061798,False
48,149,101,-0.4607381820678711,False
105,135,30,-0.4609300076961517,False
21,80,59,-0.4617270573973656,False
146,157,11,-0.4619803845882416,False
3,31,28,-0.46209252029657366,False
22,114,92,-0.46210249364376066,False
11,93,82,-0.4621735572814941,False
25,131,106,-0.4626676857471466,False
58,113,55,-0.4626809567213058,False
84,103,19,-0.4628555580973625,False
86,104,18,-0.462870717048645,False
37,99,62,-0.4629688888788223,False
111,159,48,-0.46308667957782745,False
28,118,90,-0.4634836882352829,False
93,108,15,-0.4636111408472061,False
25,128,103,-0.4638241872191429,False
59,139,80,-0.4638997822999954,False
46,128,82,-0.46404741406440736,False
79,114,35,-0.4640674352645874,False
63,150,87,-0.46407056748867037,False
51,77,26,-0.46439266204833984,False
23,78,55,-0.4646031975746155,False
34,73,39,-0.46468167155981066,False
42,77,35,-0.4647968918085098,False
23,154,131,-0.4649226278066635,False
120,138,18,-0.4652860604226589,False
42,98,56,-0.4653007656335831,False
11,22,11,-0.4655239924788475,False
9,126,117,-0.4658878445625305,False
36,151,115,-0.4659890323877335,False
125,140,15,-0.46601381748914716,False
81,144,63,-0.4660211935639381,False
104,120,16,-0.46607379615306854,False
58,125,67,-0.46609930470585825,False
41,57,16,-0.46634508222341536,False
106,154,48,-0.4663539528846741,False
19,88,69,-0.4665548264980316,False
82,123,41,-0.4673712134361267,False
67,150,83,-0.4676426529884338,False
49,138,89,-0.4676497906446457,False
11,30,19,-0.4678300380706787,False
73,112,39,-0.46800151839852333,False
74,121,47,-0.46838722079992295,False
9,133,124,-0.46848581433296205,False
104,139,35,-0.468531996011734,False
30,134,104,-0.4688013970851898,False
34,139,105,-0.4689342975616455,False
2,60,58,-0.4689838796854019,False
54,136,82,-0.46907593607902526,False
2,50,48,-0.46916172504425047,False
3,93,90,-0.4692861407995224,True
51,105,54,-0.4694443497806787,False
38,143,105,-0.46951504349708556,False
20,111,91,-0.46962790191173553,False
70,129,59,-0.4697520487010479,False
3,76,73,-0.469814233481884,False
48,115,67,-0.46996855437755586,False
106,153,47,-0.4700573593378067,False
36,66,30,-0.4701786994934082,False
85,146,61,-0.4706441953778267,False
72,91,19,-0.4706443905830383,False
11,102,91,-0.4710035651922226,False
112,137,25,-0.4710559036582708,False
80,121,41,-0.4710660368204117,False
29,82,53,-0.47107127606868743,False
49,89,40,-0.4712322488427162,False
52,121,69,-0.4712418749928474,False
65,158,93,-0.47133773267269136,False
79,154,75,-0.4715583801269531,False
49,106,57,-0.4716514766216278,False
81,159,78,-0.47166389524936675,False
5,16,11,-0.4718843847513199,False
69,136,67,-0.47195167243480685,False
52,101,49,-0.47201199233531954,False
21,138,117,-0.47201419472694395,False
72,123,51,-0.47239464074373244,False
32,101,69,-0.4724041044712067,False
25,109,84,-0.47250285744667053,False
65,113,48,-0.4726066939532757,False
74,113,39,-0.47262279093265536,False
75,141,66,-0.47275613248348236,False
99,143,44,-0.47281129360198976,False
35,86,51,-0.4730104714632034,False
108,115,7,-0.47329345941543577,False
25,103,78,-0.4735990107059479,False
52,135,83,-0.473738694190979,False
5,101,96,-0.4738831132650375,False
11,106,95,-0.47403923869132997,False
21,33,12,-0.47410784661769867,False
14,110,96,-0.4741728663444519,False
94,136,42,-0.4742973491549492,False
16,75,59,-0.47439328730106356,False
59,129,70,-0.4744096308946609,False
24,111,87,-0.47443542927503585,False
87,93,6,-0.4744611203670502,False
43,64,21,-0.47446357011795043,False
50,95,45,-0.47451611459255216,False
95,107,12,-0.4747699677944183,False
71,126,55,-0.4748924896121025,False
73,119,46,-0.4750192239880562,False
89,112,23,-0.4750960558652878,False
59,142,83,-0.475108328461647,False
48,66,18,-0.47514347434043885,False
78,137,59,-0.4751809686422348,False
7,67,60,-0.4753619134426117,False
107,141,34,-0.47574812471866607,False
13,61,48,-0.47584710270166397,False
86,137,51,-0.47591242790222166,False
133,156,23,-0.4759166419506073,True
67,136,69,-0.4759523391723633,False
8,43,35,-0.4759718179702759,False
31,36,5,-0.47599149495363235,False
31,73,42,-0.4761762097477913,False
10,105,95,-0.4762437462806702,False
21,125,104,-0.47628049105405806,False
42,131,89,-0.47628573179244993,False
116,125,9,-0.47642361037433145,False
5,10,5,-0.4764362875372171,False
84,113,29,-0.47653948962688447,False
41,153,112,-0.47678663283586503,False
126,153,27,-0.47685633301734925,False
118,137,19,-0.4771766662597656,False
36,76,40,-0.4772536039352417,False
12,43,31,-0.47733187675476074,False
23,135,112,-0.47747557461261747,False
81,131,50,-0.47780881971120837,False
9,129,120,-0.4778428226709366,False
55,78,23,-0.4779049128293991,False
10,74,64,-0.4779292896389961,False
47,125,78,-0.4781372159719467,False
24,78,54,-0.4782170057296753,False
58,66,8,-0.47824122607707975,False
12,136,124,-0.4783508136868477,False
10,25,15,-0.478427916765213,False
100,132,32,-0.47877320647239685,False
49,109,60,-0.4789786070585251,False
59,135,76,-0.4790919288992882,False
118,136,18,-0.4791109666228294,False
34,82,48,-0.4791995232924819,False
4,45,41,-0.4792358040809631,False
78,138,60,-0.4793339639902115,False
26,158,132,-0.4793686091899872,False
61,82,21,-0.47946418523788453,False
76,100,24,-0.4794911205768585,False
62,144,82,-0.47949867472052576,False
129,144,15,-0.4795873314142227,False
89,131,42,-0.4796735405921936,False
85,122,37,-0.4798691987991333,False
23,83,60,-0.47990237474441527,False
46,103,57,-0.48010174036026,False
44,116,72,-0.48019132018089294,False
19,82,63,-0.4805511310696602,False
107,153,46,-0.4805829063057899,False
51,135,84,-0.48064164966344836,False
28,69,41,-0.480656760931015,False
15,38,23,-0.48100717961788175,False
18,121,103,-0.48111141212284564,False
18,133,115,-0.4811373770236969,False
48,132,84,-0.4812980622053146,False
76,90,14,-0.4813028186559677,False
127,154,27,-0.48151297867298126,False
12,25,13,-0.4815950319170952,False
8,29,21,-0.48161314725875853,False
14,156,142,-0.4817142754793167,False
17,108,91,-0.4820018604397774,False
4,17,13,-0.48221425563097,False
69,86,17,-0.48229408338665963,False
64,150,86,-0.4825211763381958,False
41,137,96,-0.4828961186110973,False
39,112,73,-0.4832148991525173,False
46,114,68,-0.4832872495055199,False
67,121,54,-0.483337989449501,False
77,89,12,-0.4834557771682739,False
34,60,26,-0.48370862007141113,False
41,111,70,-0.48375302255153657,False
21,137,116,-0.48377589881420135,False
25,32,7,-0.4838456392288208,False
63,80,17,-0.4840694859623909,False
2,26,24,-0.48418773114681246,False
108,125,17,-0.48421368896961214,False
39,78,39,-0.4842890053987503,False
15,73,58,-0.4843508839607239,False
102,136,34,-0.4844252675771713,False
24,82,58,-0.4844709366559982,False
54,134,80,-0.48447785079479216,False
8,40,32,-0.48459691405296323,False
36,55,19,-0.4847941011190414,True
17,158,141,-0.4850914299488068,False
65,123,58,-0.4851799145340919,False
49,137,88,-0.4854368418455124,False
29,81,52,-0.48544527888298034,False
19,74,55,-0.4857113599777222,False
136,142,6,-0.4858632817864418,False
39,123,84,-0.48620163798332217,False
14,69,55,-0.4862686932086945,False
4,90,86,-0.4863705113530159,False
33,67,34,-0.48640977293252946,False
18,132,114,-0.48642956763505935,False
17,116,99,-0.48644204139709474,False
116,141,25,-0.48673083931207656,False
60,130,70,-0.4867338791489601,False
52,131,79,-0.4868306562304497,False
29,125,96,-0.4869875133037567,False
128,134,6,-0.4870634377002716,False
47,158,111,-0.4873833581805229,False
88,135,47,-0.48740232586860655,False
12,72,60,-0.487725093960762,False
137,147,10,-0.4878099992871284,False
25,97,72,-0.4880729399621487,False
37,48,11,-0.4881352722644806,False
41,83,42,-0.48840839564800265,False
12,66,54,-0.4885502442717552,False
100,154,54,-0.48891506195068357,False
93,128,35,-0.4889249287545681,False
86,94,8,-0.48919854164123533,False
81,110,29,-0.48930438458919523,False
113,145,32,-0.4894172430038452,False
135,157,22,-0.4896370396018028,False
85,128,43,-0.4896420881152153,False
24,101,77,-0.489984792470932,False
98,141,43,-0.49010019749403,False
37,90,53,-0.4901528894901276,False
48,92,44,-0.4901673585176468,False
80,102,22,-0.4901746496558189,False
100,112,12,-0.49064707159996035,False
32,62,30,-0.49069631546735765,False
81,86,5,-0.4912439227104187,False
72,121,49,-0.4914636999368668,False
78,119,41,-0.49156502485275266,False
41,70,29,-0.4919811300933361,False
73,127,54,-0.49225861988961694,False
41,129,88,-0.49227077066898345,False
46,80,34,-0.49269872307777407,False
50,127,77,-0.4928436681628227,False
4,147,143,-0.4929705858230591,False
16,101,85,-0.4930212557315826,False
13,31,18,-0.4930580943822861,False
13,52,39,-0.4931411981582642,False
42,142,100,-0.4931606262922287,False
22,85,63,-0.4931822568178177,False
4,84,80,-0.49329106509685516,False
70,155,85,-0.49365799129009247,False
66,126,60,-0.49375087320804595,False
23,70,47,-0.4938606172800064,False
14,143,129,-0.49451833218336105,False
69,104,35,-0.49465334713459014,False
23,87,64,-0.49474998414516447,False
32,115,83,-0.4948108732700348,False
105,154,49,-0.4948712885379791,False
23,79,56,-0.4951027750968933,False
9,132,123,-0.49531166553497313,False
2,127,125,-0.4954461455345154,False
26,156,130,-0.4956121638417244,False
82,129,47,-0.4957332298159599,False
29,138,109,-0.4957650452852249,False
55,122,67,-0.4958763748407364,False
121,126,5,-0.49606464579701426,False
39,116,77,-0.4961137428879738,False
140,158,18,-0.49622848331928254,False
62,136,74,-0.4962561011314392,False
29,79,50,-0.49656037986278534,False
90,105,15,-0.4965870529413223,False
30,121,91,-0.4966409407556057,False
52,77,25,-0.4966661363840103,False
44,145,101,-0.4966728687286377,False
109,148,39,-0.4968206867575645,False
97,124,27,-0.4969103902578354,True
11,156,145,-0.49699230790138244,False
64,89,25,-0.49701704978942873,False
68,110,42,-0.49726228341460227,False
26,129,103,-0.4973575234413147,False
44,78,34,-0.4973576530814171,False
60,155,95,-0.4973967581987381,False
45,133,88,-0.49744305312633513,False
134,140,6,-0.4975893169641495,False
105,153,48,-0.4978402554988861,False
48,109,61,-0.4980556443333626,False
88,116,28,-0.49806432127952577,False
82,155,73,-0.49816231429576874,False
119,133,14,-0.4984092593193054,False
69,81,12,-0.49845167994499207,False
5,139,134,-0.4987898305058479,False
82,111,29,-0.4988512858748436,False
74,108,34,-0.4990127056837082,False
49,125,76,-0.4990136116743088,False
22,65,43,-0.4990840345621109,False
100,142,42,-0.4993031367659569,False
70,78,8,-0.49935922771692276,False
10,129,119,-0.49986551254987716,False
67,153,86,-0.5000324547290802,False
30,135,105,-0.5000649124383927,False
93,137,44,-0.5001492410898208,False
26,63,37,-0.5001890569925308,False
76,93,17,-0.5003052547574043,False
6,81,75,-0.5007352083921432,False
74,134,60,-0.5007661253213882,False
57,90,33,-0.5008319795131684,False
53,90,37,-0.5009582653641701,False
22,107,85,-0.5013058871030808,False
37,151,114,-0.501323127746582,False
7,159,152,-0.5013961553573608,False
7,98,91,-0.501560953259468,False
17,99,82,-0.5016600728034973,False
32,81,49,-0.5017171114683151,False
18,69,51,-0.5019210487604141,False
2,68,66,-0.5019741356372833,False
71,124,53,-0.5021227836608887,False
24,53,29,-0.5021625995635987,False
13,130,117,-0.5021635487675666,False
18,27,9,-0.5022542327642441,False
38,82,44,-0.5022767439484597,False
62,121,59,-0.502316626906395,False
34,41,7,-0.5026434443891048,False
9,49,40,-0.5030361086130142,False
12,40,28,-0.5031066775321961,False
16,83,67,-0.5033055670559407,False
119,137,18,-0.5033943384885788,False
2,99,97,-0.5036453992128372,False
62,82,20,-0.5037762194871902,False
98,114,16,-0.503913351893425,False
98,158,60,-0.5042784824967385,False
94,116,22,-0.5042946949601174,False
60,149,89,-0.5045790821313858,False
52,57,5,-0.504717367887497,False
16,43,27,-0.5048180758953095,False
77,153,76,-0.5049266964197159,False
40,105,65,-0.5049310147762298,False
123,131,8,-0.5051515340805054,False
42,159,117,-0.5053219258785248,False
74,83,9,-0.5055095702409744,False
21,130,109,-0.5059249490499497,False
34,47,13,-0.506006708741188,False
12,20,8,-0.5062100321054459,False
66,124,58,-0.5063294887542724,False
87,106,19,-0.5063398957252503,False
85,145,60,-0.5064733684062958,False
41,105,64,-0.5064742982387542,False
53,136,83,-0.5064760118722915,False
55,82,27,-0.5066656053066254,False
26,56,30,-0.5067975744605064,False
132,141,9,-0.5068632155656815,False
32,79,47,-0.506926029920578,False
103,134,31,-0.5069951206445694,False
64,78,14,-0.5071564331650734,False
28,48,20,-0.5071873515844345,False
56,109,53,-0.5072900198400021,False
127,147,20,-0.507690942287445,False
18,28,10,-0.5078239232301712,False
46,111,65,-0.5082630321383477,False
38,69,31,-0.5084003910422326,False
97,143,46,-0.5084395729005337,False
111,132,21,-0.5087745234370231,False
75,112,37,-0.5088771134614944,False
27,132,105,-0.5089794680476188,False
7,56,49,-0.5089875489473343,False
45,79,34,-0.509294068813324,False
51,116,65,-0.5092981949448585,False
67,134,67,-0.5094562858343125,False
70,111,41,-0.509594714641571,False
32,68,36,-0.5099313527345657,False
16,137,121,-0.5099877864122391,False
33,87,54,-0.5100551232695579,False
6,99,93,-0.5101132035255432,False
39,79,40,-0.5102224618196487,False
46,120,74,-0.5102329850196838,False
13,139,126,-0.510822881013155,False
78,141,63,-0.510909752547741,False
19,87,68,-0.5109558969736099,False
98,146,48,-0.5110114395618439,False
34,63,29,-0.5111049920320511,False
17,91,74,-0.5111680358648301,False
18,109,91,-0.5112265564501286,False
22,90,68,-0.5113059386610985,False
103,155,52,-0.5116601407527923,False
25,91,66,-0.5117067590355873,False
19,128,109,-0.5121455460786819,False
20,63,43,-0.5122008144855499,False
120,143,23,-0.5122556872665882,False
39,118,79,-0.5122584789991379,False
55,132,77,-0.5124715536832809,False
17,52,35,-0.5126239359378815,False
10,98,88,-0.512977123260498,False
13,84,71,-0.5130739837884903,False
23,54,31,-0.5131746008992195,False
41,146,105,-0.5132195502519608,False
103,124,21,-0.5132862716913223,False
46,58,12,-0.5133734732866287,False
52,117,65,-0.5133804112672806,False
61,117,56,-0.5134716510772706,False
86,110,24,-0.5135092735290527,False
97,112,15,-0.5135530382394791,False
5,72,67,-0.5137429147958755,False
43,130,87,-0.5141671895980835,False
45,128,83,-0.5142360329627991,False
2,113,111,-0.5142950132489205,False
53,142,89,-0.5143602699041366,False
98,126,28,-0.5143763884902001,False
79,142,63,-0.5144837707281112,False
28,120,92,-0.5145117253065109,False
35,114,79,-0.5147361636161805,False
2,63,61,-0.5147908121347428,False
15,35,20,-0.5150595419108868,False
14,39,25,-0.5150867268443108,False
81,152,71,-0.515393853187561,False
51,156,105,-0.5154457598924637,False
43,131,88,-0.5154748618602752,False
79,121,42,-0.5155357673764229,False
19,46,27,-0.5163517311215401,False
77,108,31,-0.5163873076438904,False
14,149,135,-0.5164825290441513,False
64,109,45,-0.5166232377290726,False
61,133,72,-0.5166524797677994,False
52,83,31,-0.516700142621994,False
68,99,31,-0.5169466674327851,False
56,126,70,-0.5170803561806678,False
79,129,50,-0.5174818962812424,False
52,126,74,-0.5176267236471176,False
18,30,12,-0.5177764743566513,False
97,135,38,-0.5178474485874176,False
9,42,33,-0.5180552810430527,False
86,138,52,-0.5180621176958085,False
18,104,86,-0.5181264072656632,False
29,39,10,-0.5181592792272568,False
84,140,56,-0.5184365630149841,False
44,105,61,-0.5184620529413223,False
49,91,42,-0.5187165290117264,False
9,95,86,-0.5188205301761627,False
23,59,36,-0.5188938893377781,False
104,114,10,-0.518946698307991,False
3,123,120,-0.5191103428602218,False
67,72,5,-0.5191895112395286,False
5,11,6,-0.5195510268211365,False
53,81,28,-0.5196390837430954,False
29,139,110,-0.5198621481657029,False
24,59,35,-0.5200990915298462,False
33,59,26,-0.5201775103807449,False
27,98,71,-0.5202147871255874,False
2,83,81,-0.5204945832490921,False
19,68,49,-0.5205434210598469,False
26,58,32,-0.520560821890831,False
57,109,52,-0.5208293706178665,False
63,104,41,-0.5208859100937844,False
46,52,6,-0.5209124937653542,False
48,111,63,-0.5209671035408974,False
77,121,44,-0.521099665760994,False
66,101,35,-0.5214725241065026,False
17,98,81,-0.5216114059090614,False
42,134,92,-0.5216359801590442,False
39,119,80,-0.5218346089124679,False
19,80,61,-0.5219752281904221,False
115,121,6,-0.5219853952527046,False
39,97,58,-0.5220228374004364,False
67,113,46,-0.5220248728990555,False
6,122,116,-0.5221344470977783,False
53,128,75,-0.5223223524168134,False
48,151,103,-0.522424253821373,False
55,113,58,-0.5229080200195313,False
7,104,97,-0.5230020061135292,False
112,134,22,-0.5230685487389565,False
7,69,62,-0.5231266021728516,False
64,141,77,-0.523151832818985,False
27,148,121,-0.5237357497215271,False
134,151,17,-0.5240077570080757,False
28,93,65,-0.5241519927978515,False
53,116,63,-0.524156728386879,False
76,112,36,-0.5242066442966461,False
36,112,76,-0.5242087796330452,False
38,95,57,-0.5244170755147934,False
70,133,63,-0.5248615257441998,False
59,149,90,-0.5252272635698318,False
4,48,44,-0.525245514512062,False
97,122,25,-0.525403593480587,False
6,36,30,-0.525502160191536,False
89,119,30,-0.5256010890007019,False
61,86,25,-0.5257601574063301,False
29,153,124,-0.5257941514253617,False
16,25,9,-0.5257949233055115,False
81,126,45,-0.5258082658052444,False
17,101,84,-0.5258181780576706,False
50,101,51,-0.5259456157684326,False
4,51,47,-0.5260019183158875,False
32,74,42,-0.5260377287864685,False
34,140,106,-0.5265993863344193,False
14,98,84,-0.5273010462522507,False
26,121,95,-0.5273080691695213,False
15,134,119,-0.5273624449968338,False
34,57,23,-0.5275821909308434,False
126,134,8,-0.5277726992964744,False
54,130,76,-0.52785404920578,False
28,65,37,-0.5281538799405098,False
84,145,61,-0.528459158539772,False
12,120,108,-0.5286141403019429,False
2,71,69,-0.5287850290536881,False
2,159,157,-0.5290103152394294,False
73,142,69,-0.529234591126442,False
65,159,94,-0.5292913302779197,False
43,65,22,-0.5293118119239807,False
34,129,95,-0.5298445701599122,False
14,85,71,-0.5300191551446914,False
59,84,25,-0.5300457000732421,False
105,139,34,-0.5300590962171554,False
50,97,47,-0.5304892808198929,False
13,112,99,-0.5305025041103363,False
20,149,129,-0.5305268973112106,False
5,121,116,-0.530543965101242,False
110,145,35,-0.5311039984226227,False
97,153,56,-0.5311980843544006,False
83,103,20,-0.5314846426248551,False
37,62,25,-0.5315100312232971,False
8,111,103,-0.5315603941679001,False
45,80,35,-0.5315675973892212,False
57,123,66,-0.5317198872566223,False
57,132,75,-0.5319328904151917,False
57,67,10,-0.5319952994585038,False
25,107,82,-0.532121992111206,False
16,104,88,-0.532164704799652,False
12,157,145,-0.5322018593549729,False
46,121,75,-0.532211321592331,False
4,88,84,-0.5324702769517898,False
28,68,40,-0.5324706763029099,False
50,128,78,-0.5325007677078247,False
64,73,9,-0.5328317254781723,False
6,13,7,-0.5328669741749763,False
61,157,96,-0.5329774171113968,False
43,68,25,-0.5331222712993622,False
71,121,50,-0.5333517029881477,False
68,81,13,-0.5333815857768058,False
72,77,5,-0.5334611058235168,False
58,132,74,-0.5334785982966423,False
63,130,67,-0.5337952971458435,False
14,24,10,-0.5339521110057831,False
34,66,32,-0.5340698957443237,False
62,69,7,-0.534126053750515,False
121,143,22,-0.53436988145113,False
51,137,86,-0.5343845978379249,False
41,143,102,-0.5344252645969391,False
96,152,56,-0.534781301021576,False
18,125,107,-0.5348350793123245,False
53,75,22,-0.5351323068141938,False
6,82,76,-0.5352507054805755,False
46,64,18,-0.535397008061409,False
25,40,15,-0.5356322690844536,False
9,17,8,-0.5356989309191704,False
100,105,5,-0.5360427051782608,False
5,129,124,-0.5360528096556664,False
47,62,15,-0.5362121611833572,False
116,134,18,-0.5362541735172272,False
102,156,54,-0.5364958189427853,False
8,104,96,-0.5365409344434738,False
97,159,62,-0.5367574259638787,False
104,147,43,-0.5371731579303741,False
56,96,40,-0.5372919231653214,False
40,76,36,-0.5374487996101379,False
53,93,40,-0.5375005096197129,False
71,91,20,-0.5375265255570412,False
35,153,118,-0.537727952003479,False
50,149,99,-0.5378378033638,False
11,50,39,-0.5380351960659027,False
33,48,15,-0.5380631119012833,False
55,66,11,-0.5381471872329712,False
49,73,24,-0.5382728978991509,False
64,152,88,-0.5383456006646157,False
15,106,91,-0.5385349720716477,False
72,150,78,-0.5386841267347335,False
28,82,54,-0.5387520030140877,False
22,74,52,-0.5389917463064193,False
23,116,93,-0.5392580017447471,False
37,143,106,-0.5393527574837208,False
113,121,8,-0.5396131828427315,False
63,141,78,-0.5396750211715698,False
54,79,25,-0.5398722916841507,False
71,105,34,-0.5399792551994324,False
24,93,69,-0.5406809270381927,False
48,155,107,-0.5407114617526532,False
1,122,121,-0.5407907128334045,False
73,144,71,-0.5408600255846977,False
76,123,47,-0.5408854246139526,False
36,117,81,-0.5409750334918499,False
15,58,43,-0.5411104202270508,False
83,114,31,-0.5415511533617974,False
77,123,46,-0.5415744841098785,False
19,76,57,-0.5416918404400348,False
31,111,80,-0.5418063387274742,False
13,153,140,-0.5419184327125549,False
44,113,69,-0.5419208243489265,False
97,152,55,-0.5420451678335667,False
61,112,51,-0.5422097161412239,False
112,124,12,-0.542209829390049,False
46,62,16,-0.5425116449594498,False
113,136,23,-0.5426068723201751,False
15,112,97,-0.5429140448570251,False
82,110,28,-0.5429229199886322,False
36,75,39,-0.5430052414536476,False
48,114,66,-0.5430491745471955,False
2,94,92,-0.5430743336677551,False
36,61,25,-0.5432297170162201,False
37,157,120,-0.5432316571474075,False
8,27,19,-0.543268084526062,False
39,134,95,-0.543337270617485,False
83,129,46,-0.5434091538190842,False
60,153,93,-0.5436396643519401,False
39,109,70,-0.5437568783760071,False
18,68,50,-0.543845197558403,False
16,113,97,-0.5442114174365997,False
67,122,55,-0.5442226842045784,False
87,107,20,-0.5442876189947128,False
64,137,73,-0.5443511575460434,False
112,131,19,-0.5445367157459259,False
30,158,128,-0.5445368722081184,False
111,121,10,-0.5445772334933281,False
11,45,34,-0.5447248369455338,False
42,103,61,-0.5447300493717193,False
32,110,78,-0.5450072944164276,False
11,74,63,-0.5451313465833664,False
103,154,51,-0.5451530575752258,False
30,65,35,-0.5453877463936806,False
4,18,14,-0.5455840706825257,False
30,71,41,-0.5456093467772007,False
120,153,33,-0.5461092621088028,False
17,133,116,-0.5462252795696259,False
33,81,48,-0.5464921444654465,False
24,86,62,-0.5465652972459794,False
53,79,26,-0.5466425895690918,False
32,120,88,-0.5466975510120392,False
13,69,56,-0.5468514174222946,False
91,104,13,-0.546965105831623,False
74,147,73,-0.5469968020915985,False
59,143,84,-0.5470890820026397,False
106,142,36,-0.5471973046660423,False
29,46,17,-0.5472355961799622,False
63,125,62,-0.5472901403903961,False
71,133,62,-0.5474695801734925,False
32,118,86,-0.5475008815526963,False
70,103,33,-0.5476483553647995,False
43,124,81,-0.5479372560977935,False
11,59,48,-0.5479994654655457,False
59,89,30,-0.5480232574045658,False
10,103,93,-0.5480282038450242,False
62,138,76,-0.5481590241193771,False
13,53,40,-0.5481726467609406,False
122,154,32,-0.5482011780142784,False
90,128,38,-0.5482704401016235,False
102,127,25,-0.5483993709087371,False
45,129,84,-0.5486515104770661,False
43,48,5,-0.5487099975347519,False
16,37,21,-0.5487233012914657,False
23,137,114,-0.5488525032997131,False
87,150,63,-0.5488762877881527,False
18,127,109,-0.5490382745862007,False
59,112,53,-0.5490388795733452,False
24,114,90,-0.5490651592612267,False
59,104,45,-0.5491667404770851,False
89,151,62,-0.5492270916700364,False
63,85,22,-0.5492922350764274,False
88,118,30,-0.5493208214640617,False
60,125,65,-0.5495595887303353,False
100,145,45,-0.5497928127646446,False
10,36,26,-0.5498614605516196,False
81,147,66,-0.5499459564685821,False
25,87,62,-0.5499688178300858,False
24,44,20,-0.5499873995780945,False
75,128,53,-0.5499924868345261,False
109,143,34,-0.5500055238604545,False
28,77,49,-0.5500121206045151,False
6,157,151,-0.5500244349241257,False
3,77,74,-0.5502730935811997,False
80,114,34,-0.5503179371356964,False
76,87,11,-0.5504278659820556,False
80,117,37,-0.5504819720983505,False
14,113,99,-0.5505009025335312,False
50,120,70,-0.5505356341600418,False
31,93,62,-0.5505492866039277,False
90,124,34,-0.5506126388907433,False
5,56,51,-0.5513541877269745,False
100,121,21,-0.5513790071010589,False
75,116,41,-0.5517057836055755,False
11,139,128,-0.5517967402935028,False
80,120,40,-0.5518574431538582,False
42,116,74,-0.5519103288650513,False
51,122,71,-0.5519326761364937,False
9,101,92,-0.5519582360982895,False
115,157,42,-0.5519880771636962,False
18,86,68,-0.5525949120521545,False
28,91,63,-0.5527178108692169,False
79,122,43,-0.5528632283210755,False
48,146,98,-0.5528725266456604,False
76,153,77,-0.55291089117527,False
128,153,25,-0.5532134592533111,False
21,66,45,-0.5532252803444863,False
51,120,69,-0.5533400505781174,False
83,151,68,-0.5535185679793357,False
48,86,38,-0.5535827860236168,False
8,108,100,-0.5536259174346924,False
10,22,12,-0.553640441596508,False
42,143,101,-0.5536751255393029,False
60,106,46,-0.5538490325212478,False
104,115,11,-0.5539097920060158,False
71,103,32,-0.5540788248181343,False
90,144,54,-0.5542565301060677,False
134,153,19,-0.5545659497380256,False
24,132,108,-0.5548658564686775,False
101,145,44,-0.5550085619091988,False
65,97,32,-0.5550124421715736,False
83,132,49,-0.5553560733795166,False
54,116,62,-0.5553972765803337,False
91,126,35,-0.5555057048797607,False
17,114,97,-0.5560406357049942,False
14,53,39,-0.5561130225658417,False
53,143,90,-0.5563565284013748,False
22,159,137,-0.5563753604888916,False
68,78,10,-0.5564205169677734,False
74,136,62,-0.556526692211628,False
42,126,84,-0.5565272182226181,False
35,119,84,-0.5566028535366059,False
38,126,88,-0.5567891597747803,False
104,153,49,-0.5568455666303634,False
57,71,14,-0.5571292817592621,False
53,108,55,-0.5573124170303345,False
32,105,73,-0.5575956344604492,False
60,101,41,-0.5576964348554612,False
40,66,26,-0.5578860633075238,False
9,44,35,-0.558011782169342,False
24,120,96,-0.5580671563744545,False
15,33,18,-0.5580811694264411,False
81,120,39,-0.5580917745828629,False
42,76,34,-0.5581627786159515,False
35,108,73,-0.558386167883873,False
7,137,130,-0.5584080144762993,False
77,139,62,-0.5586343079805374,False
42,110,68,-0.558711938560009,False
72,94,22,-0.5588514178991317,False
82,143,61,-0.5589626610279084,False
40,46,6,-0.55898717045784,False
82,128,46,-0.5592600271105767,False
25,64,39,-0.5595592647790909,False
81,137,56,-0.5596559673547745,False
60,116,56,-0.5596664637327194,False
46,129,83,-0.5597742110490799,False
43,73,30,-0.5599291726946831,False
86,113,27,-0.5602940425276757,False
15,30,15,-0.5604085862636566,False
62,143,81,-0.5604852601885796,False
28,132,104,-0.5604869723320007,False
126,152,26,-0.5607782080769539,False
13,137,124,-0.5613859966397285,False
12,154,142,-0.5615715652704238,False
41,115,74,-0.5618628084659576,False
80,129,49,-0.5619640916585922,False
32,157,125,-0.5619747623801231,False
79,157,78,-0.5620093200355768,False
1,55,54,-0.5620634436607361,False
25,102,77,-0.5621174640953541,False
20,146,126,-0.5622286289930344,False
39,138,99,-0.5623035311698914,False
68,149,81,-0.5623539924621582,False
6,55,49,-0.5623936250805854,False
3,14,11,-0.5624119967222214,False
34,40,6,-0.5624382376670838,False
32,143,111,-0.5624515891075135,False
81,145,64,-0.5629041314125061,False
20,114,94,-0.5629891812801361,False
5,124,119,-0.5630018226802349,False
47,123,76,-0.5630698055028915,False
30,133,103,-0.5631388112902641,False
57,100,43,-0.563208383321762,False
140,157,17,-0.5632124006748199,False
22,129,107,-0.5633710503578186,False
23,125,102,-0.5635148089379072,False
39,77,38,-0.5636965036392212,False
54,119,65,-0.5637344151735306,False
91,103,12,-0.563976439088583,False
59,74,15,-0.5641531646251678,False
25,138,113,-0.5646131500601769,False
20,120,100,-0.5648851960897445,False
39,80,41,-0.5649809122085572,False
26,134,108,-0.5656131982803345,False
77,111,34,-0.5657426834106445,False
30,46,16,-0.5657859593629837,False
93,141,48,-0.5658354103565216,False
66,115,49,-0.5658381313085556,False
55,90,35,-0.5660017549991607,False
30,129,99,-0.5660445004701614,False
29,100,71,-0.5663008227944374,False
6,30,24,-0.566401831805706,False
89,123,34,-0.56662617623806,False
116,157,41,-0.5667277365922928,False
25,85,60,-0.5668460458517075,False
11,73,62,-0.5669286280870438,False
71,145,74,-0.566981640458107,False
19,41,22,-0.5670671537518501,False
77,100,23,-0.5672425031661987,False
22,88,66,-0.567326894402504,False
30,84,54,-0.5674482673406601,False
9,147,138,-0.5675436317920685,False
27,59,32,-0.5675970643758774,False
44,135,91,-0.5678721815347672,False
52,138,86,-0.5680217579007149,False
127,155,28,-0.5682090431451797,False
79,146,67,-0.5682766258716583,False
92,132,40,-0.5682934269309043,False
17,90,73,-0.5684126913547516,False
64,123,59,-0.5689678132534027,False
75,158,83,-0.5690503388643264,False
105,142,37,-0.5690880328416824,False
29,94,65,-0.5692486703395844,False
18,131,113,-0.5693705096840859,False
23,85,62,-0.5697198718786239,False
94,126,32,-0.5701014801859856,False
92,121,29,-0.5704213038086892,False
9,99,90,-0.5704685300588608,False
49,72,23,-0.5707996046170593,False
20,106,86,-0.5709717683494091,False
37,64,27,-0.5712184935808182,False
99,145,46,-0.5713001519441605,False
118,126,8,-0.5713053256273269,False
28,106,78,-0.5713553696870803,False
137,156,19,-0.5715146824717522,False
15,157,142,-0.5715672239661217,False
7,111,104,-0.5716004461050034,False
60,140,80,-0.5716566503047943,False
60,150,90,-0.571730324625969,False
5,134,129,-0.5717842042446136,False
92,142,50,-0.5718669310212136,False
15,156,141,-0.5718995720148087,False
45,158,113,-0.5722129166126251,False
35,135,100,-0.5722535029053688,False
119,134,15,-0.5724187009036541,False
47,82,35,-0.5724421501159668,False
23,102,79,-0.5724608629941941,False
79,112,33,-0.5725474178791046,False
27,110,83,-0.5726383596658706,False
30,115,85,-0.5727007210254669,False
104,157,53,-0.5727888613939285,False
35,111,76,-0.5728504478931427,False
38,124,86,-0.5728517711162567,False
27,84,57,-0.5728855907917023,False
85,121,36,-0.5731465801596641,False
52,159,107,-0.5731600731611252,False
33,112,79,-0.573217085748911,False
88,101,13,-0.5734980434179306,False
62,112,50,-0.5735508471727371,False
55,75,20,-0.5736822247505188,False
121,145,24,-0.573696431517601,False
28,89,61,-0.57385755777359,False
99,121,22,-0.5739855457097292,False
38,101,63,-0.5742338389158249,False
32,126,94,-0.5745135724544526,False
85,125,40,-0.5745208740234375,False
3,24,21,-0.5745934963226318,False
71,151,80,-0.5750668585300446,False
51,65,14,-0.5752335250377655,False
2,52,50,-0.5752493411302566,False
13,109,96,-0.5752977505326271,False
85,132,47,-0.5754690706729889,False
27,48,21,-0.5757638603448868,False
146,154,8,-0.575916451215744,False
74,117,43,-0.5759371399879456,False
13,142,129,-0.5760517060756684,False
19,75,56,-0.5763912867754698,False
64,110,46,-0.5766674920916557,False
11,108,97,-0.5773554563522338,False
21,41,20,-0.5775644540786743,False
61,108,47,-0.5775867581367493,False
81,143,62,-0.5777106687426568,False
50,146,96,-0.5777170069515705,False
48,156,108,-0.577779796719551,False
46,118,72,-0.5779154390096665,False
9,113,104,-0.5782100975513458,False
22,64,42,-0.578387326002121,False
71,138,67,-0.5784015834331513,False
151,159,8,-0.5784103691577911,False
37,61,24,-0.5786555200815201,False
67,151,84,-0.5787020832300186,False
64,140,76,-0.5787398099899292,False
75,126,51,-0.5789131224155426,False
59,95,36,-0.5789256632328034,False
60,114,54,-0.5792280346155166,False
46,117,71,-0.5793179720640182,False
28,90,62,-0.5796880051493645,False
31,68,37,-0.5798313245177269,False
100,113,13,-0.5798487961292267,False
32,153,121,-0.5798735052347184,False
20,85,65,-0.5800029531121254,False
35,85,50,-0.5800070941448212,False
56,147,91,-0.580066879093647,False
55,145,90,-0.5802441567182541,False
56,93,37,-0.5803873717784882,False
42,101,59,-0.5804618403315545,False
55,74,19,-0.5804830640554428,False
97,107,10,-0.58069778829813,False
50,136,86,-0.5807117909193039,False
55,125,70,-0.5808655973523855,False
115,145,30,-0.5809569120407104,False
84,111,27,-0.5813837438821793,False
45,104,59,-0.5814167380332946,False
50,78,28,-0.5814921826124191,False
11,75,64,-0.5822181969881057,False
112,147,35,-0.5822533696889878,False
51,130,79,-0.5822773009538651,False
41,69,28,-0.5823529899120331,False
14,19,5,-0.5824376463890075,False
57,137,80,-0.5826159715652466,False
96,106,10,-0.5827007532119751,False
13,135,122,-0.5829111784696579,False
31,63,32,-0.582956163585186,False
21,29,8,-0.5835521057248115,False
51,96,45,-0.5835873454809188,False
14,46,32,-0.5838675335049629,False
116,159,43,-0.5842591315507889,False
77,133,56,-0.5843236178159714,False
45,134,89,-0.5846068307757377,False
32,38,6,-0.5849856674671173,False
72,155,83,-0.5850001964718103,False
66,128,62,-0.5851126343011857,False
81,92,11,-0.5851472467184067,False
31,92,61,-0.585778246819973,False
36,102,66,-0.5860764525830746,False
99,115,16,-0.5860980674624443,False
33,125,92,-0.586149999499321,False
82,88,6,-0.5861570566892624,False
63,158,95,-0.5861607611179351,False
13,67,54,-0.5861647009849549,False
9,48,39,-0.586272782087326,False
38,131,93,-0.5866584420204163,False
95,132,37,-0.5866992831230163,False
9,85,76,-0.5868490800261498,False
46,60,14,-0.586893054842949,False
9,33,24,-0.5871743977069854,False
50,123,73,-0.5872667506337166,False
43,121,78,-0.5875693768262863,False
31,134,103,-0.5879341676831246,False
105,157,52,-0.5881390139460564,False
95,116,21,-0.5882524818181991,False
40,121,81,-0.5884437441825867,False
52,94,42,-0.58848637342453,False
21,34,13,-0.5886182278394699,False
90,123,33,-0.5886761218309402,False
71,112,41,-0.5889794260263443,False
42,123,81,-0.5892384767532348,False
14,54,40,-0.5894270092248917,False
23,133,110,-0.5895269572734833,False
5,43,38,-0.5896503865718842,False
84,129,45,-0.5903161704540253,False
50,118,68,-0.5906052976846695,False
85,131,46,-0.5906439282000064,False
103,151,48,-0.5906594365835189,False
91,100,9,-0.5907521158456802,False
67,75,8,-0.5908011272549629,False
45,85,40,-0.5910603865981102,False
79,120,41,-0.591125538945198,False
98,120,22,-0.5913263946771622,False
59,137,78,-0.5915009140968323,False
19,125,106,-0.591586971282959,False
83,111,28,-0.5916064590215683,False
32,112,80,-0.5920170992612839,False
49,76,27,-0.5922353655099869,False
28,37,9,-0.5924234136939048,False
23,68,45,-0.5924415111541748,False
114,143,29,-0.5924508713185788,False
83,92,9,-0.5924584589898586,False
59,108,49,-0.5927227407693862,False
84,137,53,-0.5928955107927323,False
13,24,11,-0.5930417865514755,False
71,100,29,-0.5934402003884316,False
42,48,6,-0.5935173183679581,False
36,115,79,-0.5936108529567719,False
59,114,55,-0.5937189042568207,False
32,54,22,-0.5939333960413933,False
31,75,44,-0.5941094174981117,False
80,141,61,-0.5941862314939499,False
63,77,14,-0.5945048198103905,False
81,139,58,-0.5947970658540725,False
46,71,25,-0.5948023468255996,False
94,103,9,-0.5949773609638214,False
40,68,28,-0.5953240059316158,False
1,49,48,-0.5953601390123368,False
47,93,46,-0.5953799307346344,False
23,38,15,-0.5955234259366989,False
19,93,74,-0.5956096883863211,False
90,151,61,-0.5956607401371002,False
44,50,6,-0.5956607729196548,False
49,108,59,-0.595709815621376,False
3,126,123,-0.5958802878856659,False
26,44,18,-0.5959038764238358,False
96,114,18,-0.5960234314203262,False
31,86,55,-0.596040940284729,False
104,151,47,-0.5960449039936065,False
47,122,75,-0.5962554335594177,False
26,45,19,-0.596714660525322,False
10,54,44,-0.5968962609767914,False
14,152,138,-0.5973708063364029,False
25,133,108,-0.5975686192512513,False
22,98,76,-0.5976962715387344,False
28,119,91,-0.5979704171419143,False
46,136,90,-0.5981220334768296,False
34,61,27,-0.5982388764619827,False
29,156,127,-0.5982955679297447,False
25,74,49,-0.5986159026622773,False
29,116,87,-0.598682314157486,False
22,45,23,-0.5986848518252372,False
60,102,42,-0.5988754689693451,False
31,155,124,-0.5989055126905442,False
11,99,88,-0.5992077834904194,False
10,59,49,-0.5992271155118942,False
56,125,69,-0.5992287337779999,False
13,68,55,-0.5992419756948948,False
25,80,55,-0.5995140761137009,False
133,153,20,-0.599548289179802,False
14,60,46,-0.6000314354896545,False
149,159,10,-0.6003752321004867,False
48,136,88,-0.6004110634326935,False
2,53,51,-0.6007588863372803,False
4,42,38,-0.6008461147546769,False
31,62,31,-0.6008651405572891,False
26,62,36,-0.6010196790099144,False
10,124,114,-0.6011098898947239,False
54,87,33,-0.6012656778097153,False
42,152,110,-0.6014446496963501,False
13,129,116,-0.601666858792305,False
102,138,36,-0.6019161358475685,False
115,132,17,-0.6023530952632428,False
45,125,80,-0.6026123970746994,False
131,139,8,-0.6027301579713822,False
44,107,63,-0.6030975013971329,False
41,71,30,-0.603185373544693,False
88,156,68,-0.6031950697302818,False
2,111,109,-0.6032841742038727,False
62,71,9,-0.60348482131958,False
35,70,35,-0.6035529494285583,False
28,146,118,-0.6036224395036698,False
67,110,43,-0.6038058646023273,False
25,53,28,-0.6039621293544769,False
56,94,38,-0.6040799289941787,False
123,156,33,-0.6041722506284714,False
94,149,55,-0.6043883711099625,False
33,57,24,-0.6044716984033585,False
21,127,106,-0.6045065522193909,False
25,70,45,-0.6046477288007737,False
112,151,39,-0.6048561500385403,False
11,41,30,-0.604889327287674,False
89,113,24,-0.604960811138153,False
32,65,33,-0.6051823735237122,False
98,124,26,-0.6052423775196075,False
122,150,28,-0.6054677233099938,False
113,150,37,-0.6054923892021179,False
89,107,18,-0.6055429726839066,False
27,105,78,-0.6056053072214127,False
39,55,16,-0.6056884199380874,False
42,111,69,-0.6057631134986877,False
10,46,36,-0.6058592945337296,False
23,130,107,-0.6059344597160816,False
28,60,32,-0.6060786202549935,False
77,103,26,-0.6063017323613167,False
49,88,39,-0.6063618540763855,False
85,119,34,-0.6064883500337601,False
58,96,38,-0.6065687417984009,False
40,126,86,-0.6070938169956207,False
40,112,72,-0.6071489810943603,False
40,113,73,-0.6072402909398079,False
78,115,37,-0.6072508990764618,False
42,157,115,-0.6074725538492203,False
107,147,40,-0.6074937462806702,False
57,154,97,-0.6078018456697464,False
14,77,63,-0.6078196465969086,False
54,152,98,-0.6079304099082947,False
7,124,117,-0.6079629540443421,False
91,119,28,-0.6081586062908173,False
37,98,61,-0.6082782447338104,False
35,151,116,-0.6083529770374299,False
12,44,32,-0.6083659708499909,False
26,108,82,-0.6086361289024353,False
15,54,39,-0.6087759763002396,False
56,104,48,-0.6088226780295372,False
91,112,21,-0.6089456140995025,False
55,91,36,-0.6089986294507981,False
5,132,127,-0.6090563058853149,False
64,156,92,-0.609146286547184,False
67,92,25,-0.6092583745718002,False
99,135,36,-0.6092796936631203,False
125,159,34,-0.6094609096646308,False
18,85,67,-0.6095275461673737,False
45,65,20,-0.6097765818238259,False
17,119,102,-0.6098722338676452,False
98,119,21,-0.6099402248859406,False
77,99,22,-0.6099570035934448,False
41,151,110,-0.6101942136883736,False
14,112,98,-0.6104303270578384,False
59,87,28,-0.6105340033769607,False
14,51,37,-0.6105573669075965,False
46,97,51,-0.6107664585113526,False
5,103,98,-0.6107929557561874,False
56,69,13,-0.6109014511108398,False
18,47,29,-0.6109512180089951,False
12,81,69,-0.6112007856369018,False
6,52,46,-0.6112586706876755,False
125,151,26,-0.611399756371975,False
95,154,59,-0.6116950780153274,False
29,131,102,-0.611985695362091,False
110,158,48,-0.6119979873299599,False
99,142,43,-0.6122055232524872,False
20,157,137,-0.6122185468673706,False
114,139,25,-0.6124257862567901,False
43,116,73,-0.6128451079130173,False
38,159,121,-0.6128754079341888,False
7,27,20,-0.6129180878400803,True
11,149,138,-0.6130822166800499,False
26,71,45,-0.613374525308609,False
48,139,91,-0.6133766502141953,False
87,155,68,-0.6138879179954528,False
14,37,23,-0.6140501141548157,False
6,121,115,-0.6142975717782975,False
105,122,17,-0.6148496240377426,False
55,121,66,-0.6149107545614243,False
62,90,28,-0.6151137411594391,False
63,140,77,-0.6153037071228027,False
22,52,30,-0.6154408246278763,False
46,119,73,-0.6159640237689018,False
71,82,11,-0.6162838757038116,False
2,22,20,-0.6163606107234955,False
121,159,38,-0.6163620889186859,False
4,77,73,-0.6164682924747467,False
9,35,26,-0.616829127073288,False
62,159,97,-0.6169730424880981,False
13,32,19,-0.6171367257833481,False
24,83,59,-0.6173612579703331,False
57,139,82,-0.6175567656755447,False
54,68,14,-0.6176689267158508,False
97,104,7,-0.6177547514438629,False
35,51,16,-0.6179323136806488,False
98,150,52,-0.6179371893405914,False
121,158,37,-0.6180889129638671,False
12,100,88,-0.6180959165096283,False
62,153,91,-0.6181960225105285,False
74,103,29,-0.6182487040758133,False
119,157,38,-0.618452575802803,False
24,156,132,-0.6184721603989601,False
44,131,87,-0.6186107739806175,False
123,140,17,-0.6186277210712433,False
21,62,41,-0.6186876684427262,False
27,58,31,-0.6187795966863632,False
2,20,18,-0.6190184637904167,False
79,148,69,-0.619211170077324,False
75,104,29,-0.6192741602659225,False
33,115,82,-0.6195246040821075,False
54,137,83,-0.6195708572864532,False
22,66,44,-0.6196850389242172,False
6,139,133,-0.6201596617698669,False
13,100,87,-0.6201932147145272,False
48,133,85,-0.6204175233840943,False
48,110,62,-0.6206985861063004,False
12,32,20,-0.6207214817404747,False
1,20,19,-0.6209046006202698,False
35,146,111,-0.6209343671798706,False
54,104,50,-0.6214632019400597,False
67,139,72,-0.621566903591156,False
121,153,32,-0.6216302573680877,False
31,106,75,-0.6218310683965683,False
65,122,57,-0.6220580041408539,False
19,108,89,-0.6222047302871943,False
4,132,128,-0.6225675910711288,False
85,138,53,-0.6226907253265381,False
38,156,118,-0.6227658540010452,False
78,95,17,-0.622780767083168,False
147,158,11,-0.6228244334459305,False
55,80,25,-0.623482471704483,False
44,87,43,-0.6237347275018692,False
118,153,35,-0.6239363074302673,False
32,42,10,-0.6240317255258561,False
84,125,41,-0.6240505039691925,False
27,88,61,-0.6241022914648056,False
9,18,9,-0.6245104879140854,False
3,46,43,-0.6245460033416748,False
43,99,56,-0.6246781259775162,True
84,109,25,-0.6248232059180736,False
46,63,17,-0.6248540461063385,False
2,48,46,-0.6248904153704643,False
29,45,16,-0.6250585824251175,False
67,108,41,-0.6256035253405571,False
27,33,6,-0.6256343275308609,False
2,7,5,-0.625640532374382,False
61,79,18,-0.625745115429163,False
50,96,46,-0.6257460951805115,False
28,62,34,-0.6259313017129898,False
42,115,73,-0.6260226607322693,False
27,119,92,-0.6261924192309379,False
88,146,58,-0.6262751311063767,False
12,113,101,-0.6266062200069428,False
54,63,9,-0.6266224034130573,False
113,134,21,-0.6267656087875366,False
30,127,97,-0.6267853125929832,False
74,122,48,-0.6268489778041839,False
57,119,62,-0.627003014087677,False
93,125,32,-0.6272804617881775,False
65,132,67,-0.6273235157132149,False
45,107,62,-0.6274927392601967,False
28,63,35,-0.6278637744486332,False
25,77,52,-0.6279618918895722,False
12,48,36,-0.6280468627810478,False
105,138,33,-0.6280805110931397,False
39,46,7,-0.6281876876950264,False
53,127,74,-0.6282516956329346,False
13,63,50,-0.6284775257110595,False
9,130,121,-0.6285664737224579,False
29,77,48,-0.6287421464920044,False
40,78,38,-0.628762224316597,False
41,67,26,-0.6295173332095146,False
31,53,22,-0.6297894030809402,False
44,136,92,-0.6298607841134072,False
40,127,87,-0.6300332870334386,False
93,133,40,-0.6300473302602768,False
17,67,50,-0.630062572658062,False
41,116,75,-0.6301054000854492,False
49,93,44,-0.6301127016544342,False
21,152,131,-0.6302398189902305,False
117,131,14,-0.6305537961423398,False
4,75,71,-0.6305767565965652,False
47,104,57,-0.6306899324059486,False
58,115,57,-0.6308329597115516,False
46,127,81,-0.6309534043073655,False
18,100,82,-0.6313156306743621,False
90,116,26,-0.6314350634813308,False
65,95,30,-0.6314895153045654,False
70,136,66,-0.6315340638160706,False
35,138,103,-0.6317298039793968,False
23,99,76,-0.6319345206022262,False
41,156,115,-0.632134135812521,False
71,149,78,-0.6326036855578423,False
63,90,27,-0.6326851926743984,False
73,104,31,-0.6328229025006294,False
40,128,88,-0.6329275283962488,False
89,142,53,-0.6329650819301605,False
35,141,106,-0.6330312669277192,False
133,141,8,-0.6333144694566727,False
100,151,51,-0.633759731054306,False
7,43,36,-0.6337807178497314,False
5,75,70,-0.6339268296957016,False
63,143,80,-0.6339367240667343,False
25,156,131,-0.6341520845890045,False
54,156,102,-0.6341993644833565,False
72,124,52,-0.6342521369457245,False
95,143,48,-0.6344216525554657,False
25,44,19,-0.6347393035888672,False
61,81,20,-0.6348250642418861,False
59,86,27,-0.6348924443125725,False
112,121,9,-0.6351301975548267,False
12,83,71,-0.6353221327066422,False
10,57,47,-0.6353565961122513,False
62,86,24,-0.6354393348097801,False
95,121,26,-0.6356156229972839,False
103,126,23,-0.6356501705944538,False
5,126,121,-0.6357005149126053,False
22,120,98,-0.636065723001957,False
51,115,64,-0.6363312125205993,False
60,147,87,-0.6367702051997185,False
100,118,18,-0.6368617251515388,False
18,43,25,-0.6368972539901734,False
48,148,100,-0.6370601877570152,False
67,73,6,-0.6372568845748902,False
112,140,28,-0.6374583318829536,False
35,95,60,-0.6376728296279908,False
72,86,14,-0.6378237649798393,False
14,123,109,-0.6381103187799454,True
12,34,22,-0.6381845518946647,False
46,109,63,-0.6382417619228363,False
32,123,91,-0.6383418351411819,False
20,118,98,-0.6384287804365159,False
14,81,67,-0.6385384738445282,False
64,69,5,-0.6388373672962189,False
32,131,99,-0.6389923304319381,False
43,78,35,-0.6390350461006165,False
14,102,88,-0.6390592470765114,False
15,67,52,-0.6392583817243576,False
86,123,37,-0.6394895754754544,False
62,84,22,-0.6396633192896843,False
95,103,8,-0.6397507682442665,False
62,127,65,-0.6405671000480652,False
25,82,57,-0.6405806064605712,False
73,92,19,-0.6406304389238358,False
7,25,18,-0.6408785462379456,False
41,50,9,-0.6408962965011596,False
53,156,103,-0.6410554021596908,False
2,77,75,-0.6411340713500977,False
46,108,62,-0.6411739468574524,False
8,20,12,-0.6414882883429527,False
110,157,47,-0.6415161609649658,False
57,86,29,-0.641551399230957,False
59,103,44,-0.641855639219284,False
81,136,55,-0.642041364312172,False
48,124,76,-0.6423858076333999,False
28,45,17,-0.6424389719963074,False
22,86,64,-0.6425137102603913,False
36,104,68,-0.6426664859056472,False
26,43,17,-0.6427390187978744,False
45,86,41,-0.6428512245416641,False
5,99,94,-0.6428854316473007,False
27,104,77,-0.6429351508617401,False
97,113,16,-0.6429867029190064,False
35,58,23,-0.6430751264095307,False
44,51,7,-0.6431665658950806,False
9,80,71,-0.6432301893830299,False
109,158,49,-0.6433524906635284,True
73,118,45,-0.64349644780159,False
42,154,112,-0.643611741065979,False
42,138,96,-0.643791139125824,False
145,158,13,-0.6438103556632996,False
77,151,74,-0.6439141795039177,False
103,113,10,-0.6440486192703248,False
73,138,65,-0.6440488576889039,False
47,126,79,-0.6443213254213334,False
51,64,13,-0.6443852961063385,False
67,155,88,-0.6444207936525345,False
127,150,23,-0.6444217786192894,False
56,116,60,-0.6447009474039078,False
2,142,140,-0.6447499126195908,False
111,123,12,-0.6448046758770942,False
71,97,26,-0.6452239453792572,False
20,62,42,-0.6455133974552154,False
60,93,33,-0.6455692678689957,False
58,140,82,-0.6455745816230773,False
20,128,108,-0.6457429587841034,False
27,52,25,-0.6460422992706298,False
5,159,154,-0.6461032852530479,False
80,100,20,-0.6463236212730408,False
126,159,33,-0.6463411152362823,False
2,156,154,-0.6463886201381683,False
80,151,71,-0.6464951574802399,False
110,115,5,-0.646570073068142,False
17,95,78,-0.6470122009515762,False
49,104,55,-0.6472702093422413,False
109,122,13,-0.6472838506102562,False
77,97,20,-0.6473152995109558,False
22,76,54,-0.6476083636283875,False
18,81,63,-0.6476707577705383,False
37,86,49,-0.6478859975934028,False
38,80,42,-0.6479032903909683,False
33,76,43,-0.6483899801969528,False
46,116,70,-0.6486622810363769,False
125,158,33,-0.6487126350402832,False
42,56,14,-0.6487225264310836,False
14,55,41,-0.6489748805761337,False
122,151,29,-0.6492617964744568,False
11,43,32,-0.6492746829986572,False
28,125,97,-0.6492812991142273,False
12,77,65,-0.6492900997400284,False
71,134,63,-0.6493784256279469,False
6,41,35,-0.6493795722723007,False
70,132,62,-0.6494744479656219,False
60,132,72,-0.6497240722179413,False
18,105,87,-0.6497482925653457,False
113,119,6,-0.6498491823673248,False
70,104,34,-0.6500862970948219,False
53,129,76,-0.6504505157470704,False
89,133,44,-0.6507669389247894,False
14,80,66,-0.6509563863277436,False
70,106,36,-0.6510140478610993,False
2,124,122,-0.6511344760656357,False
75,92,17,-0.6515279546380043,False
50,63,13,-0.6515396445989609,False
60,82,22,-0.6515709370374679,False
31,76,45,-0.6516208827495575,False
86,151,65,-0.6516319274902344,False
70,93,23,-0.6517004609107971,False
68,77,9,-0.6518461525440216,False
63,155,92,-0.6521789163351059,False
54,147,93,-0.6523589253425598,False
15,48,33,-0.6524992883205414,False
17,63,46,-0.6528520822525025,False
15,98,83,-0.6530835747718811,False
60,145,85,-0.653094457089901,False
47,114,67,-0.6531035959720611,False
14,130,116,-0.6531418174505234,False
67,100,33,-0.6532374307513237,False
6,120,114,-0.653251588344574,False
81,111,30,-0.6534127451479435,False
13,42,29,-0.6534241497516632,False
54,111,57,-0.6537029251456261,False
18,55,37,-0.6537810117006302,False
61,121,60,-0.6542699933052063,False
3,122,119,-0.6543428793549537,False
14,38,24,-0.6543627947568893,False
37,142,105,-0.65455462038517,False
89,156,67,-0.6545895308256149,False
44,140,96,-0.6549891784787178,False
31,50,19,-0.6552211992442608,False
81,129,48,-0.6554468601942063,False
55,120,65,-0.6554472804069519,False
6,43,37,-0.6555852919816971,False
54,78,24,-0.6556003957986831,False
104,155,51,-0.6556104093790054,False
29,85,56,-0.6559630624949933,False
54,75,21,-0.6559813812375068,False
14,94,80,-0.656016992032528,False
11,28,17,-0.6562345832586288,False
22,81,59,-0.6562610551714897,False
40,102,62,-0.6562809184193611,False
26,65,39,-0.6564868718385697,False
121,141,20,-0.6566207438707352,False
119,159,40,-0.6568554490804672,False
81,101,20,-0.6568644762039184,False
8,35,27,-0.6569523811340332,False
148,156,8,-0.6578325629234314,False
93,148,55,-0.6579605609178543,False
94,118,24,-0.6584584325551986,False
21,136,115,-0.6585241362452507,False
56,103,47,-0.6587317943572998,False
16,54,38,-0.6588141858577728,False
113,156,43,-0.6588513076305389,False
79,89,10,-0.6588763058185577,False
50,134,84,-0.659148496389389,False
31,129,98,-0.6592133700847626,False
49,74,25,-0.6594217017292976,False
32,71,39,-0.6596121728420258,False
68,88,20,-0.6597088575363159,False
2,18,16,-0.6598391473293305,False
24,124,100,-0.6599137336015701,False
35,104,69,-0.6604775190353394,False
91,134,43,-0.6606520801782608,False
7,91,84,-0.6608850359916687,False
106,151,45,-0.6609865188598633,False
36,44,8,-0.6610931620001793,False
32,127,95,-0.6611003339290619,False
31,71,40,-0.6611129999160766,False
49,146,97,-0.6613348990678787,False
61,136,75,-0.661422336101532,False
96,136,40,-0.6617313086986542,False
21,135,114,-0.6617454379796982,False
39,115,76,-0.6617889076471328,False
40,82,42,-0.6619189836084842,False
51,118,67,-0.6620240524411202,False
1,27,26,-0.6621323943138122,False
93,119,26,-0.6624218463897705,False
42,158,116,-0.6624586790800094,False
44,92,48,-0.6627340495586396,False
33,54,21,-0.6627782046794891,False
50,67,17,-0.6628691107034683,False
66,156,90,-0.6629725597798825,False
20,45,25,-0.6630815237760543,False
106,123,17,-0.6632472217082978,False
68,127,59,-0.6633248686790466,False
3,44,41,-0.663537722826004,False
70,122,52,-0.6635391741991044,False
76,115,39,-0.6635446310043335,False
25,118,93,-0.6636202603578567,False
87,129,42,-0.6636350005865097,False
20,32,12,-0.6638540148735046,False
76,124,48,-0.6638580679893493,False
48,94,46,-0.664018152654171,False
115,150,35,-0.6640200942754746,True
56,121,65,-0.6646804958581924,False
62,92,30,-0.6648822575807571,False
18,38,20,-0.6651487097144126,False
70,81,11,-0.6653428688645363,False
13,27,14,-0.6654153198003769,False
36,63,27,-0.6655245557427406,False
67,96,29,-0.6660530179738998,False
35,103,68,-0.6661446407437325,False
8,81,73,-0.6661938428878784,False
47,135,88,-0.6664454832673072,False
59,85,26,-0.666464650630951,False
120,149,29,-0.666548776626587,False
2,158,156,-0.6665542826056481,False
21,69,48,-0.6668942078948021,False
60,92,32,-0.6668947577476502,False
22,136,114,-0.6670687794685364,False
94,99,5,-0.6671326696872711,False
63,106,43,-0.6671917021274567,False
105,150,45,-0.6674066990613937,False
74,142,68,-0.6678093925118447,False
61,135,74,-0.6678205847740173,False
51,123,72,-0.6678387731313705,False
4,113,109,-0.6678694173693657,False
41,74,33,-0.667945247888565,False
57,65,8,-0.6680003821849823,False
16,141,125,-0.6680679351091385,False
26,87,61,-0.66820480376482,False
30,82,52,-0.6683684140443802,False
72,79,7,-0.6686303853988648,False
42,139,97,-0.6688168749213219,False
93,156,63,-0.6689338147640228,False
76,135,59,-0.6689988777041436,False
24,85,61,-0.6690318435430527,False
24,73,49,-0.6691160410642624,False
64,125,61,-0.6691278383135796,False
76,114,38,-0.6693402141332626,False
42,121,79,-0.6694491744041443,False
49,158,109,-0.6694678544998169,False
29,68,39,-0.6695383578538895,False
24,121,97,-0.6699950739741325,False
59,92,33,-0.6701489984989166,False
73,95,22,-0.670150288939476,False
54,105,51,-0.670215392112732,False
29,137,108,-0.6704292088747025,False
57,140,83,-0.6706337928771973,False
15,94,79,-0.6707653507590294,False
17,22,5,-0.6708461910486221,False
66,108,42,-0.6712521463632584,False
122,145,23,-0.6715733796358109,False
30,91,61,-0.6718018472194671,False
62,87,25,-0.6719935446977615,False
28,135,107,-0.6720893770456314,False
79,147,68,-0.6722486555576325,False
66,149,83,-0.6722575843334198,False
99,137,38,-0.6723681077361107,False
42,88,46,-0.6725969642400742,False
68,95,27,-0.6730526149272918,False
42,74,32,-0.6732185691595077,False
43,51,8,-0.6734066158533096,False
55,106,51,-0.6735071331262589,False
27,55,28,-0.6736669272184372,False
31,141,110,-0.6740685850381851,False
59,64,5,-0.6741838812828064,False
3,102,99,-0.6744390100240707,False
45,130,85,-0.6751563359051943,False
89,128,39,-0.6754889070987702,False
41,68,27,-0.6755089193582535,False
26,67,41,-0.6755879431962967,False
66,97,31,-0.6756443500518798,False
33,113,80,-0.6759680092334748,False
44,85,41,-0.6761577218770981,False
96,158,62,-0.6766409873962402,False
23,45,22,-0.6769988149404526,False
69,92,23,-0.6771144807338715,False
59,81,22,-0.6774840325117111,False
11,129,118,-0.6776270657777786,False
78,111,33,-0.6779136449098587,False
15,78,63,-0.6779767543077468,False
92,101,9,-0.6780386984348297,False
45,131,86,-0.6780457824468613,False
35,130,95,-0.6781235486268997,False
22,78,56,-0.6781712085008621,False
9,94,85,-0.6783380448818207,False
5,118,113,-0.6784509539604187,False
49,80,31,-0.6785659074783326,False
122,135,13,-0.6787739008665085,False
32,61,29,-0.6787780314683914,False
60,121,61,-0.6787826716899872,False
81,90,9,-0.679085248708725,False
11,81,70,-0.6792018741369248,False
94,102,8,-0.6794580489397049,False
136,156,20,-0.6800362914800644,True
13,37,24,-0.6801309227943421,False
117,122,5,-0.6801330879330635,False
91,105,14,-0.6803895354270935,False
10,43,33,-0.6806511878967285,False
122,138,16,-0.6807707965373992,False
21,32,11,-0.6807973325252533,False
123,157,34,-0.6816448718309402,False
52,151,99,-0.6817686438560486,False
15,91,76,-0.6819590866565705,False
101,151,50,-0.6822205990552902,False
97,118,21,-0.6822945058345795,False
18,29,11,-0.6822958216071129,False
26,59,33,-0.6823913156986237,False
62,110,48,-0.6824106693267822,False
41,98,57,-0.6830928862094879,False
18,66,48,-0.6831600300967693,False
22,139,117,-0.6831699907779694,False
65,71,6,-0.6832549691200256,False
6,146,140,-0.6842253804206848,False
50,117,67,-0.6843445517122746,False
11,53,42,-0.6845883458852768,False
57,103,46,-0.6845999494194984,False
55,81,26,-0.6846983462572098,False
95,141,46,-0.6850512951612473,False
84,134,50,-0.6851330071687698,False
110,124,14,-0.6852892726659775,False
85,106,21,-0.6852954775094986,False
5,108,103,-0.6854687303304672,False
16,125,109,-0.6855732887983322,False
98,115,17,-0.6855872273445129,False
17,34,17,-0.6858816772699357,False
7,65,58,-0.6859164565801621,False
124,142,18,-0.6860076993703842,False
4,99,95,-0.6860375165939331,False
6,103,97,-0.6860655575990677,False
18,24,6,-0.6863943070173264,False
59,125,66,-0.6867891237139702,False
1,113,112,-0.687055629491806,False
61,129,68,-0.6871852695941925,False
51,74,23,-0.6872004359960556,False
79,141,62,-0.6872609823942184,False
8,46,38,-0.6877342641353608,False
57,84,27,-0.687926971912384,False
105,125,20,-0.6880123645067215,False
52,144,92,-0.6882491439580918,False
42,86,44,-0.6883667722344399,False
31,138,107,-0.6886661887168884,False
15,103,88,-0.6889090240001678,False
2,136,134,-0.6889506757259369,False
14,105,91,-0.6890804290771484,False
41,127,86,-0.6893878877162933,False
55,62,7,-0.6894619464874268,False
70,98,28,-0.6899410888552666,False
63,71,8,-0.6904297202825547,False
75,96,21,-0.6905118137598037,False
121,140,19,-0.6905330628156662,False
1,95,94,-0.6905954718589783,False
38,67,29,-0.6906431928277016,False
72,96,24,-0.6909274220466614,False
57,107,50,-0.6913721993565559,False
31,66,35,-0.6914869993925095,False
61,92,31,-0.6918145477771759,False
74,110,36,-0.6918786734342575,False
50,119,69,-0.6920459747314454,False
7,89,82,-0.6922620326280594,False
49,102,53,-0.6923977479338645,False
51,153,102,-0.6926734745502472,False
41,96,55,-0.6927356958389282,False
42,70,28,-0.6931991308927536,False
18,149,131,-0.693343785405159,False
28,124,96,-0.6934982284903526,False
35,154,119,-0.6935139447450638,False
74,116,42,-0.6935550138354302,False
127,136,9,-0.6936922132968902,False
43,145,102,-0.6939612090587616,False
22,36,14,-0.6940130919218064,False
11,63,52,-0.6941106885671615,False
24,80,56,-0.6943337559700012,False
81,112,31,-0.6945168107748032,False
17,137,120,-0.6945428885519505,False
15,143,128,-0.694569206237793,False
82,125,43,-0.6945739269256592,False
6,79,73,-0.6946462206542492,False
71,80,9,-0.6948229253292084,False
105,114,9,-0.694848108291626,False
15,68,53,-0.6950971901416778,False
113,129,16,-0.6953038245439529,False
61,119,58,-0.6953047990798951,False
50,126,76,-0.6954505801200866,False
51,61,10,-0.6954843744635582,False
6,23,17,-0.6960930407047272,False
94,107,13,-0.6961097359657288,False
4,46,42,-0.6961331039667129,False
6,76,70,-0.6961783945560456,False
47,99,52,-0.6963445633649826,False
28,66,38,-0.6967161864042282,False
14,82,68,-0.6967326417565346,False
52,141,89,-0.6967969506978988,False
60,112,52,-0.6968046963214874,False
35,136,101,-0.6970610365271568,False
72,136,64,-0.6972432196140289,False
95,147,52,-0.6972644090652466,False
64,108,44,-0.6975177198648452,False
95,133,38,-0.6981281876564026,False
24,92,68,-0.6987926870584488,False
113,152,39,-0.6990364253520965,True
59,127,68,-0.6991765603423119,False
34,64,30,-0.6992113962769508,False
41,148,107,-0.6994751811027526,False
43,155,112,-0.6995785653591156,False
22,73,51,-0.6996768772602081,False
3,57,54,-0.6997578039765358,False
67,81,14,-0.6998722732067109,False
67,157,90,-0.6999375499784947,False
88,99,11,-0.7000659227371215,False
5,68,63,-0.7005045920610428,False
98,157,59,-0.700763301551342,False
33,63,30,-0.7009483724832535,False
36,46,10,-0.7010437831282615,False
68,133,65,-0.7011092782020569,False
22,123,101,-0.7011193215847016,False
48,79,31,-0.7012265771627426,False
4,118,114,-0.7012483179569244,False
33,65,32,-0.7014997750520706,False
94,127,33,-0.7016141831874847,False
40,80,40,-0.701754429936409,False
44,128,84,-0.701832777261734,False
34,145,111,-0.7019690066576004,False
116,133,17,-0.7020045578479767,False
60,156,96,-0.702144342660904,False
21,90,69,-0.7024188037961722,False
90,99,9,-0.7025741174817085,False
57,138,81,-0.7027283996343613,False
58,153,95,-0.7028011806309223,False
45,116,71,-0.702932807803154,False
32,151,119,-0.7029374748468399,False
21,157,136,-0.7034456171095371,False
59,126,67,-0.7034730017185211,False
21,77,56,-0.7037456721067429,False
41,113,72,-0.7039580106735229,False
81,93,12,-0.7041405498981476,False
7,90,83,-0.7045288920402527,False
5,69,64,-0.7048539400100708,False
57,114,57,-0.7048948973417282,False
63,139,76,-0.7052182286977768,False
44,118,74,-0.7054510824382305,False
11,107,96,-0.7055072039365768,False
66,153,87,-0.7055746048688889,False
25,100,75,-0.7056413643062115,False
119,153,34,-0.7057210385799408,False
41,101,60,-0.7057941168546676,False
20,159,139,-0.7062601804733276,False
35,82,47,-0.706540870666504,False
57,156,99,-0.7065905749797821,False
99,110,11,-0.7065948098897934,False
72,81,9,-0.706937626004219,False
94,129,35,-0.7069891363382339,False
6,93,87,-0.7070679724216461,False
84,112,28,-0.7070897907018662,False
2,81,79,-0.7073258221149444,False
2,17,15,-0.7073543250560761,False
23,77,54,-0.7074471771717071,False
4,69,65,-0.7076967000961304,False
61,131,70,-0.7079079568386077,False
35,125,90,-0.7082270562648774,False
61,67,6,-0.7082333758473396,True
35,152,117,-0.7082381069660186,False
24,63,39,-0.7083072543144227,False
70,128,58,-0.7083683967590332,False
35,66,31,-0.7085998088121415,False
25,56,31,-0.7088585257530212,False
29,72,43,-0.7089179873466491,False
37,128,91,-0.7092426389455795,False
100,129,29,-0.7094932943582535,False
24,74,50,-0.7098116874694824,False
53,65,12,-0.7098883137106895,False
28,97,69,-0.7099118396639824,False
126,132,6,-0.7102996557950974,False
59,118,59,-0.7104051351547241,False
21,151,130,-0.7104969680309295,False
7,77,70,-0.7109021276235581,False
7,72,65,-0.7111772358417511,False
30,96,66,-0.7115261435508728,False
79,85,6,-0.711630930006504,False
129,147,18,-0.7118709743022918,False
127,143,16,-0.7119142398238182,False
100,157,57,-0.7120438605546952,False
60,143,83,-0.7120995789766311,False
21,40,19,-0.7121464997529984,False
53,152,99,-0.7121818542480469,False
92,134,42,-0.712530055642128,False
55,85,30,-0.7125698983669281,False
39,122,83,-0.7125936716794967,False
25,54,29,-0.7126007378101349,False
18,59,41,-0.713015130162239,False
9,56,47,-0.713043974339962,False
33,127,94,-0.7132551431655884,False
89,158,69,-0.7133984372019768,False
47,153,106,-0.7134071111679077,False
31,84,53,-0.7136331915855407,False
98,137,39,-0.7138348996639252,False
77,125,48,-0.7139753967523574,False
53,99,46,-0.7142766088247299,False
27,124,97,-0.714464008808136,False
64,120,56,-0.7145741641521454,False
63,135,72,-0.7147055864334106,False
97,121,24,-0.7149391174316406,False
57,76,19,-0.7150032386183739,False
108,148,40,-0.7150095582008362,False
74,133,59,-0.7150647178292274,False
52,64,12,-0.7151926219463348,False
22,28,6,-0.7153155773878097,False
95,128,33,-0.7154880374670028,False
131,158,27,-0.715753099322319,False
4,96,92,-0.7158171653747558,False
14,122,108,-0.7158262252807617,False
38,71,33,-0.715949933230877,False
31,97,66,-0.7159747749567031,False
55,112,57,-0.7164069831371307,False
21,141,120,-0.7165156364440918,False
115,127,12,-0.7165911357849837,False
44,57,13,-0.7167891144752503,False
24,49,25,-0.716926994919777,False
20,68,48,-0.7170878261327743,False
71,125,54,-0.717339563369751,False
41,56,15,-0.7173624038696289,False
25,96,71,-0.7174810528755188,False
38,133,95,-0.7175078809261322,False
36,126,90,-0.7177392229437828,False
96,135,39,-0.7182600319385528,False
36,41,5,-0.7183746799826622,False
64,147,83,-0.7185375571250916,False
23,107,84,-0.7188218474388123,False
5,23,18,-0.7189054727554322,False
18,129,111,-0.7190240263938904,False
105,115,10,-0.7191253080964088,False
24,96,72,-0.7194017976522445,False
15,114,99,-0.7194224521517754,False
9,82,73,-0.7195249915122985,False
20,41,21,-0.7197111696004868,False
22,33,11,-0.7198768869042397,False
43,63,20,-0.7200548946857452,True
95,129,34,-0.7200712561607361,False
27,102,75,-0.7203451991081238,False
31,56,25,-0.7204803764820099,False
78,114,36,-0.7205137550830841,False
20,33,13,-0.7205224946141243,False
2,59,57,-0.720993486046791,False
36,122,86,-0.7210341148078442,False
105,158,53,-0.7212539285421371,False
39,126,87,-0.7213742554187774,False
41,135,94,-0.7216220557689667,False
79,109,30,-0.7217656075954437,False
54,117,63,-0.7221038267016411,False
49,57,8,-0.7223806560039521,False
57,110,53,-0.7228352189064026,False
44,111,67,-0.722945186495781,False
64,92,28,-0.7229844018816948,False
131,147,16,-0.7229927718639374,False
54,81,27,-0.7230574786663055,False
91,125,34,-0.7230966091156006,False
21,112,91,-0.7231657087802887,False
87,133,46,-0.7231893211603164,False
9,43,34,-0.7233051002025604,False
91,136,45,-0.7237505704164505,False
10,100,90,-0.723843602836132,False
41,61,20,-0.7239026397466659,True
7,101,94,-0.7242085635662079,False
33,40,7,-0.7245857790112495,False
42,135,93,-0.7246359393000603,False
5,58,53,-0.7248729690909386,False
41,84,43,-0.7249632626771927,True
100,147,47,-0.7250116556882858,False
42,109,67,-0.7250971883535385,False
23,153,130,-0.7254298597574234,False
10,50,40,-0.725454805791378,False
22,93,71,-0.7254581183195115,False
63,89,26,-0.7254874289035798,False
28,112,84,-0.725522843003273,False
42,137,95,-0.7256878912448883,False
40,118,78,-0.7257594838738441,False
48,108,60,-0.7260940551757813,False
33,104,71,-0.7261426657438278,False
59,83,24,-0.7262822419404984,False
48,106,58,-0.7264785826206207,False
25,73,48,-0.7265405416488647,False
55,155,100,-0.7265495091676712,False
10,73,63,-0.7268207654356956,False
67,145,78,-0.727360588312149,False
41,65,24,-0.7274965405464172,False
61,78,17,-0.7279382914304733,False
98,113,15,-0.728089565038681,False
95,114,19,-0.7283243119716645,False
30,126,96,-0.7285982325673104,False
11,94,83,-0.7287899449467659,False
50,93,43,-0.7289518803358078,False
62,96,34,-0.7292754828929902,False
70,75,5,-0.7295062556862831,False
16,68,52,-0.7295418977737427,False
41,110,69,-0.7296159863471985,False
6,105,99,-0.7296478271484375,False
94,128,34,-0.7297388851642609,False
95,109,14,-0.7300521552562713,False
71,128,57,-0.7301363080739975,False
44,69,25,-0.7303977757692337,False
49,107,58,-0.7305829018354416,False
10,151,141,-0.7306135773658753,False
63,81,18,-0.7306740581989288,False
53,135,82,-0.7309582680463791,False
80,142,62,-0.73141048848629,False
93,155,62,-0.7314238898456097,False
9,30,21,-0.7314350217580795,False
53,153,100,-0.7316794514656066,False
20,52,32,-0.7318257711827755,False
47,120,73,-0.7319828033447265,False
49,61,12,-0.7323215261101723,False
31,95,64,-0.7325054347515106,False
24,35,11,-0.7325204253196717,False
95,108,13,-0.7326390147209167,False
22,101,79,-0.7327851206064224,False
39,71,32,-0.7328889787197113,False
31,55,24,-0.7330201804637909,False
52,134,82,-0.7330947577953338,False
70,105,35,-0.7331690162420272,False
13,45,32,-0.7331913929432631,False
112,153,41,-0.7332076396793127,True
48,80,32,-0.7334502339363098,False
28,102,74,-0.7338000476360321,False
15,117,102,-0.7338966012001038,False
51,86,35,-0.7341234475374222,False
74,85,11,-0.7343020915985108,False
55,111,56,-0.7345004081726074,False
51,103,52,-0.7346509784460068,False
48,100,52,-0.734787854552269,False
107,123,16,-0.7351943969726562,False
50,103,53,-0.7354085981845856,False
31,135,104,-0.7354202330112457,False
15,154,139,-0.7354270190000534,False
35,46,11,-0.7355011522769928,False
22,140,118,-0.7357692569494247,False
50,130,80,-0.7360348016023636,False
17,35,18,-0.736511054635048,False
50,69,19,-0.7366677045822143,False
62,157,95,-0.7368759334087371,False
27,51,24,-0.7372974693775177,False
59,101,42,-0.7376263856887817,False
20,91,71,-0.7378471225500107,False
101,108,7,-0.737980131804943,False
83,107,24,-0.738024839758873,False
31,157,126,-0.7380781337618828,False
40,101,61,-0.738234406709671,False
1,63,62,-0.7384748041629792,False
1,28,27,-0.7384902626276016,False
14,120,106,-0.7386347234249115,False
35,55,20,-0.7389052629470825,False
4,14,10,-0.7389533877372741,False
6,20,14,-0.7390246108174324,False
91,124,33,-0.7390309929847717,False
69,111,42,-0.7391161248087883,False
26,96,70,-0.7391688764095307,False
99,126,27,-0.7392530534416437,False
39,66,27,-0.7394948482513428,False
44,56,12,-0.7395031571388244,False
101,122,21,-0.7396112486720086,False
47,138,91,-0.7397019594907761,False
52,114,62,-0.7397807210683822,False
49,134,85,-0.7398223392665386,False
27,126,99,-0.7404795169830323,False
24,91,67,-0.7406380146741867,False
44,76,32,-0.7407017201185226,False
122,147,25,-0.7409940242767334,False
80,116,36,-0.741335317492485,False
61,113,52,-0.7413366258144378,False
48,129,81,-0.7414013236761093,False
85,116,31,-0.7414858877658844,False
95,136,41,-0.7418721228837967,False
2,43,41,-0.7419124722480774,False
50,79,29,-0.7423681795597077,False
36,81,45,-0.7426037341356277,False
34,104,70,-0.7430988311767578,False
37,125,88,-0.743121699988842,False
100,135,35,-0.7435520350933075,False
21,128,107,-0.7436092227697373,False
143,154,11,-0.744048023223877,False
49,110,61,-0.7442358374595642,False
122,156,34,-0.744363984465599,False
54,143,89,-0.7445561960339546,False
27,87,60,-0.7449930518865585,False
27,137,110,-0.7450896918773651,False
37,94,57,-0.7452850341796875,False
64,136,72,-0.7453069448471069,False
21,118,97,-0.7454120010137558,False
23,74,51,-0.7456120371818542,False
32,49,17,-0.745665828883648,False
78,100,22,-0.746564868092537,False
35,63,28,-0.7468179807066917,False
115,156,41,-0.7472080498933792,False
96,138,42,-0.7472268640995026,False
99,127,28,-0.7472552843391895,False
2,33,31,-0.7476798251271248,False
41,72,31,-0.7478193260729313,False
57,74,17,-0.7479837596416473,False
53,114,61,-0.7484910547733307,False
38,123,85,-0.7488585084676742,False
11,115,104,-0.7492019325494766,False
12,57,45,-0.7492484748363495,False
106,156,50,-0.7495055794715881,False
30,101,71,-0.7496141880750656,False
24,60,36,-0.7498188525438308,False
93,113,20,-0.7499350562691689,False
40,50,10,-0.7500095278024673,False
43,147,104,-0.7503693521022796,False
6,62,56,-0.7505824714899063,False
37,55,18,-0.7507658541202545,False
89,99,10,-0.7508560538291931,False
54,123,69,-0.750904843211174,False
6,80,74,-0.7511471271514892,False
12,105,93,-0.751765214651823,False
39,127,88,-0.7518121421337127,False
96,144,48,-0.7519444912672043,False
56,153,97,-0.7521139919757843,False
78,110,32,-0.7521896213293076,False
31,121,90,-0.7523084245622158,False
113,124,11,-0.7523485660552979,False
39,44,5,-0.7524310171604156,False
101,116,15,-0.7525213494896889,False
14,146,132,-0.7525682628154755,False
4,41,37,-0.7526399925351143,False
46,147,101,-0.7527728989720345,False
40,120,80,-0.7528433740139008,False
68,132,64,-0.7530419319868088,False
25,81,56,-0.7537678986787796,False
57,121,64,-0.7538325637578964,False
37,149,112,-0.7538967564702034,False
30,95,65,-0.7540541052818298,False
42,83,41,-0.7542485862970352,False
31,148,117,-0.7543315857648849,False
13,48,35,-0.7550557911396026,False
62,125,63,-0.7551140189170837,False
25,119,94,-0.755197423696518,False
25,59,34,-0.7552855744957924,False
28,87,59,-0.755802470445633,False
5,148,143,-0.7560073792934418,False
41,77,36,-0.756264241039753,False
60,119,59,-0.7562692761421204,False
50,152,102,-0.7566622391343116,False
17,57,40,-0.7566928878426552,False
86,101,15,-0.7567697256803513,False
52,118,66,-0.7571797102689743,False
23,104,81,-0.7571877419948578,False
47,64,17,-0.7572495937347412,False
47,91,44,-0.7577032327651978,False
33,49,16,-0.757823932170868,False
48,61,13,-0.7578396394848823,False
53,147,94,-0.7582788556814194,False
41,150,109,-0.7585172213613987,False
43,114,71,-0.7586932063102723,False
68,80,12,-0.7587096452713012,False
11,18,7,-0.7587474599480629,False
59,159,100,-0.7587573230266571,False
27,109,82,-0.7588559567928315,False
18,130,112,-0.758910845220089,False
11,65,54,-0.7589542418718338,False
7,41,34,-0.7590498387813568,False
46,75,29,-0.7590511918067933,False
46,65,19,-0.7591135367751122,False
68,104,36,-0.7591776609420776,False
45,136,91,-0.7595408856868744,False
26,93,67,-0.7596067011356353,False
50,115,65,-0.7597424775362015,False
20,78,58,-0.7598095074295997,False
43,50,7,-0.7598290085792542,False
24,127,103,-0.7600490927696228,False
62,72,10,-0.7602982975542545,False
11,91,80,-0.760363855957985,False
45,149,104,-0.7604171574115753,False
78,96,18,-0.760429036617279,False
85,112,27,-0.7607239097356796,False
46,107,61,-0.7611293196678162,False
31,74,43,-0.7612688273191452,False
63,93,30,-0.7613096378743649,False
79,119,40,-0.7614857673645019,False
52,79,27,-0.7616803109645843,False
43,85,42,-0.7620174586772919,False
12,42,30,-0.7624242335557938,False
51,136,85,-0.7625695183873177,False
9,84,75,-0.7626378793269396,False
55,107,52,-0.76267668902874,False
6,149,143,-0.7630809634923935,False
9,63,54,-0.7637313842773438,False
23,131,108,-0.763770341873169,False
61,139,78,-0.7637985855340957,False
124,140,16,-0.7640383452177048,False
95,113,18,-0.7640549421310425,False
43,58,15,-0.7642718225717544,False
11,48,37,-0.7643555961549282,False
5,97,92,-0.7644041046500206,False
84,110,26,-0.7646062880754471,False
93,111,18,-0.7649208456277847,False
110,153,43,-0.7649621531367302,False
76,130,54,-0.7651985496282577,False
7,68,61,-0.7654061406850815,False
69,107,38,-0.7658040761947632,False
62,150,88,-0.765895214676857,False
21,78,57,-0.7659329295158386,False
81,99,18,-0.7661800950765609,False
53,111,58,-0.7661909312009811,False
47,77,30,-0.7663683876395225,False
28,85,57,-0.7664704829454422,False
26,104,78,-0.766490638256073,False
83,91,8,-0.7668035745620727,False
2,97,95,-0.7670913010835647,False
5,151,146,-0.7673476219177247,False
56,151,95,-0.7674900144338608,False
48,72,24,-0.7680219545960426,False
96,126,30,-0.7682454347610473,False
43,112,69,-0.7684654235839844,False
14,125,111,-0.7685304149985314,True
5,78,73,-0.7686566114425659,False
57,152,95,-0.7687583163380622,False
61,80,19,-0.7690572381019593,False
37,44,7,-0.769236832857132,False
63,115,52,-0.7696509748697281,False
5,135,130,-0.7697027027606964,False
66,123,57,-0.7702027708292007,False
25,89,64,-0.7702239751815796,False
97,115,18,-0.7702846825122833,False
97,150,53,-0.7703278981149196,False
61,116,55,-0.7704434722661972,False
92,136,44,-0.7705888494849205,False
13,99,86,-0.7707869529724121,False
48,57,9,-0.771052423119545,False
31,132,101,-0.771116840839386,False
56,159,103,-0.7715969055891037,False
44,61,17,-0.772018963098526,True
4,52,48,-0.7722368083894253,False
31,52,21,-0.7727631062269211,False
6,148,142,-0.7727978944778442,False
30,93,63,-0.7730064123868943,False
55,76,21,-0.7741209834814071,False
30,62,32,-0.7743958756327629,False
14,133,119,-0.7744018077850342,False
59,136,77,-0.7744321644306182,False
59,70,11,-0.7745954096317291,False
2,58,56,-0.7746613100171089,False
104,158,54,-0.7746938049793244,False
118,147,29,-0.7747592896223068,False
32,37,5,-0.7748160064220428,False
42,63,21,-0.7748897522687912,False
7,26,19,-0.775121659040451,False
55,73,18,-0.7754493981599808,False
89,115,26,-0.7757258147001267,False
15,159,144,-0.7758367866277694,False
66,85,19,-0.77590162307024,False
14,139,125,-0.7759337395429611,False
64,151,87,-0.7759402722120285,False
29,128,99,-0.7760364145040513,False
72,80,8,-0.77607361972332,False
122,129,7,-0.7761875540018082,False
95,151,56,-0.7761977732181549,False
61,99,38,-0.776265236735344,False
89,125,36,-0.7763878807425499,False
81,151,70,-0.7765050962567329,False
5,107,102,-0.7767570793628693,False
56,95,39,-0.7767867803573608,False
37,49,12,-0.7770573854446411,False
56,124,68,-0.7772185698151588,False
57,117,60,-0.7772459849715233,False
37,104,67,-0.7772821426391602,False
21,116,95,-0.7777158677577972,False
84,128,44,-0.7781724184751511,False
14,136,122,-0.7783210098743438,False
102,123,21,-0.7787780135869979,False
2,61,59,-0.7788514561951161,False
48,123,75,-0.7790970847010612,False
82,97,15,-0.7795133292675018,False
55,158,103,-0.7796095699071884,False
54,113,59,-0.7799206852912903,False
63,103,40,-0.7804837986826897,False
28,139,111,-0.7805311471223831,False
47,66,19,-0.7807068772614002,False
43,133,90,-0.7808087348937989,False
35,115,80,-0.7810801655054093,False
83,124,41,-0.7813108578324318,False
43,103,60,-0.7814298748970032,False
113,128,15,-0.7815698206424713,False
53,80,27,-0.7819010257720947,False
50,83,33,-0.7819813638925552,False
22,148,126,-0.782072764635086,True
67,117,50,-0.7821819007396698,False
31,72,41,-0.783036145567894,False
52,127,75,-0.7834808140993118,False
12,46,34,-0.7836965322494507,False
61,84,23,-0.7836979478597641,False
35,76,41,-0.783712063729763,False
86,121,35,-0.7841908186674118,False
122,139,17,-0.7842557430267334,False
59,98,39,-0.7844389021396637,False
118,142,24,-0.7850682348012924,False
31,89,58,-0.7850823767483235,False
2,62,60,-0.7851691544055939,False
60,135,75,-0.7857257515192032,False
37,80,43,-0.7857791796326637,False
27,89,62,-0.7857998430728912,False
33,138,105,-0.7858396783471108,False
22,72,50,-0.7859006151556969,False
5,48,43,-0.7870177775621414,False
35,75,40,-0.7873535603284836,False
35,159,124,-0.7873847983777523,False
93,129,36,-0.7878011599183082,False
115,133,18,-0.7882153749465942,False
31,119,88,-0.7883042708039284,False
24,81,57,-0.7883579164743424,False
29,69,40,-0.788659679889679,False
56,122,66,-0.7887137085199356,False
129,153,24,-0.7888420730829239,False
42,120,78,-0.7891100242733955,False
42,118,76,-0.7891957893967628,False
19,56,37,-0.7892810225486755,False
21,79,58,-0.7893157958984375,False
44,52,8,-0.7895359367132186,False
22,68,46,-0.7896221175789833,False
25,124,99,-0.7901989310979843,False
92,123,31,-0.7902635902166366,False
11,26,15,-0.7906159907579422,False
83,97,14,-0.7911029547452927,False
41,79,38,-0.7911070913076401,False
22,42,20,-0.7911702394485474,False
31,114,83,-0.791908198595047,False
100,109,9,-0.7919151678681373,False
71,130,59,-0.7919575989246368,False
103,139,36,-0.7920872837305069,False
30,100,70,-0.7921334415674209,False
106,133,27,-0.7926202461123466,False
83,121,38,-0.7929707169532776,False
59,147,88,-0.7940088629722595,False
34,44,10,-0.794056636095047,False
118,128,10,-0.7941097527742386,False
66,137,71,-0.7955203801393509,False
46,155,109,-0.7957564890384674,False
109,134,25,-0.7957665085792541,False
12,61,49,-0.7959362834692001,False
29,107,78,-0.796103659272194,False
25,123,98,-0.7962891727685928,False
17,25,8,-0.7963490068912507,False
1,92,91,-0.7968955114483833,False
33,105,72,-0.7975811988115311,False
21,103,82,-0.7978009715676307,False
30,49,19,-0.7978987634181977,False
29,121,92,-0.7986791402101516,False
21,143,122,-0.7988763868808746,False
16,158,142,-0.7993223927915096,False
72,141,69,-0.7993447363376618,False
55,101,46,-0.7995350912213326,False
100,116,16,-0.7996013551950455,False
49,132,83,-0.8000671088695526,False
22,63,41,-0.8004941165447235,False
129,140,11,-0.8009070575237274,False
55,100,45,-0.8010972797870636,False
31,46,15,-0.8013055920600891,False
53,62,9,-0.8013424098491668,False
44,75,31,-0.8015490263700485,False
44,112,68,-0.8017852067947387,False
11,55,44,-0.8022167272865772,False
50,113,63,-0.8023907303810119,False
69,113,44,-0.8025516629219055,False
92,113,21,-0.802557235956192,False
28,80,52,-0.8026624858379364,False
36,110,74,-0.8026983141899109,False
35,67,32,-0.8028674304485321,False
21,65,44,-0.8029786616563797,False
35,48,13,-0.8031352251768112,False
21,42,21,-0.8034399211406708,False
21,126,105,-0.8040295779705048,False
2,100,98,-0.8040952086448669,False
61,89,28,-0.8041039392352104,False
97,128,31,-0.8041666567325592,False
28,131,103,-0.8042587995529175,False
43,97,54,-0.8058820545673371,False
42,149,107,-0.8060107320547104,False
61,111,50,-0.8060251533985138,False
50,64,14,-0.8065138161182404,False
15,149,134,-0.8066514492034912,False
34,100,66,-0.8067332625389099,False
46,100,54,-0.8068375796079635,False
21,123,102,-0.8069325678050518,False
105,147,42,-0.8071602165699006,False
44,94,50,-0.8072041302919388,False
69,103,34,-0.80726518034935,False
5,128,123,-0.8075377434492111,False
57,85,28,-0.8075875580310822,False
132,137,5,-0.8077609300613403,False
96,124,28,-0.8078854203224182,False
15,110,95,-0.8079034656286239,False
34,95,61,-0.8080010712146759,False
21,140,119,-0.8083247184753418,False
67,111,44,-0.8084570527076721,False
20,80,60,-0.8085036158561707,False
19,31,12,-0.808984899520874,False
81,97,16,-0.8090249955654144,False
15,92,77,-0.8098466858267784,False
77,114,37,-0.8098889052867889,False
54,85,31,-0.8103039592504502,False
51,108,57,-0.8103994712233543,False
18,138,120,-0.8107643991708755,False
28,64,36,-0.810782527923584,False
128,158,30,-0.811246907711029,False
60,67,7,-0.8114489555358887,False
48,56,8,-0.8120036095380783,False
50,74,24,-0.8122646450996399,False
44,88,44,-0.8123903006315232,False
51,95,44,-0.8125969529151916,False
78,92,14,-0.812839163839817,False
113,123,10,-0.8129282921552659,False
42,67,25,-0.8129948854446412,False
7,39,32,-0.8132696211338043,False
20,136,116,-0.813324086368084,False
44,60,16,-0.8136696994304657,False
25,71,46,-0.8137590244412423,False
49,114,65,-0.8138810425996781,False
41,100,59,-0.8140083283185959,False
26,99,73,-0.8141034543514252,False
18,145,127,-0.8142157003283501,False
54,91,37,-0.8143045723438262,False
107,117,10,-0.814804983139038,False
23,110,87,-0.8153349429368972,False
27,36,9,-0.8155136972665786,False
36,95,59,-0.8155360788106918,False
45,113,68,-0.8157257974147797,False
61,96,35,-0.8157477512955665,False
59,90,31,-0.8161101579666138,False
51,76,25,-0.816336864233017,False
95,102,7,-0.816754937171936,False
99,158,59,-0.8167913675308227,False
9,41,32,-0.8169506788253784,False
57,150,93,-0.8169621407985688,False
30,61,31,-0.8173381924629212,False
63,110,47,-0.8174348950386048,False
61,149,88,-0.8175155058503151,False
70,101,31,-0.8176215320825577,False
102,110,8,-0.8177520275115967,False
20,139,119,-0.8179005086421967,False
22,157,135,-0.8179374009370803,False
43,138,95,-0.818115520477295,False
45,73,28,-0.8193502202630043,False
31,44,13,-0.8201623439788819,False
3,49,46,-0.8209235697984696,False
106,127,21,-0.8217528879642486,False
43,57,14,-0.8219397753477097,False
44,143,99,-0.8220937848091125,False
41,49,8,-0.8224357396364212,False
15,47,32,-0.8227000713348389,False
33,107,74,-0.8227587550878525,False
122,132,10,-0.8232478499412537,False
104,141,37,-0.8232571423053742,False
57,102,45,-0.8236693724989891,False
47,118,71,-0.824433034658432,False
18,26,8,-0.8245722562074661,False
11,100,89,-0.8246645599603653,False
5,93,88,-0.8247906193137169,True
7,156,149,-0.8249608635902405,False
103,132,29,-0.8252132579684257,False
25,93,68,-0.8252212911844253,False
42,92,50,-0.8258983969688416,False
62,118,56,-0.826375213265419,False
11,126,115,-0.8264126881957055,False
63,129,66,-0.8264816850423813,False
61,93,32,-0.826513022184372,False
11,62,51,-0.8265717446804046,False
2,95,93,-0.8266323208808899,False
35,105,70,-0.8267052829265594,False
115,158,43,-0.8267617955803871,False
92,105,13,-0.8270730681717395,False
48,55,7,-0.8272923529148102,False
97,105,8,-0.827380758523941,False
43,94,51,-0.8274082958698272,False
28,43,15,-0.8274801015853882,False
82,113,31,-0.8276908814907074,False
12,60,48,-0.8278601720929146,False
54,106,52,-0.8279541239142418,False
31,156,125,-0.828081002831459,False
23,82,59,-0.8282987833023071,False
52,107,55,-0.8287427216768265,False
54,83,29,-0.8288209050893783,False
11,122,111,-0.8291150569915772,False
54,74,20,-0.8292834490537644,False
35,72,37,-0.8298197031021118,False
39,151,112,-0.8299592763185502,False
47,57,10,-0.8302111268043518,False
4,82,78,-0.8305989295244217,False
29,88,59,-0.8308482259511948,False
20,54,34,-0.8317819714546204,False
7,107,100,-0.8317898035049438,False
7,97,90,-0.8325405523180962,False
63,99,36,-0.8329161971807479,False
32,125,93,-0.8332614749670029,False
122,131,9,-0.8334779381752014,False
30,44,14,-0.8334824800491333,False
46,61,15,-0.8338039487600326,False
54,65,11,-0.8338592112064361,False
31,65,34,-0.833916312456131,False
22,146,124,-0.8340458482503891,False
21,68,47,-0.834460225701332,False
99,112,13,-0.8344803094863892,False
55,94,39,-0.8346475720405578,False
18,64,46,-0.8348443180322647,False
35,92,57,-0.8350552946329117,True
35,80,45,-0.8353556007146835,False
11,52,41,-0.8363165050745011,False
52,104,52,-0.8365449488162995,False
10,113,103,-0.8370413333177567,False
6,37,31,-0.8372501313686371,False
25,110,85,-0.8376622527837754,False
1,25,24,-0.8377068489789963,False
80,96,16,-0.8379303395748139,False
61,105,44,-0.8379321247339249,False
12,94,82,-0.8381690502166748,False
20,48,28,-0.8382172644138336,False
13,158,145,-0.8383524000644684,False
15,95,80,-0.8384040743112564,False
5,74,69,-0.8388401210308075,False
27,94,67,-0.838917963206768,False
24,37,13,-0.8389837950468063,False
61,95,34,-0.8389973402023315,False
85,99,14,-0.839359712600708,False
46,143,97,-0.8394535630941391,False
29,65,36,-0.8399818271398545,False
63,121,58,-0.8400068759918213,False
42,127,85,-0.8401846334338188,False
113,120,7,-0.8403173208236694,False
22,38,16,-0.8407233983278275,False
14,32,18,-0.8408868610858917,False
68,109,41,-0.8409563720226287,False
43,59,16,-0.8414153516292572,False
7,55,48,-0.8415013968944549,False
42,82,40,-0.8415665581822396,False
34,114,80,-0.8419667601585388,False
63,134,71,-0.8420130670070648,False
27,41,14,-0.8420438408851624,False
41,125,84,-0.8421476006507873,False
42,147,105,-0.8423112958669663,False
7,78,71,-0.8423632651567459,False
45,159,114,-0.8428629696369171,False
54,157,103,-0.8428890109062195,False
77,115,38,-0.8429132968187332,False
20,82,62,-0.8430964305996895,False
54,151,97,-0.8432525485754013,False
13,57,44,-0.8432910919189454,False
14,65,51,-0.8432938873767852,False
20,84,64,-0.8434222757816314,False
22,59,37,-0.8437095820903778,False
22,105,83,-0.8437981873750686,False
54,76,22,-0.8439323380589485,False
79,139,60,-0.8441727757453918,False
44,156,112,-0.8442771017551423,False
18,136,118,-0.8446599110960961,False
79,123,44,-0.8447108268737793,False
56,66,10,-0.8447298794984818,False
25,67,42,-0.8448963344097138,False
22,104,82,-0.8452390432357788,False
45,94,49,-0.8453663542866707,False
34,125,91,-0.8462997257709504,False
31,98,67,-0.846465653181076,False
15,31,16,-0.8466430455446243,False
27,93,66,-0.8467223733663559,False
16,95,79,-0.8471137642860412,False
27,68,41,-0.8471986770629882,False
92,133,41,-0.8472299158573151,False
93,132,39,-0.8475201308727265,False
85,100,15,-0.8477764546871185,False
22,113,91,-0.8480202257633209,False
14,70,56,-0.8481043100357055,False
44,122,78,-0.8481429100036622,False
79,113,34,-0.8482524991035462,False
7,40,33,-0.8484860450029373,False
18,153,135,-0.8484937280416489,False
28,44,16,-0.8486908793449401,False
34,54,20,-0.848728233575821,False
12,70,58,-0.8489062875509262,False
21,104,83,-0.8491273030638695,False
57,87,30,-0.8493337452411651,False
32,84,52,-0.8496199965476989,False
56,76,20,-0.8498458087444305,False
31,116,85,-0.8499432891607285,False
96,107,11,-0.8500881940126419,False
27,45,18,-0.8502487942576409,False
35,124,89,-0.8502828925848007,False
12,45,33,-0.8508963853120803,False
31,90,59,-0.8510037660598755,False
46,91,45,-0.8511935651302338,False
59,153,94,-0.8513048306107521,False
78,126,48,-0.8515413224697113,False
81,140,59,-0.8520619750022889,False
15,56,41,-0.852609533071518,False
79,149,70,-0.8528236865997314,False
24,77,53,-0.8528539657592773,False
86,119,33,-0.8531284302473068,False
43,90,47,-0.8531756371259689,False
18,42,24,-0.8533226549625397,False
10,102,92,-0.8535734206438065,False
65,148,83,-0.8538502804934979,False
63,107,44,-0.8538973405957222,False
21,94,73,-0.8539276361465454,False
48,71,23,-0.8540035158395767,False
54,138,84,-0.8541185021400451,False
40,110,70,-0.854320228099823,False
54,71,17,-0.8543977379798889,False
26,57,31,-0.8545020043849945,False
88,122,34,-0.8546929240226746,False
113,158,45,-0.8556800305843353,False
100,146,46,-0.8562667563557624,False
87,112,25,-0.8565334230661392,False
78,153,75,-0.8565861761569977,False
44,101,57,-0.8565991580486297,False
48,78,30,-0.8572033025324345,False
4,15,11,-0.8572586178779602,False
24,106,82,-0.8573412507772445,False
43,56,13,-0.8574554949998856,False
12,63,51,-0.8578867085278035,False
21,76,55,-0.8580328166484833,False
33,41,8,-0.8583325266838073,False
21,149,128,-0.8585349231958389,False
40,151,111,-0.858560198545456,False
7,112,105,-0.8587173819541931,True
122,128,6,-0.8596790671348572,False
45,60,15,-0.859803432226181,False
92,102,10,-0.8601725488901139,False
20,121,101,-0.8609163194894791,False
27,72,45,-0.8612401962280274,False
59,156,97,-0.8614572197198868,False
61,109,48,-0.8618605107069015,False
35,144,109,-0.8618709415197372,False
25,105,80,-0.8623242020606995,False
49,141,92,-0.862550413608551,False
38,134,96,-0.862823349237442,False
15,45,30,-0.8630599945783615,False
22,126,104,-0.8634689331054688,False
108,116,8,-0.8635530635714531,False
49,99,50,-0.8636018991470337,False
7,44,37,-0.863618066906929,False
94,134,40,-0.8636732488870621,False
33,64,31,-0.8639495849609375,False
43,144,101,-0.86426000893116,False
111,158,47,-0.8642633646726608,False
50,99,49,-0.8643278807401658,False
6,17,11,-0.8644358426332474,False
10,35,25,-0.8648046314716339,False
55,69,14,-0.8649605691432953,False
31,78,47,-0.8652178183197975,False
100,153,53,-0.8653015196323395,False
35,156,121,-0.8654524564743042,False
113,147,34,-0.865628582239151,False
10,31,21,-0.865668386220932,False
57,118,61,-0.8657310992479325,False
102,157,55,-0.8661267660558224,False
15,84,69,-0.866397374868393,False
35,121,86,-0.8664021074771882,False
7,110,103,-0.8664750754833221,False
43,107,64,-0.8668749034404755,False
28,76,48,-0.8671670101583004,False
56,81,25,-0.867264187335968,False
56,143,87,-0.8676848828792572,False
37,133,96,-0.8680180907249451,False
94,158,64,-0.8681668549776077,False
100,120,20,-0.8686362564563751,False
7,52,45,-0.8687244221568108,False
62,133,71,-0.8687386214733124,False
21,35,14,-0.8689118772745132,False
73,113,40,-0.8695698499679565,False
126,151,25,-0.8698044776916504,False
77,129,52,-0.8702039778232574,False
9,46,37,-0.8709055066108704,False
42,133,91,-0.8713932439684868,False
35,69,34,-0.8723136842250824,False
15,59,44,-0.8725910544395447,False
64,74,10,-0.8729181677103043,False
47,96,49,-0.8730023384094239,False
18,144,126,-0.8731417834758759,False
46,74,28,-0.8731610298156738,False
35,118,83,-0.873163378238678,False
10,126,116,-0.8733184725046158,False
61,85,24,-0.8740783751010894,False
18,156,138,-0.874393118917942,False
12,41,29,-0.8749333709478379,False
110,120,10,-0.8751174330711364,False
13,46,33,-0.8753769159317016,False
25,95,70,-0.8754689216613769,False
40,103,63,-0.8755095764994621,False
35,109,74,-0.8755215704441071,False
40,79,39,-0.875561635196209,False
96,101,5,-0.8764685779809952,False
79,100,21,-0.8770629495382309,False
57,106,49,-0.8774169653654098,False
95,130,35,-0.8775954693555832,False
5,80,75,-0.8776881724596024,False
85,96,11,-0.8781180247664452,False
5,25,20,-0.8784614443778992,False
75,115,40,-0.8785183012485505,False
59,80,21,-0.8786008834838868,False
14,132,118,-0.8789123713970184,False
15,129,114,-0.8791245013475418,False
7,80,73,-0.8791574656963348,False
35,56,21,-0.8793744325637818,False
46,86,40,-0.8794445395469666,False
26,60,34,-0.8794503003358841,False
11,148,137,-0.8799251735210418,False
18,74,56,-0.8800215579569339,False
22,109,87,-0.8804753512144089,False
22,37,15,-0.8805455297231675,False
39,54,15,-0.881152155995369,False
18,88,70,-0.8811843603849411,False
71,158,87,-0.8812504589557648,False
43,79,36,-0.8816598117351532,False
40,156,116,-0.8817355334758759,False
30,122,92,-0.8820027247071266,False
20,119,99,-0.8820965051651001,True
38,83,45,-0.8822245359420776,False
21,120,99,-0.882426506280899,False
14,150,136,-0.8834532618522644,False
44,149,105,-0.8836221754550934,False
57,112,55,-0.8837026745080948,False
141,159,18,-0.88419229388237,False
88,123,35,-0.8842049732804298,False
63,122,59,-0.884375250339508,False
44,139,95,-0.8847047060728073,False
57,68,11,-0.8847350060939789,False
45,122,77,-0.8850520104169846,False
17,126,109,-0.8854822933673858,False
21,74,53,-0.8861344039440155,False
46,158,112,-0.8863945245742798,False
22,158,136,-0.8869480907917022,False
96,157,61,-0.8871529638767243,False
6,95,89,-0.8872347891330719,True
6,16,10,-0.8873546063899994,False
24,129,105,-0.8876726806163788,False
21,92,71,-0.8882180362939834,False
77,110,33,-0.8883602231740951,False
115,159,44,-0.888556718826294,False
23,136,113,-0.8888811051845551,False
65,126,61,-0.8889140129089356,False
16,57,41,-0.8890239775180817,False
24,126,102,-0.8891994833946228,False
46,156,110,-0.8893569886684418,False
15,27,12,-0.8893937408924103,False
6,46,40,-0.8894403427839279,False
25,132,107,-0.8895856529474259,False
19,54,35,-0.8896425098180771,False
44,82,38,-0.8896560430526733,False
7,119,112,-0.8897613793611526,False
62,126,64,-0.8900779545307159,False
41,121,80,-0.8902952522039413,False
9,53,44,-0.890963938832283,False
66,122,56,-0.8910480588674545,False
13,35,22,-0.891182804107666,False
46,56,10,-0.8912852466106415,False
23,39,16,-0.891615754365921,False
44,89,45,-0.8919485330581665,False
2,28,26,-0.8920374989509583,False
46,115,69,-0.8921712726354599,False
61,91,30,-0.8923493385314941,False
23,40,17,-0.892349922657013,False
32,80,48,-0.8926881074905395,False
47,97,50,-0.8930036187171936,False
59,132,73,-0.893902063369751,False
2,49,47,-0.8940813392400742,False
15,125,110,-0.894162791967392,False
35,52,17,-0.8941895514726639,False
55,128,73,-0.8945722281932831,False
116,124,8,-0.8948845401406288,False
112,122,10,-0.8950287848711014,False
96,104,8,-0.895318865776062,False
54,86,32,-0.8956739902496338,False
95,152,57,-0.8958415210247039,False
49,100,51,-0.8973717346787453,False
3,113,110,-0.897516530752182,False
110,122,12,-0.8976048238575458,False
44,59,15,-0.8977271407842636,False
25,41,16,-0.8980567455291748,False
41,64,23,-0.8980964541435241,False
79,98,19,-0.898528003692627,False
26,35,9,-0.8986061573028564,False
27,122,95,-0.8990689575672149,False
43,93,50,-0.8991178512573242,False
60,120,60,-0.8993616059422493,False
63,97,34,-0.8997028589248657,False
55,126,71,-0.9003801554441452,False
90,113,23,-0.9005978584289551,False
7,149,142,-0.9008192926645279,False
33,43,10,-0.9008414924144745,False
43,83,40,-0.901003110408783,False
59,102,43,-0.9013127624988556,False
53,120,67,-0.9014547616243362,False
22,153,131,-0.9021897912025452,False
78,113,35,-0.9023147284984588,False
18,118,100,-0.9023784659802914,False
6,18,12,-0.9038318037986756,False
43,152,109,-0.903834730386734,False
43,92,49,-0.9042848140001297,False
2,46,44,-0.9043611705303192,False
70,115,45,-0.9045050397515297,False
53,64,11,-0.904800221323967,False
16,157,141,-0.9048007890582085,False
21,44,23,-0.9053130805492401,False
15,109,94,-0.9056628704071045,False
118,156,38,-0.9056883916258812,False
15,22,7,-0.9060407280921936,False
51,83,32,-0.906200060248375,False
35,140,105,-0.9064256608486175,False
14,64,50,-0.9067224115133286,False
24,79,55,-0.9073972925543785,False
20,156,136,-0.9073994368314743,False
106,113,7,-0.9077672630548477,False
50,62,12,-0.9079828500747681,False
10,95,85,-0.9080578833818436,False
22,91,69,-0.908410693705082,False
2,123,121,-0.9084915786981582,False
40,96,56,-0.9085896909236908,False
100,119,19,-0.9087295532226562,False
96,112,16,-0.9088195979595184,False
44,90,46,-0.9090192168951035,False
62,122,60,-0.9091620147228241,False
48,59,11,-0.9092709064483643,False
21,63,42,-0.9095914140343666,False
45,63,18,-0.9099608078598976,False
42,112,70,-0.9099782109260559,False
74,112,38,-0.910067954659462,False
23,115,92,-0.9110246032476426,False
5,158,153,-0.9112012207508087,False
35,41,6,-0.9112071335315705,False
14,63,49,-0.911226487159729,False
100,155,55,-0.9114210277795791,False
49,115,66,-0.9120733469724656,False
1,44,43,-0.9121064305305481,False
110,159,49,-0.9122970104217529,False
57,80,23,-0.9125015676021576,False
40,64,24,-0.913367310166359,False
93,145,52,-0.9134624600410461,False
8,113,105,-0.9136508196592331,True
77,96,19,-0.9137247413396835,False
15,85,70,-0.9137873947620392,False
93,131,38,-0.9137886047363282,False
15,96,81,-0.9144880890846252,True
96,159,63,-0.9145529121160507,False
7,48,41,-0.9150479376316071,False
64,86,22,-0.915083323419094,False
70,121,51,-0.9156951695680619,False
99,128,29,-0.9159055896103382,False
46,59,13,-0.9159566223621368,False
54,69,15,-0.9161680728197098,False
31,131,100,-0.9163721978664399,False
57,131,74,-0.9166752338409424,False
108,151,43,-0.9169277727603913,False
31,88,57,-0.9169485211372376,False
104,116,12,-0.9173423290252686,False
51,100,49,-0.9174520075321198,False
38,118,80,-0.9175422072410584,False
45,132,87,-0.9178733229637146,False
87,125,38,-0.9180886924266816,False
18,119,101,-0.918185618519783,False
23,113,90,-0.9184336736798286,False
22,67,45,-0.9184913754463195,False
14,108,94,-0.9187746405601501,False
108,120,12,-0.9190737783908844,False
60,122,62,-0.9195286631584167,False
53,101,48,-0.919674950838089,False
34,127,93,-0.9198145851492882,False
65,96,31,-0.919987753033638,False
25,49,24,-0.9209293246269226,False
42,146,104,-0.9213437438011169,False
14,87,73,-0.9216289401054383,False
15,121,106,-0.9218649089336395,True
48,60,12,-0.9219994306564331,False
53,77,24,-0.922142219543457,False
57,108,51,-0.9222795754671097,False
23,86,63,-0.9229542791843415,False
15,140,125,-0.9230350345373154,False
38,55,17,-0.9231862187385559,False
61,122,61,-0.9232679605484009,False
58,95,37,-0.9232811331748962,False
49,62,13,-0.9234949827194214,False
70,109,39,-0.9237938076257706,False
64,131,67,-0.92385174036026,False
22,138,116,-0.9238800644874573,False
77,95,18,-0.9241293400526047,False
20,112,92,-0.9247388511896133,False
19,57,38,-0.9250491291284562,False
57,145,88,-0.9255108892917633,False
57,95,38,-0.925985473394394,False
79,91,12,-0.9262962758541107,False
14,73,59,-0.9266535580158234,False
44,125,81,-0.9271794855594635,False
83,110,27,-0.9273908793926239,False
80,158,78,-0.9276943504810333,False
59,124,65,-0.9282618701457978,False
20,46,26,-0.9288286864757538,False
24,136,112,-0.9288812786340713,False
35,79,44,-0.9289025843143464,False
59,99,40,-0.9289113819599152,False
19,60,41,-0.9291199326515198,False
42,124,82,-0.9296130299568176,False
59,138,79,-0.9310857832431794,False
22,103,81,-0.9316135510802269,False
35,78,43,-0.9316310405731201,False
38,77,39,-0.9319883570075035,False
76,96,20,-0.9323063641786575,False
77,146,69,-0.9326211616396904,False
11,111,100,-0.9329681396484375,False
7,63,56,-0.9330079138278962,False
30,43,13,-0.9330407053232193,False
6,77,71,-0.9334626436233521,False
113,155,42,-0.9337940990924836,False
14,22,8,-0.9356579720973969,False
25,52,27,-0.9357065707445145,False
11,25,14,-0.9359413802623748,False
28,126,98,-0.936147752404213,False
63,96,33,-0.9366885483264923,False
10,96,86,-0.9367233514785767,False
71,122,51,-0.9374304115772247,False
22,80,58,-0.9376198768615722,False
107,140,33,-0.9384004503488541,False
15,108,93,-0.9384947776794433,False
3,28,25,-0.9385051548480987,False
6,134,128,-0.9385651558637619,False
47,101,54,-0.9386344999074936,False
113,127,14,-0.9387119740247727,False
5,12,7,-0.9391219347715378,False
27,35,8,-0.9392105758190155,False
101,143,42,-0.9392704486846923,False
65,137,72,-0.9393574893474579,False
30,48,18,-0.9394444435834884,False
67,133,66,-0.9394620150327683,False
82,117,35,-0.9394830122590065,False
106,158,52,-0.9395910277962685,False
97,156,59,-0.9399379879236222,False
49,82,33,-0.9399682343006134,False
83,156,73,-0.9403647661209107,False
93,122,29,-0.94040247797966,False
108,126,18,-0.9405724108219147,False
120,136,16,-0.9406995072960853,False
22,48,26,-0.9408351510763169,False
82,122,40,-0.9416231513023376,False
20,101,81,-0.941763287782669,False
42,71,29,-0.942100641131401,False
38,61,23,-0.9421415954828263,False
35,117,82,-0.9427647933363914,False
48,81,33,-0.9430723011493682,False
24,54,30,-0.9431875564157963,False
24,98,74,-0.9433221459388733,False
51,158,107,-0.9438354313373566,False
41,63,22,-0.9443217277526855,False
49,126,77,-0.944335326552391,False
49,63,14,-0.9443825572729111,False
14,144,130,-0.945468646287918,False
33,47,14,-0.945781871676445,False
54,102,48,-0.9459048733115196,False
5,70,65,-0.9466455549001693,False
71,159,88,-0.9466772079467773,False
95,146,51,-0.9468255341053009,False
5,112,107,-0.9471877217292786,True
69,96,27,-0.9472071558237076,False
65,100,35,-0.9475964605808258,False
93,110,17,-0.9476084738969803,False
35,155,120,-0.9476855635643006,False
90,122,32,-0.948329159617424,False
5,104,99,-0.9484696000814438,False
61,132,71,-0.9485949873924255,False
49,92,43,-0.948852214217186,False
40,137,97,-0.9495114684104919,False
53,123,70,-0.9495400249958038,False
54,120,66,-0.9499514073133468,False
71,147,76,-0.9500885248184204,False
81,100,19,-0.9504281148314476,False
49,64,15,-0.9504466891288758,False
105,155,50,-0.9506234705448151,False
6,143,137,-0.9507322669029236,False
74,96,22,-0.9511845201253891,False
54,142,88,-0.951421993970871,False
53,158,105,-0.9514992445707321,False
85,126,41,-0.9525019958615303,False
62,132,70,-0.9526378214359283,False
3,43,40,-0.9526527673006058,False
21,85,64,-0.9529691815376282,False
17,27,10,-0.9531115531921387,False
6,94,88,-0.9532074749469757,True
17,110,93,-0.9536452323198319,False
57,72,15,-0.9537552237510681,False
52,74,22,-0.9539883673191071,False
57,64,7,-0.9548420131206512,False
80,113,33,-0.95524160861969,False
96,108,12,-0.9552628308534622,False
45,91,46,-0.9553512066602707,False
31,118,87,-0.9559402532875538,False
43,159,116,-0.9561417162418365,False
27,158,131,-0.9562707170844078,False
45,105,60,-0.9563198924064636,False
100,138,38,-0.9567024856805801,False
40,49,9,-0.9567806929349899,False
70,92,22,-0.956790879368782,False
62,104,42,-0.956964659690857,False
18,77,59,-0.9570422172546387,False
90,115,25,-0.9575211480259895,False
86,133,47,-0.9587548196315765,False
15,72,57,-0.9588771939277649,False
59,66,7,-0.9589972168207168,False
20,37,17,-0.9591094404459,False
22,89,67,-0.9599341362714767,False
86,158,72,-0.9602336585521698,False
95,110,15,-0.9605824679136277,False
31,128,97,-0.9605970203876495,False
48,85,37,-0.9610893100500106,False
99,125,26,-0.9612514615058899,False
25,63,38,-0.9613204300403595,False
41,80,39,-0.9615119338035584,False
21,95,74,-0.9617681622505188,False
48,95,47,-0.9617725193500519,False
63,94,31,-0.9624990314245224,False
99,104,5,-0.9625388562679291,False
82,107,25,-0.962548328191042,False
17,153,136,-0.9633765578269958,False
59,77,18,-0.9642573148012161,False
19,44,25,-0.9643634140491486,False
31,145,114,-0.9644165813922883,False
46,99,53,-0.9650985956192016,True
31,137,106,-0.9662464872002602,False
35,128,93,-0.9667749285697937,False
50,122,72,-0.9668187260627746,False
85,95,10,-0.9669381380081177,False
67,107,40,-0.9673204809427262,False
82,112,30,-0.9675903365015983,False
81,153,72,-0.9677521258592605,False
25,45,20,-0.9677819099277258,False
40,61,21,-0.9678063333034516,False
15,127,112,-0.9679851531982422,False
27,115,88,-0.9680095434188842,True
96,127,31,-0.9680644452571869,False
15,148,133,-0.9681167721748352,False
94,151,57,-0.9689130812883378,False
100,144,44,-0.9689163491129875,False
57,104,47,-0.9695728600025177,False
3,15,12,-0.9695863395929336,False
77,156,79,-0.9698024332523346,False
37,95,58,-0.9698618054389954,False
31,117,86,-0.9701148718595505,False
15,101,86,-0.9702749639749527,False
49,159,110,-0.9708274781703949,False
15,105,90,-0.9710218667984009,False
30,70,40,-0.9710901618003845,False
54,77,23,-0.9713943898677826,False
42,106,64,-0.9715199828147888,False
15,124,109,-0.971885958313942,False
44,84,40,-0.9721048578619957,False
107,124,17,-0.9737826824188233,False
37,43,6,-0.9742391735315323,False
42,140,98,-0.9742454439401627,False
17,96,79,-0.9749558508396149,False
61,106,45,-0.9755387812852859,False
26,54,28,-0.9755667120218277,False
115,135,20,-0.9756655871868134,False
5,60,55,-0.9758577138185501,False
43,129,86,-0.9763931393623352,False
23,90,67,-0.9767482548952102,False
100,158,58,-0.9774509400129319,False
90,96,6,-0.9776469230651855,False
42,60,18,-0.9779610805213451,True
20,59,39,-0.9779780685901642,False
17,113,96,-0.9783127903938293,False
7,158,151,-0.9784292161464692,False
119,129,10,-0.9785366415977478,False
11,79,68,-0.978745186328888,False
113,143,30,-0.9788874387741089,False
16,42,26,-0.9790733218193054,False
123,130,7,-0.9791855156421662,False
81,125,44,-0.9794855028390884,False
48,53,5,-0.9796181112527848,False
37,126,89,-0.9797755122184754,False
42,117,75,-0.9799156337976456,False
41,108,67,-0.9800855100154877,False
9,61,52,-0.9806995004415512,False
15,130,115,-0.9809433460235596,False
63,113,50,-0.9810741901397705,False
43,111,68,-0.981570839881897,False
31,81,50,-0.9816406905651093,False
100,136,36,-0.9816443860530853,False
78,122,44,-0.98179332613945,False
44,53,9,-0.9818579077720642,False
63,156,93,-0.9820395827293396,False
52,113,61,-0.9825254812836647,False
69,126,57,-0.9825330197811126,False
40,107,67,-0.982783380150795,False
96,109,13,-0.9832610189914703,False
29,53,24,-0.9836287409067154,False
45,101,56,-0.9841117799282074,False
31,152,121,-0.9841923475265503,False
7,54,47,-0.9846970289945602,False
5,133,128,-0.9849801540374756,False
29,47,18,-0.9852555394172668,False
64,85,21,-0.9856920361518859,False
54,133,79,-0.9862583428621292,False
57,149,92,-0.986598938703537,False
44,120,76,-0.9866001665592193,False
18,158,140,-0.9869856998324394,False
32,44,12,-0.9871434807777405,False
46,95,49,-0.9872041448950768,True
14,62,48,-0.9872179657220841,False
25,61,36,-0.9874507486820221,False
95,159,64,-0.9875082194805145,False
96,120,24,-0.9876917183399201,False
56,71,15,-0.9877665340900421,False
63,149,86,-0.9878204673528671,False
63,82,19,-0.9878667235374451,False
23,66,43,-0.9880497872829437,False
96,128,32,-0.9884735152125359,False
1,43,42,-0.989021047949791,False
103,131,28,-0.989162614941597,False
15,26,11,-0.9896063029766082,False
27,63,36,-0.9897691696882248,False
22,40,18,-0.990080714225769,False
81,108,27,-0.99022778570652,False
40,122,82,-0.990514549612999,False
32,66,34,-0.9907425075769425,False
22,151,129,-0.991409370303154,False
37,57,20,-0.9917772978544235,True
14,67,53,-0.9921190857887268,False
54,97,43,-0.9923089295625687,False
15,88,73,-0.9924884617328644,False
63,84,21,-0.9928770154714585,False
59,140,81,-0.9929294303059578,False
5,19,14,-0.9929683536291123,False
70,102,32,-0.993112200498581,False
51,126,75,-0.99313183426857,False
42,81,39,-0.9934000134468078,False
7,126,119,-0.9935178518295288,False
104,111,7,-0.994052866101265,False
37,96,59,-0.9943416059017182,False
99,133,34,-0.994592010974884,False
57,92,35,-0.9953879952430725,True
67,89,22,-0.995904979109764,False
44,108,64,-0.9962718546390533,False
61,120,59,-0.9965494990348815,False
11,21,10,-0.9967805534601212,False
35,137,102,-0.996931666135788,False
84,94,10,-0.9970505207777023,False
22,92,70,-0.9971745550632477,False
47,105,58,-0.9973346963524818,False
42,68,26,-0.9973643749952317,False
52,105,53,-0.9981196105480195,False
44,134,90,-0.9992698967456818,False
27,77,50,-0.9993568450212479,False
19,27,8,-0.999675190448761,False
95,119,24,-0.9997788801789284,False
35,157,122,-0.9998768389225006,False
35,96,61,-1.0003542065620423,False
43,80,37,-1.0005160212516784,False
54,61,7,-1.000693577528,False
59,122,63,-1.000894594192505,False
43,142,99,-1.0015246510505675,False
24,99,75,-1.0015651375055312,False
28,61,33,-1.002822858095169,False
31,48,17,-1.0030002832412719,False
60,95,35,-1.0034843921661376,False
82,133,51,-1.0039903819561005,False
93,124,31,-1.0041099727153777,False
100,126,26,-1.0042667180299758,True
33,93,60,-1.0045865505933762,False
78,120,42,-1.0046059221029282,False
95,158,63,-1.0047928124666214,False
84,96,12,-1.0048997938632964,False
95,112,17,-1.005008414387703,False
28,79,51,-1.0050869077444076,False
96,121,25,-1.0053360641002655,False
57,126,69,-1.005733895301819,False
7,60,53,-1.006057408452034,False
57,144,87,-1.0060693442821502,False
96,119,23,-1.0065823912620544,False
55,83,28,-1.007033295929432,False
42,125,83,-1.007201337814331,False
44,157,113,-1.0077253609895707,False
27,69,42,-1.008283580839634,False
41,55,14,-1.008369891345501,False
43,125,82,-1.0084216132760049,False
7,99,92,-1.008995470404625,False
22,71,49,-1.0090018063783646,False
54,149,95,-1.0093925297260284,False
93,98,5,-1.0098780691623688,False
5,119,114,-1.0101001799106597,False
125,134,9,-1.0103987127542495,False
98,133,35,-1.010981336236,False
71,104,33,-1.0110714137554169,False
46,70,24,-1.0112264141440392,False
44,62,18,-1.0112676054239274,False
35,68,33,-1.011350840330124,False
34,43,9,-1.0116333723068238,False
46,122,76,-1.011649700254202,False
15,116,101,-1.012065052986145,False
20,96,76,-1.0120983362197875,False
43,101,58,-1.012313187122345,False
57,111,54,-1.0124941796064377,False
44,91,47,-1.012546995282173,False
47,95,48,-1.0125580251216888,False
23,41,18,-1.0128493696451186,False
47,113,66,-1.012948453426361,False
19,95,76,-1.0130013138055802,False
57,99,42,-1.0132338166236878,False
62,147,85,-1.0134268283843995,False
14,56,42,-1.013496220111847,False
31,91,60,-1.0135719388723374,False
153,158,5,-1.0136473052203656,False
43,158,115,-1.0138438522815705,False
57,157,100,-1.0142187356948853,False
15,65,50,-1.014291575551033,False
42,93,51,-1.0145313650369645,True
43,105,62,-1.0145788431167602,False
64,95,31,-1.0155454397201538,False
14,78,64,-1.0157068490982055,False
22,62,40,-1.0157488107681274,False
18,70,52,-1.016374009847641,False
95,105,10,-1.016710990667343,False
45,55,10,-1.0180876672267913,False
44,71,27,-1.0184042200446128,False
122,146,24,-1.0185097336769104,False
49,155,106,-1.0185917496681214,False
2,119,117,-1.0192243725061416,False
11,133,122,-1.0193328648805617,False
26,95,69,-1.0195213317871095,False
7,85,78,-1.0195612341165543,False
43,109,66,-1.0196793377399445,False
102,128,26,-1.0197910875082017,False
21,133,112,-1.0203267157077789,False
39,156,117,-1.0209299504756928,False
22,137,115,-1.021108365058899,False
14,44,30,-1.021820169687271,False
123,132,9,-1.0219879031181336,False
54,141,87,-1.022740477323532,False
14,34,20,-1.022784012556076,False
64,105,41,-1.0227903589606284,False
29,158,129,-1.0230817019939422,False
59,100,41,-1.023254895210266,False
40,98,58,-1.0234686076641082,False
20,35,15,-1.0237945437431335,False
51,99,48,-1.024506551027298,False
53,126,73,-1.0245562016963958,False
16,35,19,-1.0246751129627227,False
15,70,55,-1.0247916638851167,False
81,96,15,-1.024846862256527,False
28,86,58,-1.0254021376371383,False
54,144,90,-1.0254140198230743,False
95,155,60,-1.0257204324007034,False
33,156,123,-1.0258314967155457,False
96,146,50,-1.0264324784278869,False
54,159,105,-1.0265332072973252,False
39,63,24,-1.0266915053129195,False
45,100,55,-1.0275952517986298,False
46,85,39,-1.027706354856491,False
49,131,82,-1.0278688609600066,False
25,115,90,-1.0279893428087234,False
35,107,72,-1.0287662714719772,False
118,158,40,-1.0288601368665695,False
64,70,6,-1.029281122982502,False
14,45,31,-1.0293937504291535,False
65,89,24,-1.0296705901622771,False
40,158,118,-1.0298287570476532,False
31,101,70,-1.029951497912407,False
54,146,92,-1.0300087556242943,False
21,45,24,-1.0302884876728058,False
25,113,88,-1.0312864184379578,False
11,42,31,-1.0315619647502898,False
35,148,113,-1.0315680623054504,False
33,44,11,-1.0324037104845047,False
80,93,13,-1.0328111708164216,False
14,74,60,-1.0329392313957215,False
122,133,11,-1.0331218808889389,False
35,143,108,-1.0334199368953705,False
50,133,83,-1.0334752827882767,False
20,25,5,-1.0336387395858764,False
57,93,36,-1.0341238260269165,False
15,136,121,-1.0343163311481476,False
41,99,58,-1.0344458758831023,True
57,62,5,-1.0349437475204468,False
31,80,49,-1.0354854509234428,False
51,78,27,-1.0355345368385316,False
60,157,97,-1.0360952332615851,False
4,127,123,-1.0367028057575225,False
27,125,98,-1.0368936009705068,False
31,124,93,-1.0369121253490448,False
63,100,37,-1.037404677271843,False
14,49,35,-1.037490314245224,False
122,155,33,-1.0380620658397675,False
4,95,91,-1.0380685806274415,True
61,87,26,-1.0382721543312072,False
7,136,129,-1.038436472415924,False
47,133,86,-1.0386009871959687,False
95,156,61,-1.0386072039604186,False
27,44,17,-1.038841563463211,False
14,66,52,-1.0388535991311074,False
14,106,92,-1.039103490114212,False
7,51,44,-1.0392241090536118,False
62,95,33,-1.0395405560731887,False
73,133,60,-1.0396701633930205,False
28,107,79,-1.039891530573368,False
54,132,78,-1.0404148817062377,False
37,158,121,-1.040605565905571,False
5,91,86,-1.0406059980392457,False
18,54,36,-1.0407013505697251,False
49,70,21,-1.0407527387142181,False
27,136,109,-1.0408172965049745,False
10,60,50,-1.0412393659353256,False
42,99,57,-1.0416349649429322,True
100,127,27,-1.0417473137378692,False
96,149,53,-1.0423137605190278,False
41,126,85,-1.0423179030418397,False
44,97,53,-1.042466950416565,False
14,75,61,-1.042940181493759,False
29,43,14,-1.0431805044412612,False
43,113,70,-1.0440388739109039,False
42,130,88,-1.044067817926407,False
95,144,49,-1.0442699313163757,False
15,128,113,-1.0445381730794907,False
46,145,99,-1.0452943086624145,False
46,133,87,-1.045658403635025,False
7,153,146,-1.0458593964576721,False
48,158,110,-1.0460666328668595,False
63,128,65,-1.0462336480617522,False
7,38,31,-1.0463029503822328,False
27,139,112,-1.0467668443918228,False
15,118,103,-1.0473097503185271,False
5,86,81,-1.0473841652274132,False
54,131,77,-1.0481000989675522,False
57,146,89,-1.0486174762248992,False
27,60,33,-1.0492562115192414,False
4,57,53,-1.0501661956310273,False
27,133,106,-1.050323921442032,False
52,62,10,-1.0505948901176452,False
31,130,99,-1.0506111949682235,False
28,122,94,-1.0519849956035614,False
31,123,92,-1.0524095676839351,False
14,91,77,-1.0526508018374443,False
14,104,90,-1.0529917657375336,False
102,133,31,-1.053187259286642,False
14,35,21,-1.0532091096043588,False
52,122,70,-1.0539890766143798,False
44,110,66,-1.0540225505828857,False
61,75,14,-1.054173994064331,True
21,55,34,-1.0542312622070313,False
74,123,49,-1.0547124803066255,False
43,117,74,-1.054807659983635,False
2,64,62,-1.055258584022522,False
96,132,36,-1.0556237518787384,False
57,135,78,-1.055874502658844,False
57,120,63,-1.0558809518814087,False
53,133,80,-1.056044265627861,False
15,153,138,-1.056153203547001,False
7,83,76,-1.056326100230217,False
20,126,106,-1.0564483910799027,False
71,156,85,-1.0565734803676605,False
35,81,46,-1.0567816600203515,False
99,119,20,-1.0569619864225388,False
25,46,21,-1.0570119678974152,False
25,51,26,-1.0582579672336578,False
54,118,64,-1.0590400457382203,False
43,76,33,-1.0591672360897064,False
63,83,20,-1.0600775599479675,False
43,126,83,-1.060569915175438,False
95,125,30,-1.0608082711696625,False
21,46,25,-1.0609769880771638,False
1,115,114,-1.061073637008667,False
80,153,73,-1.0612702876329423,False
95,120,25,-1.0614000380039215,False
7,86,79,-1.0614928215742112,False
20,95,75,-1.0614940881729127,False
23,42,19,-1.06169154047966,False
80,95,15,-1.0620695933699609,False
22,97,75,-1.0622010380029678,False
74,95,21,-1.062206855416298,False
54,124,70,-1.0625873923301696,False
79,93,14,-1.0625997871160506,False
24,57,33,-1.0630995124578475,False
27,127,100,-1.063550591468811,False
24,110,86,-1.0638397127389907,False
79,128,49,-1.0641214966773986,False
66,113,47,-1.0642161697149277,False
11,39,28,-1.0649492383003234,False
78,94,16,-1.0651974618434905,False
64,93,29,-1.0652593538165092,False
71,129,58,-1.0652893483638763,False
35,43,8,-1.065338283777237,False
31,39,8,-1.0661446034908295,False
94,113,19,-1.066298681497574,False
76,95,19,-1.0666166305541993,False
52,81,29,-1.066902607679367,False
23,44,21,-1.0683557897806168,False
96,130,34,-1.0691892802715302,False
7,79,72,-1.0693519234657287,False
11,46,35,-1.069415819644928,False
96,141,45,-1.0698539525270463,False
43,61,18,-1.0698648989200592,True
25,125,100,-1.0705924421548842,False
123,142,19,-1.0710876047611237,False
46,101,55,-1.07150696516037,False
102,134,32,-1.0716268092393875,False
54,88,34,-1.0716377466917038,False
61,69,8,-1.0720859497785569,True
55,71,16,-1.0723728716373444,False
35,120,85,-1.0723809957504273,False
2,78,76,-1.0729867577552796,False
18,25,7,-1.0730485618114471,False
49,136,87,-1.0732863128185273,False
100,159,59,-1.0739196300506593,False
5,156,151,-1.074076882004738,False
90,95,5,-1.0743651330471038,False
46,137,91,-1.0752596497535705,False
28,99,71,-1.0753269076347352,False
7,81,74,-1.075377643108368,False
20,113,93,-1.0754324480891229,False
43,151,108,-1.0760809063911438,False
43,110,67,-1.076142778992653,False
31,159,128,-1.0763546109199524,False
106,115,9,-1.076875814795494,False
63,120,57,-1.0770540714263916,False
46,81,35,-1.077601459622383,False
44,95,51,-1.0776462793350219,False
43,119,76,-1.0787092864513397,False
23,95,72,-1.0788897156715394,False
57,124,67,-1.0789445281028747,False
54,108,54,-1.078985458612442,False
14,155,141,-1.0796307563781737,False
63,137,74,-1.0798164069652558,False
126,133,7,-1.0799010872840882,False
90,158,68,-1.0805253684520721,False
120,156,36,-1.0810559004545213,False
21,54,33,-1.081065784394741,False
44,96,52,-1.081101155281067,False
59,105,46,-1.081421683728695,False
2,122,120,-1.0816646665334702,False
95,101,6,-1.081666260957718,False
42,104,62,-1.0819633781909943,False
7,87,80,-1.0829818069934845,False
74,81,7,-1.0831127047538758,False
55,63,8,-1.0832868069410324,False
60,65,5,-1.0834745913743973,False
24,48,24,-1.083554169535637,False
31,113,82,-1.0839842438697815,False
47,55,8,-1.0840030878782272,False
27,71,44,-1.0842049837112426,False
113,157,44,-1.0845961272716522,False
7,144,137,-1.0850249767303466,False
95,142,47,-1.0852483808994293,False
27,95,68,-1.0863961100578308,False
57,133,76,-1.086430126428604,False
6,113,107,-1.0871245756745338,True
41,123,82,-1.0876703202724456,False
35,84,49,-1.0882684648036958,False
60,96,36,-1.088367521762848,False
15,44,29,-1.0884614706039428,False
4,22,18,-1.089578342437744,False
42,64,22,-1.08971355445683,False
20,89,69,-1.0897397875785828,False
63,157,94,-1.0899235665798188,False
21,107,86,-1.0906103312969209,False
2,35,33,-1.0908947169780732,False
43,100,57,-1.0915050685405732,False
113,132,19,-1.0918067693710327,False
5,62,57,-1.0926296651363372,False
15,144,129,-1.0928797870874405,False
81,156,75,-1.0930249512195587,False
100,115,15,-1.0934591382741927,False
108,122,14,-1.094093245267868,False
24,40,16,-1.0944390654563905,False
60,71,11,-1.094857096672058,False
53,107,54,-1.0948791027069091,False
63,112,49,-1.095118474960327,False
95,157,62,-1.0956293940544128,False
72,113,41,-1.0958192467689514,False
43,62,19,-1.0963953971862792,True
42,136,94,-1.09707151055336,False
32,159,127,-1.0971909046173096,False
44,54,10,-1.0973470777273178,False
59,115,56,-1.097540509700775,False
95,117,22,-1.0976826786994933,False
24,133,109,-1.097757375240326,False
24,41,17,-1.097832828760147,False
43,153,110,-1.0979338586330414,False
99,122,23,-1.0979402124881745,False
53,115,62,-1.0982456296682357,False
23,46,23,-1.0984052747488022,False
14,137,123,-1.0984898209571838,False
27,65,38,-1.0986185431480409,False
32,100,68,-1.0990221209824085,False
95,122,27,-1.0993506550788879,False
7,133,126,-1.1003777414560318,False
68,96,28,-1.100533303618431,False
1,21,20,-1.1011506527662278,False
7,19,12,-1.1020955204963685,False
29,95,66,-1.1022423386573792,False
43,115,72,-1.1024409294128419,False
96,110,14,-1.1026405990123749,False
122,153,31,-1.1028245568275452,False
57,136,79,-1.1032213181257249,False
29,63,34,-1.1035695776343346,False
24,123,99,-1.1036306202411652,False
40,95,55,-1.1036457479000092,False
93,127,34,-1.1036515682935715,False
41,104,63,-1.1039699614048004,False
67,95,28,-1.104007613658905,False
31,122,91,-1.1049776405096055,False
124,133,9,-1.1050618231296538,False
42,153,111,-1.1055032670497895,False
51,63,12,-1.105574904382229,False
45,54,9,-1.1057010293006897,False
47,115,68,-1.1059352457523346,False
80,131,51,-1.106227320432663,False
75,94,19,-1.1063257515430451,False
25,43,18,-1.1065186858177185,False
7,95,88,-1.1067240059375762,False
69,95,26,-1.1075989753007889,False
14,97,83,-1.108736415207386,True
31,49,18,-1.1087566196918488,False
21,124,103,-1.1087592840194702,False
64,132,68,-1.109151515364647,False
28,92,64,-1.1094984978437423,False
44,153,109,-1.1097509860992432,False
11,61,50,-1.1099685728549957,False
1,50,49,-1.1103361874818802,False
31,87,56,-1.1103674620389938,False
22,27,5,-1.1112657725811004,False
37,132,95,-1.1113873839378356,False
37,81,44,-1.1125009864568711,False
111,134,23,-1.1126062095165252,False
41,94,53,-1.1129459321498871,True
21,129,108,-1.1131652623414994,False
91,96,5,-1.1142537981271743,False
64,112,48,-1.1142826855182648,False
5,53,48,-1.1146159887313842,False
5,27,22,-1.1149309813976287,False
80,122,42,-1.114954124391079,False
27,129,102,-1.1150962114334106,False
15,119,104,-1.115197914838791,True
43,70,27,-1.1158858597278596,False
43,82,39,-1.116343942284584,False
42,129,87,-1.1163902282714844,False
37,122,85,-1.1171155750751496,False
14,138,124,-1.1172201335430145,False
9,159,150,-1.1173644334077835,False
43,156,113,-1.1174423336982726,False
31,99,68,-1.1175358593463898,False
45,147,102,-1.1176032900810242,False
7,23,16,-1.1181169003248215,False
35,60,25,-1.1189322009682656,False
101,158,57,-1.1196564376354217,False
7,32,25,-1.1198781669139861,False
28,95,67,-1.1200754761695861,False
35,45,10,-1.120243787765503,False
55,115,60,-1.120263409614563,False
19,129,110,-1.1206313759088515,False
18,71,53,-1.1207020163536072,False
24,64,40,-1.1232250034809113,False
43,52,9,-1.1238985061645508,False
83,95,12,-1.1245767414569854,False
52,99,47,-1.1247851938009261,False
15,21,6,-1.1251295655965805,False
86,96,10,-1.1252783179283141,False
14,40,26,-1.1253143072128295,False
44,123,79,-1.125424712896347,False
46,77,31,-1.125796616077423,False
35,91,56,-1.1259196937084197,False
15,131,116,-1.1260676622390746,False
31,120,89,-1.1268846839666367,False
15,41,26,-1.127241203188896,False
7,59,52,-1.1274122178554535,False
57,81,24,-1.1278745740652085,False
95,140,45,-1.1279718279838562,False
44,100,56,-1.12878058552742,False
62,113,51,-1.129065427184105,False
47,63,16,-1.1292378425598144,False
100,108,8,-1.129325556755066,False
44,126,82,-1.1304106056690215,False
44,49,5,-1.1307722926139832,False
43,157,114,-1.1311905950307846,False
31,133,102,-1.1314250111579895,False
14,96,82,-1.131510031223297,True
22,77,55,-1.132062804698944,False
21,50,29,-1.1320750743150712,False
29,44,15,-1.1324902892112731,False
93,126,33,-1.1325053930282594,False
133,140,7,-1.132588917016983,False
31,37,6,-1.132770651578903,False
49,95,46,-1.1331394910812378,False
47,159,112,-1.133962021768093,False
72,95,23,-1.1340606927871704,False
2,31,29,-1.1340677738189697,False
60,115,55,-1.1342913329601287,False
52,115,63,-1.134426212310791,False
96,117,21,-1.1350610196590423,False
43,123,80,-1.1350697785615922,False
83,104,21,-1.1354499161243439,False
60,126,66,-1.1359767407178878,False
7,140,133,-1.1364723324775696,False
20,105,85,-1.1364916622638703,False
18,61,43,-1.1371203899383544,False
5,82,77,-1.137229010462761,False
94,120,26,-1.1376735776662827,False
35,61,26,-1.1387674510478973,False
54,72,18,-1.1398208647966386,False
44,127,83,-1.1402248859405517,False
75,95,20,-1.1403738915920258,False
96,147,51,-1.1404936999082564,False
61,107,46,-1.1405975103378296,False
57,129,72,-1.1406936824321747,False
59,151,92,-1.1407511413097382,False
7,18,11,-1.1409967601299287,False
22,132,110,-1.1416178300976754,False
107,115,8,-1.1418923676013946,False
57,142,85,-1.1419026017189027,False
7,132,125,-1.1419365406036377,False
94,105,11,-1.1420368432998658,False
44,74,30,-1.1422504723072051,False
4,54,50,-1.1424454122781753,False
45,95,50,-1.1425302118062972,False
95,134,39,-1.1428848505020142,False
21,82,61,-1.1430465579032898,False
7,113,106,-1.144049161672592,True
46,84,38,-1.144216823577881,False
70,126,56,-1.1442831337451935,False
21,31,10,-1.144360989332199,False
22,79,57,-1.1445595443248748,False
7,94,87,-1.1451638758182525,False
89,96,7,-1.145180806517601,False
32,107,75,-1.1455100297927856,False
61,94,33,-1.145925384759903,False
5,54,49,-1.1465859174728394,False
20,43,23,-1.1479056507349015,False
95,150,55,-1.148804986476898,False
7,47,40,-1.1495303511619568,False
21,67,46,-1.1507311642169953,False
45,83,38,-1.1520129024982453,False
20,57,37,-1.1520326137542725,False
43,77,34,-1.1521144092082978,False
18,113,95,-1.1525428980588912,False
27,47,20,-1.152614676952362,False
14,48,34,-1.1531556844711304,False
47,100,53,-1.1534918248653412,False
70,113,43,-1.1537386387586595,False
15,147,132,-1.1542262732982635,False
22,49,27,-1.1542952060699463,False
59,96,37,-1.1544359922409058,False
52,63,11,-1.1547121703624725,False
55,95,40,-1.1549589157104492,False
24,61,37,-1.1553442507982254,False
94,123,29,-1.1555290937423706,False
37,113,76,-1.1567657530307769,False
43,106,63,-1.1570789694786072,False
75,97,22,-1.1571445882320404,False
15,151,136,-1.1571513324975968,False
95,123,28,-1.1572766065597535,False
11,44,33,-1.1585602104663848,False
54,103,49,-1.1588590264320373,False
15,90,75,-1.1593203246593475,False
26,133,107,-1.1598920613527297,False
59,158,99,-1.15990392267704,False
5,35,30,-1.1601351499557495,True
22,100,78,-1.1603816241025924,False
25,158,133,-1.1604872286319732,False
20,99,79,-1.1608487367630005,False
96,139,43,-1.1609586715698241,False
126,147,21,-1.1610065937042235,False
96,134,38,-1.161253422498703,False
115,126,11,-1.1617009460926055,False
15,120,105,-1.1617201030254365,False
33,52,19,-1.1617669671773911,False
41,158,117,-1.1620874226093292,False
63,101,38,-1.1620895951986312,False
7,93,86,-1.163301831483841,False
6,158,152,-1.1633128762245177,False
82,95,13,-1.1638660967350005,False
15,79,64,-1.1641494274139403,False
122,157,35,-1.1643748521804809,False
5,57,52,-1.1652238845825196,False
57,151,94,-1.1655501961708068,False
77,126,49,-1.1661972194910049,False
20,50,30,-1.1662135124206543,False
89,97,8,-1.1667517989873886,False
61,127,66,-1.1668408676981925,False
96,113,17,-1.167360183596611,False
57,82,25,-1.1679401010274888,False
5,120,115,-1.1682961195707322,False
96,125,29,-1.1691611588001252,False
57,143,86,-1.1696545481681824,False
27,79,52,-1.1700385838747025,False
57,125,68,-1.1703060269355774,False
71,123,52,-1.1705163210630416,False
28,159,131,-1.170609749853611,False
35,101,66,-1.1711855769157409,False
57,63,6,-1.171498891711235,False
47,102,55,-1.1717593252658844,False
31,77,46,-1.171766099333763,False
55,99,44,-1.1748246788978576,False
57,148,91,-1.1753990322351455,False
11,31,20,-1.175836443901062,False
15,71,56,-1.1769513249397279,False
15,52,37,-1.1774133414030075,False
46,125,79,-1.1780088543891907,False
62,123,61,-1.1785931706428527,False
49,156,107,-1.179120087623596,False
25,42,17,-1.1797784090042114,False
57,141,84,-1.17984938621521,False
95,126,31,-1.1798721164464951,False
21,51,30,-1.1806884765625,False
96,137,41,-1.1818850696086884,False
27,131,104,-1.182112842798233,False
35,88,53,-1.182214868068695,False
29,89,60,-1.1825732678174972,False
46,96,50,-1.183124303817749,True
41,46,5,-1.1834808349609376,False
7,57,50,-1.1838598042726516,False
57,153,96,-1.1845475733280182,False
18,57,39,-1.184975004196167,False
31,96,65,-1.1853287160396575,False
104,122,18,-1.1861961215734482,False
54,93,39,-1.187263798713684,False
35,129,94,-1.1876677930355073,False
81,95,14,-1.1880688309669494,False
49,127,78,-1.1884958744049072,False
21,158,137,-1.1885827362537384,False
35,147,112,-1.1887926682829857,False
27,67,40,-1.1900180220603942,False
5,63,58,-1.1902711369097232,False
61,126,65,-1.1906968712806703,False
5,21,16,-1.1909574776887895,False
57,127,70,-1.1913346290588378,False
9,122,113,-1.191530030965805,False
64,126,62,-1.191609153151512,False
46,83,37,-1.1922751277685166,False
88,96,8,-1.1929761826992036,False
113,140,27,-1.193074095249176,False
46,131,85,-1.1934900641441346,False
45,61,16,-1.1942162841558457,False
54,139,85,-1.1942647457122804,False
96,156,60,-1.1949906945228577,False
24,100,76,-1.1953082382678986,False
96,155,59,-1.1958420276641846,False
46,140,94,-1.1972910463809967,False
20,44,24,-1.1974041491746903,False
5,81,76,-1.1974888473749161,False
43,84,41,-1.1977659583091735,False
11,54,43,-1.1977675795555114,False
2,151,149,-1.1983574151992797,False
54,112,58,-1.1989653944969176,False
7,100,93,-1.2000258088111877,False
31,151,120,-1.2001462996006012,False
6,15,9,-1.2004494786262512,False
59,123,64,-1.200717306137085,False
7,46,39,-1.2008546754717826,False
31,61,30,-1.2014336109161377,False
94,156,62,-1.201702105998993,False
43,67,24,-1.2020261108875274,False
71,115,44,-1.2031670451164245,False
11,35,24,-1.2033068120479584,False
53,122,69,-1.20337233543396,False
18,115,97,-1.2037064492702485,False
53,96,43,-1.2044685781002045,False
37,100,63,-1.2044961035251618,False
57,113,56,-1.2051428377628326,False
102,113,11,-1.2054686665534973,False
43,122,79,-1.2069072723388672,False
22,133,111,-1.207288035005331,False
7,42,35,-1.2073844909667968,False
79,95,16,-1.207546851038933,False
44,93,49,-1.2075835011899472,False
25,88,63,-1.2096082061529159,False
46,113,67,-1.2108606457710267,False
63,105,42,-1.2125874638557435,False
52,158,106,-1.2135262131690978,False
96,131,35,-1.2135263442993165,False
19,96,77,-1.213752743601799,False
35,49,14,-1.2141968607902527,False
44,104,60,-1.2145902812480927,False
35,126,91,-1.2149401307106018,False
54,150,96,-1.2160934180021286,False
14,145,131,-1.216676263511181,False
42,87,45,-1.2167259812355042,False
108,113,5,-1.2167552411556244,False
20,104,84,-1.2169393181800843,False
43,120,77,-1.2172409653663636,False
15,100,85,-1.2173534780740738,False
113,122,9,-1.2189793765544892,False
93,153,60,-1.2205599159002305,False
113,130,17,-1.220597580075264,False
32,60,28,-1.2223177909851075,False
5,52,47,-1.2231490015983582,False
1,41,40,-1.225406861305237,False
5,113,108,-1.22563778758049,False
46,105,59,-1.2263485074043274,False
95,115,20,-1.2271163165569305,False
22,83,61,-1.2275330245494842,False
5,14,9,-1.2277974963188172,False
24,122,98,-1.2282496094703674,False
31,125,94,-1.228483298420906,False
28,41,13,-1.228600250184536,False
42,62,20,-1.2297827780246735,True
57,89,32,-1.2307140618562697,False
20,77,57,-1.230794683098793,False
7,64,57,-1.2318201124668122,False
7,45,38,-1.233321636915207,False
104,113,9,-1.2337843954563141,False
53,113,60,-1.2340082705020905,False
15,139,124,-1.2344172030687333,False
21,156,135,-1.2344449371099473,False
45,77,32,-1.2350275337696075,False
55,96,41,-1.2356465935707093,False
35,113,78,-1.2357039853930474,False
5,32,27,-1.236231544613838,False
48,96,48,-1.2366475343704224,False
15,81,66,-1.2373285293579102,False
54,122,68,-1.2373582512140273,False
46,124,78,-1.2376138865947723,False
21,101,80,-1.237949714064598,False
32,122,90,-1.2383796393871307,False
105,113,8,-1.239645180106163,False
54,107,53,-1.2399487018585205,False
11,113,102,-1.2400383263826371,False
57,134,77,-1.2405133187770843,False
4,43,39,-1.2411047577857972,False
22,44,22,-1.2430391311645508,False
43,87,44,-1.243480485677719,False
7,96,89,-1.2436917141079902,False
27,70,43,-1.2437263816595077,False
15,152,137,-1.2438452914357185,False
21,108,87,-1.244244146347046,False
14,93,79,-1.2443876147270203,False
5,79,74,-1.2444114804267883,False
27,99,72,-1.245035469532013,False
14,107,93,-1.2453829228878022,False
57,83,26,-1.2456356585025787,False
70,96,26,-1.2457141041755677,False
46,82,36,-1.246116006374359,False
7,31,24,-1.2467228442430496,True
43,49,6,-1.2472976833581924,False
14,158,144,-1.2478145480155944,False
27,96,69,-1.2505604863166808,False
14,92,78,-1.2506194919347764,False
107,126,19,-1.250936073064804,False
44,158,114,-1.25132297873497,False
96,118,22,-1.2513507932424546,False
27,61,34,-1.2514726668596268,False
96,140,44,-1.2532490372657776,False
20,79,59,-1.2536694973707199,False
2,15,13,-1.2540518462657928,False
32,95,63,-1.255083182454109,False
57,78,21,-1.2554013550281524,False
37,54,17,-1.2558526158332826,False
95,148,53,-1.2565503358840941,False
54,158,104,-1.2566618204116822,False
43,149,106,-1.25756094455719,False
48,77,29,-1.258164495229721,False
18,87,69,-1.259359061717987,False
95,145,50,-1.2607316285371781,False
15,113,98,-1.260766613483429,False
24,31,7,-1.2613376140594483,False
62,115,53,-1.2616801232099533,False
48,93,45,-1.2631567597389222,False
57,115,58,-1.2633555293083192,False
43,91,48,-1.2635619163513183,False
42,100,58,-1.264027714729309,False
22,99,77,-1.2642346560955047,False
1,96,95,-1.2644028604030608,False
21,105,84,-1.2646561861038208,False
57,91,34,-1.2664977788925171,False
29,96,67,-1.266550487279892,False
18,126,108,-1.2672306776046753,False
64,100,36,-1.267559427022934,False
22,134,112,-1.2675759077072144,False
43,150,107,-1.268683558702469,False
14,41,27,-1.2692432880401612,False
43,66,23,-1.2705053448677064,False
57,101,44,-1.2710265517234802,False
5,115,110,-1.2711721360683441,False
14,43,29,-1.2718260288238525,False
43,60,17,-1.272186553478241,False
95,104,9,-1.2726696491241456,False
11,96,85,-1.2728156626224518,False
115,122,7,-1.274333107471466,False
43,72,29,-1.2754894316196441,False
56,113,57,-1.276087325811386,False
64,94,30,-1.2777898959815501,False
57,147,90,-1.2783754110336303,False
25,122,97,-1.2794517233967782,False
42,122,80,-1.2800761342048645,False
57,122,65,-1.280512946844101,False
15,89,74,-1.2810068130493164,False
35,89,54,-1.2814496219158173,False
15,62,47,-1.281670731306076,False
54,62,8,-1.2819231450557709,False
21,113,92,-1.2822824597358704,False
7,74,67,-1.2825672566890716,False
22,61,39,-1.282633763551712,False
22,125,103,-1.2838321030139923,False
28,96,68,-1.2840459942817688,False
15,132,117,-1.2846126139163971,False
96,122,26,-1.2858491957187652,False
91,122,31,-1.2863614320755006,False
5,77,72,-1.2864823043346405,False
35,93,58,-1.2865174636244774,False
35,44,9,-1.2876709699630737,False
18,37,19,-1.2890518188476563,False
21,96,75,-1.2892452389001847,False
43,104,61,-1.2893670052289963,False
7,84,77,-1.291510021686554,False
49,81,32,-1.2915975868701934,False
123,158,35,-1.2927125453948975,False
77,158,81,-1.29370197057724,False
43,143,100,-1.2943532586097717,False
48,54,6,-1.294994556903839,False
22,31,9,-1.2965145051479339,False
29,61,32,-1.2973906219005584,False
46,53,7,-1.2974960654973984,False
81,158,77,-1.2983977138996123,False
27,37,10,-1.2989709675312042,False
39,95,56,-1.2990800738334656,False
42,95,53,-1.2991431295871734,True
35,83,48,-1.2992488980293273,False
60,158,98,-1.3003274112939835,False
86,95,9,-1.3010470867156982,False
24,95,71,-1.3018366634845733,False
100,133,33,-1.3032052934169769,False
35,150,115,-1.3037948966026307,False
43,141,98,-1.3041179418563842,False
95,131,36,-1.305080807209015,False
2,96,94,-1.3050822496414185,False
27,134,107,-1.305276584625244,False
2,44,42,-1.3063196122646332,False
6,61,55,-1.306886726617813,False
94,124,30,-1.3070386528968811,False
40,81,41,-1.3073521435260773,False
54,96,42,-1.3080377727746964,False
64,133,69,-1.3090067744255065,False
15,69,54,-1.310411673784256,False
43,140,97,-1.3127727568149568,False
7,125,118,-1.3137945145368577,False
35,149,114,-1.3157330930233002,False
95,139,44,-1.3164895564317702,False
21,93,72,-1.316953080892563,False
64,115,51,-1.3175659626722336,False
41,53,12,-1.3183858036994933,False
4,27,23,-1.3186095535755158,False
96,153,57,-1.319182312488556,False
31,139,108,-1.320050185918808,False
15,74,59,-1.3201692938804626,False
7,105,98,-1.32019162774086,False
21,57,36,-1.3206823527812959,False
15,111,96,-1.3210174560546875,False
31,153,122,-1.322031056880951,False
15,39,24,-1.3228893876075745,False
23,31,8,-1.32297483086586,False
14,27,13,-1.3245849788188935,False
19,35,16,-1.325234866142273,False
32,43,11,-1.3252990126609803,False
20,158,138,-1.3256196051836013,False
61,125,64,-1.3269830524921418,False
120,133,13,-1.3275656402111053,False
54,115,61,-1.3282038509845733,False
107,113,6,-1.3303725361824035,False
40,115,75,-1.3313921749591828,False
22,35,13,-1.3325392782688141,False
43,136,93,-1.3327308416366577,False
54,92,38,-1.3336707592010497,False
54,82,28,-1.3339428275823593,False
27,123,96,-1.334264886379242,False
22,54,32,-1.334312504529953,False
54,95,41,-1.3347219586372376,False
35,77,42,-1.3356043636798858,False
55,60,5,-1.3365558803081512,False
96,102,6,-1.3371968388557434,False
11,49,38,-1.3372520834207535,False
54,127,73,-1.3373071447014808,False
42,102,60,-1.3379200577735901,False
95,137,42,-1.3380914568901061,False
96,150,54,-1.3382734879851341,False
43,75,32,-1.3383128762245178,False
22,94,72,-1.3397821485996246,False
31,100,69,-1.3400254756212235,False
64,96,32,-1.3402606546878815,False
18,93,75,-1.3407505631446839,False
81,122,41,-1.342054045200348,False
22,60,38,-1.3421112596988678,False
5,44,39,-1.3434400856494904,False
100,137,37,-1.3441622972488403,False
18,107,89,-1.3463595032691955,False
31,45,14,-1.348479115962982,False
20,47,27,-1.349207442998886,False
57,88,31,-1.3516654551029206,False
53,63,10,-1.3521082401275635,False
31,158,127,-1.3542626619338989,False
5,127,122,-1.3547592401504516,False
61,158,97,-1.3575857788324357,False
83,96,13,-1.357942134141922,False
14,157,143,-1.3586298286914826,False
63,159,96,-1.3618251234292984,False
45,115,70,-1.3628881633281709,False
14,90,76,-1.36304931640625,False
14,142,128,-1.3641765415668488,False
43,55,12,-1.3645613074302674,False
5,122,117,-1.3648284018039702,False
35,123,88,-1.366822862625122,False
96,145,49,-1.3668911933898926,False
27,78,51,-1.36818168759346,False
46,134,88,-1.3682868629693985,False
57,79,22,-1.3687287271022797,False
49,133,84,-1.3695748686790465,False
23,96,73,-1.3703998565673827,False
60,94,34,-1.3705222189426423,False
44,124,80,-1.37147399187088,False
52,95,43,-1.3715053081512452,False
42,96,54,-1.3716247260570527,True
14,124,110,-1.374005025625229,True
37,77,40,-1.3740148097276688,False
43,74,31,-1.3741268575191499,False
27,75,48,-1.3757626175880433,False
96,148,52,-1.3757765650749207,False
27,83,56,-1.3765966445207596,False
96,123,27,-1.3767091870307921,True
35,99,64,-1.3776793420314788,False
35,64,29,-1.378106477856636,False
31,126,95,-1.379227340221405,False
87,96,9,-1.3801322281360626,False
31,104,73,-1.3805399894714356,False
11,57,46,-1.3811188757419586,False
70,95,25,-1.3818598508834838,False
15,66,51,-1.3846893548965453,False
15,104,89,-1.387299007177353,False
32,158,126,-1.3899581134319305,False
15,93,78,-1.3910995721817017,False
15,126,111,-1.3912472069263457,False
84,95,11,-1.39139484167099,False
63,153,90,-1.3944523811340332,False
18,44,26,-1.3950848162174225,False
35,47,12,-1.39556342959404,False
14,57,43,-1.395877194404602,False
25,120,95,-1.3961127638816833,False
27,42,15,-1.3961589574813842,False
81,113,32,-1.3985497593879699,False
96,115,19,-1.4011574983596802,False
5,95,90,-1.4012248694896698,False
28,113,85,-1.4027017831802369,False
43,71,28,-1.4045744001865388,False
79,96,17,-1.4046047449111938,False
25,99,74,-1.4050285816192627,False
43,148,105,-1.405713391304016,False
43,69,26,-1.4060826480388642,False
63,133,70,-1.4062452912330627,False
7,122,115,-1.4062714129686356,False
44,55,11,-1.406410551071167,False
14,115,101,-1.408343094587326,False
41,133,92,-1.4091836929321289,False
48,113,65,-1.410337460041046,False
95,149,54,-1.4117009878158568,False
43,88,45,-1.4118114829063415,False
14,47,33,-1.4130374193191528,False
32,96,64,-1.4139463901519775,False
43,127,84,-1.414463809132576,False
49,77,28,-1.4162261694669724,False
29,122,93,-1.416906487941742,False
31,127,96,-1.417398464679718,False
15,64,49,-1.4229002356529237,False
22,108,86,-1.4230688750743865,False
15,115,100,-1.4241171717643737,False
43,137,94,-1.4242943346500396,False
49,96,47,-1.4246934413909913,False
5,15,10,-1.4254498481750488,False
95,106,11,-1.4257055044174194,False
27,140,113,-1.4273368835449218,False
31,64,33,-1.4283205032348634,False
27,159,132,-1.429081392288208,False
27,81,54,-1.430365079641342,False
53,95,42,-1.431568706035614,False
89,95,6,-1.4317547261714936,False
7,37,30,-1.4327210664749146,False
15,83,68,-1.4331382036209106,False
35,158,123,-1.4342659950256347,False
43,89,46,-1.4361366391181947,False
20,133,113,-1.436186134815216,False
57,96,39,-1.4388187050819397,False
60,100,40,-1.438901549577713,False
95,153,58,-1.4422731161117555,False
43,102,59,-1.4430620789527893,False
43,139,96,-1.44446542263031,False
71,96,25,-1.4446702003479004,False
14,31,17,-1.4498122453689575,False
35,131,96,-1.4502131581306457,False
43,134,91,-1.450238262116909,False
20,42,22,-1.4510295748710633,False
15,75,60,-1.4510386526584624,False
43,53,10,-1.4521883010864258,False
88,95,7,-1.452538976073265,False
18,31,13,-1.4560095489025116,False
61,124,63,-1.4596425890922546,False
14,71,57,-1.4617550253868103,False
113,133,20,-1.4631995558738708,False
15,133,118,-1.4649655401706696,False
49,71,22,-1.465015035867691,False
52,96,44,-1.4661100685596467,False
14,95,81,-1.4733083069324493,False
29,113,84,-1.4737939476966857,False
27,62,35,-1.475704938173294,False
82,96,14,-1.4764548897743226,False
24,46,22,-1.477690690755844,False
15,60,45,-1.4790219008922576,False
22,57,35,-1.479189682006836,False
15,107,92,-1.4806399583816527,False
28,158,130,-1.4827133119106293,False
33,96,63,-1.4835628747940064,False
62,70,8,-1.4840129733085632,False
83,113,30,-1.484129363298416,False
7,53,46,-1.4854825377464294,False
15,61,46,-1.4894440174102783,False
43,86,43,-1.490049159526825,False
31,115,84,-1.490977668762207,False
46,126,80,-1.4940737009048461,False
15,42,27,-1.494792652130127,False
99,113,14,-1.4958837866783141,False
95,118,23,-1.4974013805389403,False
2,57,55,-1.4982546150684357,False
126,158,32,-1.4999178767204284,False
21,61,40,-1.500095123052597,False
5,64,59,-1.5044674277305603,False
31,79,48,-1.5066630721092225,False
70,100,30,-1.509823977947235,False
2,14,12,-1.509922021627426,False
64,113,49,-1.5100996136665343,False
15,46,31,-1.510461938381195,False
31,136,105,-1.5171220898628235,False
15,150,135,-1.5199161529541017,False
31,105,74,-1.5229102611541747,False
27,46,19,-1.5240713357925415,False
22,122,100,-1.5242285668849944,False
27,86,59,-1.524657553434372,False
5,96,91,-1.5259371042251586,False
43,132,89,-1.5261189877986907,False
11,95,84,-1.5262517273426055,False
22,156,134,-1.5278111934661864,False
61,100,39,-1.5290610671043396,False
49,113,64,-1.5293099343776704,False
19,113,94,-1.5297947645187377,False
19,43,24,-1.5313050985336303,False
31,83,52,-1.5336073637008667,False
18,35,17,-1.534387117624283,False
27,66,39,-1.5384502112865448,False
20,65,45,-1.5423946976661682,False
15,53,38,-1.546713924407959,False
54,125,71,-1.5488005995750427,False
35,100,65,-1.5504672288894654,False
33,95,62,-1.551921308040619,False
57,77,20,-1.5527061820030212,False
14,99,85,-1.5561691880226136,False
11,27,16,-1.5580264568328857,False
45,96,51,-1.5586704015731812,True
23,43,20,-1.562457910180092,False
35,127,92,-1.5654928088188171,False
14,126,112,-1.5657672166824341,False
2,54,52,-1.570303636789322,False
15,77,62,-1.5734103918075562,False
14,42,28,-1.5738721013069152,False
43,118,75,-1.5749786376953125,False
64,158,94,-1.5789750337600708,False
71,95,24,-1.5794561505317688,False
113,126,13,-1.5885506987571716,False
42,79,37,-1.5887570977210999,False
35,122,87,-1.5909755110740662,False
7,14,7,-1.5998938083648682,True
15,145,130,-1.606234249472618,False
27,54,27,-1.6074313402175904,False
37,42,5,-1.6085095971822738,False
20,70,50,-1.6146451592445374,False
32,113,81,-1.6223742365837097,False
7,35,28,-1.6228597223758698,False
95,127,32,-1.623497223854065,False
7,61,54,-1.6239573538303376,False
14,23,9,-1.6280473172664642,False
87,95,8,-1.6289857745170593,False
20,61,41,-1.6299095153808594,False
35,62,27,-1.634190607070923,False
15,99,84,-1.634351134300232,False
61,115,54,-1.636306893825531,False
55,61,6,-1.6386127471923828,False
46,104,58,-1.6467066347599029,False
15,122,107,-1.6512131333351134,False
15,86,71,-1.665133184194565,False
35,145,110,-1.6728828430175782,False
14,20,6,-1.7015679717063903,False
100,122,22,-1.7072999358177186,False
123,133,10,-1.7198528051376343,False
37,46,9,-1.7535008192062378,False
54,126,72,-1.7798444032669067,False
15,55,40,-1.7892112135887146,False
22,46,24,-1.8017332315444947,False
